-0.000000000000000000e+00 -0.000000000000000000e+00 -0.000000000000000000e+00 -0.000000000000000000e+00 -0.000000000000000000e+00 -0.000000000000000000e+00 1.000000000000000000e+00
-0.000000000000000000e+00 -0.000000000000000000e+00 -0.000000000000000000e+00 -0.000000000000000000e+00 -0.000000000000000000e+00 -0.000000000000000000e+00 1.000000000000000000e+00
1.273397635668516159e-02 1.738496124744415283e-02 2.241479419171810150e-02 -3.689780598506331444e-03 1.039455062709748745e-03 -3.131724428385496140e-03 9.999877810478210449e-01
1.273397635668516159e-02 1.738496124744415283e-02 2.241479419171810150e-02 -3.689780598506331444e-03 1.039455062709748745e-03 -3.131724428385496140e-03 9.999877810478210449e-01
2.500046417117118835e-02 3.232686221599578857e-02 4.168952628970146179e-02 -7.203707937151193619e-03 5.600627977401018143e-03 -6.287523079663515091e-03 9.999386668205261230e-01
2.500046417117118835e-02 3.232686221599578857e-02 4.168952628970146179e-02 -7.203707937151193619e-03 5.600627977401018143e-03 -6.287523079663515091e-03 9.999386668205261230e-01
3.984369710087776184e-02 4.169291257858276367e-02 6.232319027185440063e-02 -1.250561513006687164e-02 1.223083585500717163e-02 -1.009462773799896240e-02 9.997960925102233887e-01
3.984369710087776184e-02 4.169291257858276367e-02 6.232319027185440063e-02 -1.250561513006687164e-02 1.223083585500717163e-02 -1.009462773799896240e-02 9.997960925102233887e-01
5.647517740726470947e-02 5.445832759141921997e-02 8.118822425603866577e-02 -1.611281558871269226e-02 1.917416974902153015e-02 -1.516442932188510895e-02 9.995713233947753906e-01
5.647517740726470947e-02 5.445832759141921997e-02 8.118822425603866577e-02 -1.611281558871269226e-02 1.917416974902153015e-02 -1.516442932188510895e-02 9.995713233947753906e-01
6.691244244575500488e-02 6.363808363676071167e-02 9.813420474529266357e-02 -2.126900106668472290e-02 3.119769506156444550e-02 -2.232953906059265137e-02 9.990373849868774414e-01
6.691244244575500488e-02 6.363808363676071167e-02 9.813420474529266357e-02 -2.126900106668472290e-02 3.119769506156444550e-02 -2.232953906059265137e-02 9.990373849868774414e-01
7.868078351020812988e-02 7.370769232511520386e-02 1.143623888492584229e-01 -2.590391226112842560e-02 4.275532066822052002e-02 -2.937543764710426331e-02 9.983176589012145996e-01
7.868078351020812988e-02 7.370769232511520386e-02 1.143623888492584229e-01 -2.590391226112842560e-02 4.275532066822052002e-02 -2.937543764710426331e-02 9.983176589012145996e-01
8.881311863660812378e-02 8.198289573192596436e-02 1.285662800073623657e-01 -3.044736571609973907e-02 5.488827079534530640e-02 -3.718734905123710632e-02 9.973351955413818359e-01
9.592166543006896973e-02 8.714277297258377075e-02 1.371570229530334473e-01 -3.256236761808395386e-02 6.015165522694587708e-02 -4.033062979578971863e-02 9.968425035476684570e-01
1.026708409190177917e-01 9.288472682237625122e-02 1.451755315065383911e-01 -3.397309407591819763e-02 6.537764519453048706e-02 -4.422119259834289551e-02 9.963011741638183594e-01
1.102637797594070435e-01 9.855442494153976440e-02 1.509966850280761719e-01 -3.475013002753257751e-02 7.052315771579742432e-02 -4.714164137840270996e-02 9.957894682884216309e-01
1.265520602464675903e-01 1.080524176359176636e-01 1.577470600605010986e-01 -3.233529999852180481e-02 6.432317197322845459e-02 -4.588560014963150024e-02 9.963490962982177734e-01
1.370663195848464966e-01 1.131119951605796814e-01 1.650151461362838745e-01 -3.347730264067649841e-02 6.775900721549987793e-02 -4.779019206762313843e-02 9.959940314292907715e-01
1.475089192390441895e-01 1.167736873030662537e-01 1.704777181148529053e-01 -3.409858420491218567e-02 7.132967561483383179e-02 -4.781524464488029480e-02 9.957224130630493164e-01
1.600000560283660889e-01 1.223944202065467834e-01 1.761608421802520752e-01 -3.397933766245841980e-02 7.499408721923828125e-02 -4.653535410761833191e-02 9.955178499221801758e-01
1.761105507612228394e-01 1.278138607740402222e-01 1.781406998634338379e-01 -3.297425806522369385e-02 7.664293050765991211e-02 -4.491960257291793823e-02 9.955003261566162109e-01
1.914426535367965698e-01 1.346513181924819946e-01 1.830562204122543335e-01 -3.171449154615402222e-02 7.728563249111175537e-02 -4.268364235758781433e-02 9.955899119377136230e-01
2.068363577127456665e-01 1.376319825649261475e-01 1.875487864017486572e-01 -3.003006614744663239e-02 7.754215598106384277e-02 -4.131217300891876221e-02 9.956800937652587891e-01
2.253648042678833008e-01 1.368349194526672363e-01 1.935006827116012573e-01 -2.898447588086128235e-02 7.598544657230377197e-02 -4.028146713972091675e-02 9.958732724189758301e-01
2.416884303092956543e-01 1.390419900417327881e-01 2.022551447153091431e-01 -2.799673937261104584e-02 7.528528571128845215e-02 -3.933564573526382446e-02 9.959925413131713867e-01
2.400430589914321899e-01 1.437257230281829834e-01 2.198269218206405640e-01 -2.556310221552848816e-02 7.330461591482162476e-02 -3.935896232724189758e-02 9.962047934532165527e-01
2.560442388057708740e-01 1.455985903739929199e-01 2.269000411033630371e-01 -2.487112022936344147e-02 7.330051064491271973e-02 -3.825191035866737366e-02 9.962656497955322266e-01
2.706254720687866211e-01 1.493687629699707031e-01 2.334260940551757812e-01 -2.430010586977005005e-02 7.372420281171798706e-02 -3.725860267877578735e-02 9.962861537933349609e-01
2.869130373001098633e-01 1.546305865049362183e-01 2.385474294424057007e-01 -2.312440238893032074e-02 7.378711551427841187e-02 -3.602613136172294617e-02 9.963547587394714355e-01
3.022375106811523438e-01 1.588423997163772583e-01 2.449514120817184448e-01 -2.253629453480243683e-02 7.447445392608642578e-02 -3.521958366036415100e-02 9.963459372520446777e-01
3.127710521221160889e-01 1.663433313369750977e-01 2.558723986148834229e-01 -2.208060584962368011e-02 7.534631341695785522e-02 -3.583859652280807495e-02 9.962685704231262207e-01
3.187752962112426758e-01 1.754917502403259277e-01 2.686818242073059082e-01 -2.180921845138072968e-02 7.548596709966659546e-02 -3.593460470438003540e-02 9.962605237960815430e-01
3.200475275516510010e-01 1.837354302406311035e-01 2.807499468326568604e-01 -2.210278250277042389e-02 7.548956573009490967e-02 -3.589812666177749634e-02 9.962550997734069824e-01
3.207415342330932617e-01 1.936832517385482788e-01 2.953195571899414062e-01 -2.328018285334110260e-02 7.505501806735992432e-02 -3.585128858685493469e-02 9.962627887725830078e-01
3.124375343322753906e-01 2.080231159925460815e-01 3.119258284568786621e-01 -2.196874283254146576e-02 7.450100779533386230e-02 -3.617802634835243225e-02 9.963223338127136230e-01
3.135093748569488525e-01 2.176242768764495850e-01 3.245385587215423584e-01 -2.233701758086681366e-02 7.379306852817535400e-02 -3.725276887416839600e-02 9.963272213935852051e-01
3.146738708019256592e-01 2.285512238740921021e-01 3.378576040267944336e-01 -2.254241704940795898e-02 7.314624637365341187e-02 -3.746412321925163269e-02 9.963623285293579102e-01
3.151844441890716553e-01 2.399642616510391235e-01 3.506565690040588379e-01 -2.227883785963058472e-02 7.373977452516555786e-02 -3.800668939948081970e-02 9.963039755821228027e-01
3.171192705631256104e-01 2.512133121490478516e-01 3.629906177520751953e-01 -2.245218493044376373e-02 7.308217883110046387e-02 -3.767153993248939514e-02 9.963612556457519531e-01
3.195982873439788818e-01 2.616122961044311523e-01 3.769295811653137207e-01 -2.406751923263072968e-02 7.114022225141525269e-02 -3.920327126979827881e-02 9.964050054550170898e-01
3.219391405582427979e-01 2.718418240547180176e-01 3.852839171886444092e-01 -2.356857806444168091e-02 7.183500379323959351e-02 -3.983072564005851746e-02 9.963422417640686035e-01
3.240591585636138916e-01 2.837143242359161377e-01 3.952997624874114990e-01 -2.277683094143867493e-02 7.290416210889816284e-02 -3.796592354774475098e-02 9.963557720184326172e-01
3.254924714565277100e-01 2.860926389694213867e-01 4.034904837608337402e-01 -2.680332958698272705e-02 7.007134705781936646e-02 -4.496551677584648132e-02 9.961675405502319336e-01
3.276634812355041504e-01 2.957902252674102783e-01 4.142458140850067139e-01 -2.755279466509819031e-02 7.017797976732254028e-02 -4.526487365365028381e-02 9.961259961128234863e-01
3.291159868240356445e-01 3.060698807239532471e-01 4.253109991550445557e-01 -2.775770612061023712e-02 7.051290571689605713e-02 -4.547069221735000610e-02 9.960873126983642578e-01
3.306987285614013672e-01 3.146384656429290771e-01 4.331424534320831299e-01 -2.709324099123477936e-02 7.076908648014068604e-02 -4.537219181656837463e-02 9.960919022560119629e-01
3.331643640995025635e-01 3.240731358528137207e-01 4.428170621395111084e-01 -2.765078656375408173e-02 6.944474577903747559e-02 -4.399075359106063843e-02 9.962317347526550293e-01
3.321630060672760010e-01 3.330463469028472900e-01 4.534073472023010254e-01 -2.780637331306934357e-02 7.099714875221252441e-02 -4.420271143317222595e-02 9.961085915565490723e-01
3.337418138980865479e-01 3.416123688220977783e-01 4.640883803367614746e-01 -2.752882242202758789e-02 7.034903019666671753e-02 -4.505395889282226562e-02 9.961241483688354492e-01
3.305092453956604004e-01 3.366563916206359863e-01 4.671188890933990479e-01 -3.829148411750793457e-02 7.342422753572463989e-02 -5.537200719118118286e-02 9.950259327888488770e-01
3.310065269470214844e-01 3.436743617057800293e-01 4.754332602024078369e-01 -3.822496160864830017e-02 7.351528853178024292e-02 -5.537237226963043213e-02 9.950217604637145996e-01
3.312836289405822754e-01 3.502421975135803223e-01 4.837517738342285156e-01 -3.785329312086105347e-02 7.345749437808990479e-02 -5.557316914200782776e-02 9.950290322303771973e-01
3.309085071086883545e-01 3.567998409271240234e-01 4.933916330337524414e-01 -3.814853355288505554e-02 7.347497344017028809e-02 -5.559491738677024841e-02 9.950152635574340820e-01
3.309095799922943115e-01 3.632187247276306152e-01 5.028591752052307129e-01 -3.810046985745429993e-02 7.324793934822082520e-02 -5.495394766330718994e-02 9.950694441795349121e-01
3.297327756881713867e-01 3.688407242298126221e-01 5.117101073265075684e-01 -3.806983307003974915e-02 7.384776324033737183e-02 -5.446083843708038330e-02 9.950534105300903320e-01
3.297774195671081543e-01 3.730472326278686523e-01 5.195564627647399902e-01 -3.958079218864440918e-02 7.169906795024871826e-02 -5.712484940886497498e-02 9.950022697448730469e-01
3.267332911491394043e-01 3.763767182826995850e-01 5.248633623123168945e-01 -3.885386511683464050e-02 7.501602917909622192e-02 -5.812006443738937378e-02 9.947286844253540039e-01
3.251682221889495850e-01 3.794032335281372070e-01 5.358353257179260254e-01 -3.885276615619659424e-02 7.318919897079467773e-02 -5.635448545217514038e-02 9.949663281440734863e-01
3.309402465820312500e-01 3.901220858097076416e-01 5.353586673736572266e-01 -2.076022513210773468e-02 6.261409819126129150e-02 -3.297321498394012451e-02 9.972769618034362793e-01
3.290324211120605469e-01 3.951539695262908936e-01 5.422546267509460449e-01 -1.760948263108730316e-02 6.145735085010528564e-02 -2.639928832650184631e-02 9.976051449775695801e-01
3.294732570648193359e-01 4.011553525924682617e-01 5.495578646659851074e-01 -1.434733066707849503e-02 5.463469401001930237e-02 -1.406301371753215790e-02 9.983043670654296875e-01
3.317912817001342773e-01 4.050872623920440674e-01 5.543318986892700195e-01 -1.202069781720638275e-02 4.478744789958000183e-02 -1.628190628252923489e-03 9.989229440689086914e-01
3.318045735359191895e-01 4.090590775012969971e-01 5.601869821548461914e-01 -9.973037987947463989e-03 3.593360632658004761e-02 1.130563858896493912e-02 9.992405176162719727e-01
3.307282030582427979e-01 4.147068262100219727e-01 5.685465931892395020e-01 -6.059206556528806686e-03 2.956583723425865173e-02 2.350789494812488556e-02 9.992680549621582031e-01
3.318715691566467285e-01 4.186733961105346680e-01 5.751403570175170898e-01 -5.268038716167211533e-03 1.797436922788619995e-02 3.655423596501350403e-02 9.991561174392700195e-01
3.330632448196411133e-01 4.239082634449005127e-01 5.819696784019470215e-01 -2.291518030688166618e-03 4.684907849878072739e-03 4.893418774008750916e-02 9.987884163856506348e-01
3.305120468139648438e-01 4.286352396011352539e-01 5.876057744026184082e-01 -4.268507764209061861e-04 7.188745774328708649e-03 6.015451997518539429e-02 9.981631040573120117e-01
3.310035169124603271e-01 4.336271882057189941e-01 5.938656330108642578e-01 1.580305164679884911e-03 -6.718508084304630756e-04 7.279461622238159180e-02 9.973455071449279785e-01
3.318285644054412842e-01 4.390541613101959229e-01 6.004132628440856934e-01 3.567343344911932945e-03 -9.868682362139225006e-03 8.523403853178024292e-02 9.963057041168212891e-01
3.314827680587768555e-01 4.448761641979217529e-01 6.083228588104248047e-01 5.440021399408578873e-03 -1.668121293187141418e-02 9.586346894502639771e-02 9.952398538589477539e-01
3.312597274780273438e-01 4.505720138549804688e-01 6.161828041076660156e-01 7.247170899063348770e-03 -2.248354814946651459e-02 1.064871549606323242e-01 9.940334558486938477e-01
3.317139446735382080e-01 4.560102820396423340e-01 6.231157779693603516e-01 8.554875850677490234e-03 -2.915262617170810699e-02 1.150971129536628723e-01 9.928895235061645508e-01
3.326135575771331787e-01 4.598990976810455322e-01 6.275216937065124512e-01 1.057002507150173187e-02 -3.717054054141044617e-02 1.231904402375221252e-01 9.916303753852844238e-01
3.328188359737396240e-01 4.656946063041687012e-01 6.350215077400207520e-01 1.183272339403629303e-02 -4.321002587676048279e-02 1.308667957782745361e-01 9.903872609138488770e-01
3.332343995571136475e-01 4.717408716678619385e-01 6.425341963768005371e-01 1.291939057409763336e-02 -4.896892979741096497e-02 1.375118494033813477e-01 9.892045855522155762e-01
3.332857787609100342e-01 4.779999554157257080e-01 6.502984166145324707e-01 1.475266087800264359e-02 -5.321223288774490356e-02 1.421272009611129761e-01 9.883069992065429688e-01
3.337886035442352295e-01 4.839201271533966064e-01 6.581276655197143555e-01 1.546773314476013184e-02 -5.685451999306678772e-02 1.442257165908813477e-01 9.877890944480895996e-01
3.329456746578216553e-01 4.882212579250335693e-01 6.673832535743713379e-01 1.482684258371591568e-02 -6.092347949743270874e-02 1.439741700887680054e-01 9.875930547714233398e-01
3.333134651184082031e-01 4.947580397129058838e-01 6.752195358276367188e-01 -2.133273710569483228e-06 -6.712812930345535278e-02 1.424446851015090942e-01 9.875238537788391113e-01
3.333031237125396729e-01 5.019175410270690918e-01 6.847072839736938477e-01 -1.796418987214565277e-02 -7.310893386602401733e-02 1.389141529798507690e-01 9.874387979507446289e-01
3.329250514507293701e-01 5.083974003791809082e-01 6.936594247817993164e-01 -3.777035325765609741e-02 -7.801055908203125000e-02 1.317029446363449097e-01 9.874928593635559082e-01
3.325617015361785889e-01 5.158599615097045898e-01 7.022330760955810547e-01 -5.965131521224975586e-02 -8.271738141775131226e-02 1.246015429496765137e-01 9.869519472122192383e-01
3.332319259643554688e-01 5.219579339027404785e-01 7.106913924217224121e-01 -8.331091701984405518e-02 -8.795113116502761841e-02 1.161724701523780823e-01 9.858133196830749512e-01
3.310181796550750732e-01 5.283012986183166504e-01 7.215875387191772461e-01 -1.090069562196731567e-01 -9.223263710737228394e-02 1.067848280072212219e-01 9.839754104614257812e-01
3.248167335987091064e-01 5.365809798240661621e-01 7.343883514404296875e-01 -1.351073533296585083e-01 -9.570421278476715088e-02 9.553045034408569336e-02 9.815602898597717285e-01
3.229506015777587891e-01 5.432909727096557617e-01 7.445799708366394043e-01 -1.625331044197082520e-01 -1.000964567065238953e-01 8.454521000385284424e-02 9.779651761054992676e-01
3.192824721336364746e-01 5.501738786697387695e-01 7.551947832107543945e-01 -1.898358762264251709e-01 -1.038708835840225220e-01 7.267595082521438599e-02 9.735971689224243164e-01
3.170499503612518311e-01 5.573374629020690918e-01 7.659177780151367188e-01 -2.174035608768463135e-01 -1.082405373454093933e-01 6.078683212399482727e-02 9.681553244590759277e-01
3.150542080402374268e-01 5.643192529678344727e-01 7.753219604492187500e-01 -2.445304542779922485e-01 -1.123303622007369995e-01 4.890005290508270264e-02 9.618708491325378418e-01
3.116137683391571045e-01 5.707511305809020996e-01 7.867549657821655273e-01 -2.717674970626831055e-01 -1.168190613389015198e-01 3.791006281971931458e-02 9.544938802719116211e-01
3.089081048965454102e-01 5.769568681716918945e-01 7.973653674125671387e-01 -2.982607483863830566e-01 -1.215590462088584900e-01 2.767701819539070129e-02 9.463075399398803711e-01
3.052835464477539062e-01 5.839012265205383301e-01 8.091008067131042480e-01 -3.239878118038177490e-01 -1.260744780302047729e-01 1.780788414180278778e-02 9.374540448188781738e-01
3.028715252876281738e-01 5.900829434394836426e-01 8.182253837585449219e-01 -3.479069471359252930e-01 -1.311226636171340942e-01 9.657136164605617523e-03 9.282642006874084473e-01
2.988608777523040771e-01 5.965756773948669434e-01 8.296130895614624023e-01 -3.710671067237854004e-01 -1.360225975513458252e-01 2.064987085759639740e-03 9.185874462127685547e-01
2.958322465419769287e-01 6.027584075927734375e-01 8.408001661300659180e-01 -3.925096094608306885e-01 -1.415992081165313721e-01 -3.245248692110180855e-03 9.087768793106079102e-01
2.925648987293243408e-01 6.086924076080322266e-01 8.517772555351257324e-01 -4.120545983314514160e-01 -1.474385708570480347e-01 -6.975673139095306396e-03 8.991242051124572754e-01
2.887722253799438477e-01 6.154419183731079102e-01 8.634573817253112793e-01 -4.295669794082641602e-01 -1.535070836544036865e-01 -8.548753336071968079e-03 8.898509740829467773e-01
2.850952148437500000e-01 6.216549873352050781e-01 8.751624822616577148e-01 -4.449482262134552002e-01 -1.603796333074569702e-01 -8.572155609726905823e-03 8.810368776321411133e-01
2.812862992286682129e-01 6.283566951751708984e-01 8.872190713882446289e-01 -4.579249620437622070e-01 -1.677500754594802856e-01 -5.403692834079265594e-03 8.730037212371826172e-01
2.770584523677825928e-01 6.347093582153320312e-01 8.993483781814575195e-01 -4.686542749404907227e-01 -1.755803823471069336e-01 -6.525320932269096375e-04 8.657565116882324219e-01
2.727112770080566406e-01 6.409705281257629395e-01 9.102725982666015625e-01 -4.765419661998748779e-01 -1.840411573648452759e-01 6.419971585273742676e-03 8.596484661102294922e-01
2.684330046176910400e-01 6.474210023880004883e-01 9.224740266799926758e-01 -4.828184247016906738e-01 -1.928890645503997803e-01 1.569953560829162598e-02 8.540689945220947266e-01
2.638591825962066650e-01 6.538937091827392578e-01 9.348832368850708008e-01 -4.871491491794586182e-01 -2.021079659461975098e-01 2.717521600425243378e-02 8.491758704185485840e-01
2.592737674713134766e-01 6.604099273681640625e-01 9.474200606346130371e-01 -4.895178079605102539e-01 -2.120840400457382202e-01 4.022480919957160950e-02 8.448519110679626465e-01
2.535847425460815430e-01 6.664170622825622559e-01 9.591929316520690918e-01 -4.895914793014526367e-01 -2.218821197748184204e-01 5.398332700133323669e-02 8.415190577507019043e-01
2.476861029863357544e-01 6.726651787757873535e-01 9.718930125236511230e-01 -4.881431460380554199e-01 -2.321210354566574097e-01 6.958351284265518188e-02 8.384475708007812500e-01
2.418512403964996338e-01 6.785092949867248535e-01 9.843806624412536621e-01 -4.851427972316741943e-01 -2.426624894142150879e-01 8.672514557838439941e-02 8.356017470359802246e-01
2.342549860477447510e-01 6.840050220489501953e-01 9.965474009513854980e-01 -4.804833829402923584e-01 -2.530404627323150635e-01 1.041007936000823975e-01 8.332282900810241699e-01
2.261936664581298828e-01 6.894866228103637695e-01 1.008668661117553711e+00 -4.739801585674285889e-01 -2.637438774108886719e-01 1.228371858596801758e-01 8.310794830322265625e-01
2.174939811229705811e-01 6.943444013595581055e-01 1.020593166351318359e+00 -4.661124944686889648e-01 -2.746321558952331543e-01 1.425841152667999268e-01 8.288462162017822266e-01
2.069478631019592285e-01 6.993000507354736328e-01 1.031574487686157227e+00 -4.562871754169464111e-01 -2.856983244419097900e-01 1.626911759376525879e-01 8.268676996231079102e-01
1.950102448463439941e-01 7.034801244735717773e-01 1.041324138641357422e+00 -4.450856447219848633e-01 -2.962879538536071777e-01 1.829169988632202148e-01 8.250173926353454590e-01
1.832790970802307129e-01 7.091699242591857910e-01 1.050329685211181641e+00 -4.324824810028076172e-01 -3.067150115966796875e-01 2.035087943077087402e-01 8.230850100517272949e-01
1.728106737136840820e-01 7.174904942512512207e-01 1.059507131576538086e+00 -4.187911748886108398e-01 -3.171763718128204346e-01 2.238872796297073364e-01 8.209065794944763184e-01
1.621824502944946289e-01 7.230489253997802734e-01 1.069710373878479004e+00 -4.039947688579559326e-01 -3.272860050201416016e-01 2.441957741975784302e-01 8.185600638389587402e-01
1.513202190399169922e-01 7.272973060607910156e-01 1.079585909843444824e+00 -3.885821104049682617e-01 -3.371849060058593750e-01 2.644689977169036865e-01 8.156999945640563965e-01
1.402219533920288086e-01 7.311103343963623047e-01 1.088979482650756836e+00 -3.717911839485168457e-01 -3.468289375305175781e-01 2.840313315391540527e-01 8.129005432128906250e-01
1.297108530998229980e-01 7.344635725021362305e-01 1.097806453704833984e+00 -3.547411859035491943e-01 -3.557556271553039551e-01 3.028582036495208740e-01 8.098602294921875000e-01
1.194130778312683105e-01 7.380957007408142090e-01 1.106166124343872070e+00 -3.367893099784851074e-01 -3.647294044494628906e-01 3.209937810897827148e-01 8.065410256385803223e-01
1.092170476913452148e-01 7.413247227668762207e-01 1.114076375961303711e+00 -3.186233043670654297e-01 -3.729800879955291748e-01 3.383478820323944092e-01 8.030477762222290039e-01
9.911555051803588867e-02 7.449546456336975098e-01 1.121574401855468750e+00 -2.994278371334075928e-01 -3.809654414653778076e-01 3.548708856105804443e-01 7.995467185974121094e-01
8.939719200134277344e-02 7.484934926033020020e-01 1.128685235977172852e+00 -2.800123691558837891e-01 -3.886105120182037354e-01 3.707699775695800781e-01 7.956786751747131348e-01
7.964748144149780273e-02 7.519268393516540527e-01 1.135230064392089844e+00 -2.591072022914886475e-01 -3.964686095714569092e-01 3.836871087551116943e-01 7.927548885345458984e-01
7.035660743713378906e-02 7.549700736999511719e-01 1.141868591308593750e+00 -2.381405085325241089e-01 -4.040778279304504395e-01 3.947453200817108154e-01 7.900546789169311523e-01
6.146949529647827148e-02 7.578460574150085449e-01 1.147790431976318359e+00 -2.173537462949752808e-01 -4.108815491199493408e-01 4.058069586753845215e-01 7.869272828102111816e-01
5.253547430038452148e-02 7.604309320449829102e-01 1.153280615806579590e+00 -1.967842578887939453e-01 -4.168948233127593994e-01 4.171306490898132324e-01 7.832475900650024414e-01
4.382073879241943359e-02 7.638155817985534668e-01 1.158954381942749023e+00 -1.763328313827514648e-01 -4.227960109710693359e-01 4.285787045955657959e-01 7.787622809410095215e-01
3.552150726318359375e-02 7.666656970977783203e-01 1.164103746414184570e+00 -1.566797494888305664e-01 -4.279702305793762207e-01 4.395977556705474854e-01 7.739811539649963379e-01
2.754342555999755859e-02 7.691078782081604004e-01 1.168248176574707031e+00 -1.376436203718185425e-01 -4.326158463954925537e-01 4.504671692848205566e-01 7.687504291534423828e-01
1.966702938079833984e-02 7.710313200950622559e-01 1.171297788619995117e+00 -1.197492331266403198e-01 -4.370326399803161621e-01 4.609661698341369629e-01 7.630025148391723633e-01
1.308345794677734375e-02 7.720140218734741211e-01 1.173812389373779297e+00 -1.026543900370597839e-01 -4.411713480949401855e-01 4.710974991321563721e-01 7.568997144699096680e-01
5.715966224670410156e-03 7.735165953636169434e-01 1.176867485046386719e+00 -8.629316091537475586e-02 -4.452059864997863770e-01 4.808195233345031738e-01 7.504383325576782227e-01
-2.118825912475585938e-03 7.742810249328613281e-01 1.178829789161682129e+00 -7.031106203794479370e-02 -4.483624696731567383e-01 4.899223148822784424e-01 7.443142533302307129e-01
-1.041316986083984375e-02 7.767213582992553711e-01 1.181378722190856934e+00 -5.443480983376502991e-02 -4.522289037704467773e-01 4.997147917747497559e-01 7.367571592330932617e-01
-1.649582386016845703e-02 7.785445451736450195e-01 1.183511495590209961e+00 -3.904981911182403564e-02 -4.557902812957763672e-01 5.071249008178710938e-01 7.304483652114868164e-01
-2.154302597045898438e-02 7.809431552886962891e-01 1.185782670974731445e+00 -2.400123141705989838e-02 -4.596703648567199707e-01 5.136948227882385254e-01 7.240474224090576172e-01
-2.711081504821777344e-02 7.812522649765014648e-01 1.187087535858154297e+00 -1.023465301841497421e-02 -4.626424908638000488e-01 5.194922089576721191e-01 7.183210849761962891e-01
-3.278434276580810547e-02 7.830769419670104980e-01 1.189216136932373047e+00 2.773548010736703873e-03 -4.660738408565521240e-01 5.252874493598937988e-01 7.119274735450744629e-01
-3.732061386108398438e-02 7.841722369194030762e-01 1.190706610679626465e+00 4.491067491471767426e-03 -4.725957810878753662e-01 5.248832106590270996e-01 7.079059481620788574e-01
-4.201185703277587891e-02 7.854480743408203125e-01 1.191946625709533691e+00 5.862313788384199142e-03 -4.786545336246490479e-01 5.251412391662597656e-01 7.036207914352416992e-01
-4.758453369140625000e-02 7.862693667411804199e-01 1.193728089332580566e+00 7.586286868900060654e-03 -4.845834970474243164e-01 5.250608921051025391e-01 6.995944976806640625e-01
-4.976725578308105469e-02 7.861703038215637207e-01 1.195271253585815430e+00 8.243107236921787262e-03 -4.906097948551177979e-01 5.248417854309082031e-01 6.955395936965942383e-01
-5.479145050048828125e-02 7.880540490150451660e-01 1.197294712066650391e+00 9.773160330951213837e-03 -4.956495761871337891e-01 5.256489515304565430e-01 6.913242936134338379e-01
-5.798459053039550781e-02 7.879052758216857910e-01 1.198603153228759766e+00 1.066020876169204712e-02 -5.002339482307434082e-01 5.254902839660644531e-01 6.881223320960998535e-01
-5.946218967437744141e-02 7.881272435188293457e-01 1.199886918067932129e+00 1.131919398903846741e-02 -5.047699809074401855e-01 5.255084633827209473e-01 6.847773194313049316e-01
-6.082010269165039062e-02 7.890740036964416504e-01 1.201346635818481445e+00 1.223186124116182327e-02 -5.084969401359558105e-01 5.261159539222717285e-01 6.815301179885864258e-01
-6.351506710052490234e-02 7.890582680702209473e-01 1.201946020126342773e+00 1.282553281635046005e-02 -5.108884572982788086e-01 5.265035033226013184e-01 6.794281005859375000e-01
-6.450366973876953125e-02 7.892737984657287598e-01 1.202706217765808105e+00 1.297660358250141144e-02 -5.132130384445190430e-01 5.267798304557800293e-01 6.774563789367675781e-01
-6.606090068817138672e-02 7.887765169143676758e-01 1.203352928161621094e+00 1.272327918559312820e-02 -5.145398974418640137e-01 5.267251729965209961e-01 6.764964461326599121e-01
-6.553137302398681641e-02 7.893463373184204102e-01 1.204490780830383301e+00 1.260040793567895889e-02 -5.156558156013488770e-01 5.269820094108581543e-01 6.754482984542846680e-01
-6.686019897460937500e-02 7.895461320877075195e-01 1.204627394676208496e+00 1.214942242950201035e-02 -5.148549079895019531e-01 5.278508067131042480e-01 6.753890514373779297e-01
-6.639981269836425781e-02 7.903041243553161621e-01 1.205233693122863770e+00 1.186144351959228516e-02 -5.139637589454650879e-01 5.288494825363159180e-01 6.752917170524597168e-01
-6.692755222320556641e-02 7.898689508438110352e-01 1.205465078353881836e+00 1.066822651773691177e-02 -5.122211575508117676e-01 5.288179516792297363e-01 6.766588687896728516e-01
-6.705522537231445312e-02 7.907970547676086426e-01 1.205643773078918457e+00 1.021619699895381927e-02 -5.093140006065368652e-01 5.296698212623596191e-01 6.781922578811645508e-01
-6.749820709228515625e-02 7.905296087265014648e-01 1.206223487854003906e+00 9.207470342516899109e-03 -5.058438777923583984e-01 5.293296575546264648e-01 6.810633540153503418e-01
-6.761395931243896484e-02 7.897629737854003906e-01 1.206536412239074707e+00 8.187050931155681610e-03 -5.012111067771911621e-01 5.286619663238525391e-01 6.850087642669677734e-01
-6.841564178466796875e-02 7.899708747863769531e-01 1.206566929817199707e+00 7.213140372186899185e-03 -4.953957200050354004e-01 5.285190343856811523e-01 6.893466711044311523e-01
-6.896734237670898438e-02 7.899913191795349121e-01 1.207515954971313477e+00 6.361918989568948746e-03 -4.888661503791809082e-01 5.274198055267333984e-01 6.948364973068237305e-01
-7.155060768127441406e-02 7.910287976264953613e-01 1.208909273147583008e+00 -7.211770396679639816e-03 -4.854594171047210693e-01 5.190493464469909668e-01 7.034663558006286621e-01
-7.331550121307373047e-02 7.911992073059082031e-01 1.209787726402282715e+00 -2.235801890492439270e-02 -4.811682105064392090e-01 5.093113183975219727e-01 7.131474614143371582e-01
-7.458984851837158203e-02 7.912110090255737305e-01 1.211058139801025391e+00 -3.918462246656417847e-02 -4.767704308032989502e-01 4.980138838291168213e-01 7.232818603515625000e-01
-7.622504234313964844e-02 7.908254861831665039e-01 1.213194370269775391e+00 -5.682635307312011719e-02 -4.721036255359649658e-01 4.843758642673492432e-01 7.343493700027465820e-01
-7.807898521423339844e-02 7.915337681770324707e-01 1.214663147926330566e+00 -7.595837861299514771e-02 -4.656574130058288574e-01 4.710709452629089355e-01 7.453091740608215332e-01
-8.050203323364257812e-02 7.913344502449035645e-01 1.216556310653686523e+00 -9.510871767997741699e-02 -4.590495228767395020e-01 4.560426175594329834e-01 7.564740777015686035e-01
-8.331501483917236328e-02 7.909721732139587402e-01 1.218454599380493164e+00 -1.147643402218818665e-01 -4.515275657176971436e-01 4.402523934841156006e-01 7.675480246543884277e-01
-8.629941940307617188e-02 7.910115122795104980e-01 1.221358299255371094e+00 -1.350715756416320801e-01 -4.437482953071594238e-01 4.236610829830169678e-01 7.780452966690063477e-01
-8.910167217254638672e-02 7.911716103553771973e-01 1.223561167716979980e+00 -1.552575379610061646e-01 -4.352244138717651367e-01 4.065242111682891846e-01 7.881706953048706055e-01
-9.178590774536132812e-02 7.908129096031188965e-01 1.226320624351501465e+00 -1.754953861236572266e-01 -4.268105626106262207e-01 3.887559175491333008e-01 7.974352240562438965e-01
-9.441846609115600586e-02 7.902565002441406250e-01 1.228517413139343262e+00 -1.954628378152847290e-01 -4.173577129840850830e-01 3.702320754528045654e-01 8.065574765205383301e-01
-9.718477725982666016e-02 7.906522750854492188e-01 1.230577468872070312e+00 -2.147768437862396240e-01 -4.080149233341217041e-01 3.521036803722381592e-01 8.145046830177307129e-01
-1.001693010330200195e-01 7.904644608497619629e-01 1.232390403747558594e+00 -2.340762615203857422e-01 -3.982504308223724365e-01 3.337986171245574951e-01 8.216955065727233887e-01
-1.026742458343505859e-01 7.900957465171813965e-01 1.234129905700683594e+00 -2.525740265846252441e-01 -3.888300657272338867e-01 3.149912059307098389e-01 8.281292915344238281e-01
-1.048192381858825684e-01 7.899060249328613281e-01 1.235522985458374023e+00 -2.700510919094085693e-01 -3.796011805534362793e-01 2.965607643127441406e-01 8.336828947067260742e-01
-1.064684987068176270e-01 7.893845438957214355e-01 1.236675858497619629e+00 -2.868553996086120605e-01 -3.705417513847351074e-01 2.784080505371093750e-01 8.383923768997192383e-01
-1.077816486358642578e-01 7.891418933868408203e-01 1.237590432167053223e+00 -3.024995923042297363e-01 -3.618765175342559814e-01 2.612175941467285156e-01 8.422024250030517578e-01
-1.086915731430053711e-01 7.896113991737365723e-01 1.238223314285278320e+00 -3.165428340435028076e-01 -3.541127741336822510e-01 2.451737821102142334e-01 8.451595306396484375e-01
-1.095302700996398926e-01 7.894877195358276367e-01 1.238773941993713379e+00 -3.295969367027282715e-01 -3.469310998916625977e-01 2.296669632196426392e-01 8.475009202957153320e-01
-1.101801991462707520e-01 7.896092534065246582e-01 1.239177465438842773e+00 -3.410853445529937744e-01 -3.406134545803070068e-01 2.156017422676086426e-01 8.492109179496765137e-01
-1.104511618614196777e-01 7.895857095718383789e-01 1.239187002182006836e+00 -3.512677848339080811e-01 -3.352263271808624268e-01 2.026514112949371338e-01 8.503920435905456543e-01
-1.109457015991210938e-01 7.895547151565551758e-01 1.239464521408081055e+00 -3.603256642818450928e-01 -3.308066427707672119e-01 1.910671740770339966e-01 8.510145545005798340e-01
-1.113089919090270996e-01 7.896392941474914551e-01 1.239735603332519531e+00 -3.677569329738616943e-01 -3.275042176246643066e-01 1.809512227773666382e-01 8.513239622116088867e-01
-1.119209527969360352e-01 7.896046638488769531e-01 1.240099668502807617e+00 -3.741949796676635742e-01 -3.247169256210327148e-01 1.717248558998107910e-01 8.514972925186157227e-01
-1.126469075679779053e-01 7.895814180374145508e-01 1.240298271179199219e+00 -3.794116079807281494e-01 -3.223883211612701416e-01 1.635457128286361694e-01 8.516839146614074707e-01
-1.132094860076904297e-01 7.892323732376098633e-01 1.240806579589843750e+00 -3.841533362865447998e-01 -3.206784427165985107e-01 1.562724709510803223e-01 8.515694737434387207e-01
-1.142046749591827393e-01 7.892050147056579590e-01 1.241288185119628906e+00 -3.879508674144744873e-01 -3.191963732242584229e-01 1.498361974954605103e-01 8.515614867210388184e-01
-1.153744757175445557e-01 7.891869544982910156e-01 1.241951227188110352e+00 -3.911199569702148438e-01 -3.178239166736602783e-01 1.442871093750000000e-01 8.515834808349609375e-01
-1.166877746582031250e-01 7.890435457229614258e-01 1.242474317550659180e+00 -3.936546146869659424e-01 -3.163577914237976074e-01 1.391933858394622803e-01 8.518093228340148926e-01
-1.179012954235076904e-01 7.888443470001220703e-01 1.243282914161682129e+00 -3.959183990955352783e-01 -3.149835467338562012e-01 1.346595585346221924e-01 8.519981503486633301e-01
-1.192247867584228516e-01 7.886797189712524414e-01 1.243951201438903809e+00 -3.978023827075958252e-01 -3.129833936691284180e-01 1.307089626789093018e-01 8.524727821350097656e-01
-1.205994784832000732e-01 7.885738611221313477e-01 1.244798898696899414e+00 -3.995246291160583496e-01 -3.110285699367523193e-01 1.268924325704574585e-01 8.529593348503112793e-01
-1.221078038215637207e-01 7.881243824958801270e-01 1.245675563812255859e+00 -4.012486636638641357e-01 -3.081140518188476562e-01 1.229572668671607971e-01 8.537837862968444824e-01
-1.239186227321624756e-01 7.876765131950378418e-01 1.246501088142395020e+00 -4.029195904731750488e-01 -3.041540086269378662e-01 1.193175390362739563e-01 8.549324870109558105e-01
-1.257451474666595459e-01 7.872287034988403320e-01 1.247405529022216797e+00 -4.046972393989562988e-01 -2.994218468666076660e-01 1.156935766339302063e-01 8.562603592872619629e-01
-1.277201026678085327e-01 7.868196964263916016e-01 1.248396158218383789e+00 -4.065456986427307129e-01 -2.937129437923431396e-01 1.117302179336547852e-01 8.578867912292480469e-01
-1.298775523900985718e-01 7.863656282424926758e-01 1.249328374862670898e+00 -4.086221158504486084e-01 -2.866897881031036377e-01 1.073796674609184265e-01 8.598293662071228027e-01
-1.321965754032135010e-01 7.858061194419860840e-01 1.250395417213439941e+00 -4.112074077129364014e-01 -2.781003415584564209e-01 1.029024794697761536e-01 8.619627952575683594e-01
-1.346417963504791260e-01 7.852075695991516113e-01 1.251450300216674805e+00 -4.140388369560241699e-01 -2.678005695343017578e-01 9.762347489595413208e-02 8.644792437553405762e-01
-1.373135298490524292e-01 7.844941020011901855e-01 1.252444028854370117e+00 -4.173705279827117920e-01 -2.557181119918823242e-01 9.157111495733261108e-02 8.671936392784118652e-01
-1.398552656173706055e-01 7.835092544555664062e-01 1.253622293472290039e+00 -4.216876626014709473e-01 -2.416971176862716675e-01 8.538561314344406128e-02 8.697535991668701172e-01
-1.426865309476852417e-01 7.830018401145935059e-01 1.254691839218139648e+00 -4.259743988513946533e-01 -2.262698858976364136e-01 7.832268625497817993e-02 8.724753856658935547e-01
-1.456806957721710205e-01 7.821134328842163086e-01 1.255784511566162109e+00 -4.307585060596466064e-01 -2.089784890413284302e-01 7.046768814325332642e-02 8.751053810119628906e-01
-1.487217247486114502e-01 7.812647223472595215e-01 1.256896018981933594e+00 -4.354242086410522461e-01 -1.906432807445526123e-01 6.222149729728698730e-02 8.776043653488159180e-01
-1.518425345420837402e-01 7.802128791809082031e-01 1.257925271987915039e+00 -4.403564333915710449e-01 -1.710743010044097900e-01 5.378617718815803528e-02 8.797311186790466309e-01
-1.551828980445861816e-01 7.791634202003479004e-01 1.259038925170898438e+00 -4.451857209205627441e-01 -1.507464498281478882e-01 4.509874433279037476e-02 8.815051913261413574e-01
-1.588021516799926758e-01 7.782754302024841309e-01 1.259951829910278320e+00 -4.495200514793395996e-01 -1.296924948692321777e-01 3.577080741524696350e-02 8.830810785293579102e-01
-1.624585688114166260e-01 7.771539688110351562e-01 1.260972738265991211e+00 -4.536778628826141357e-01 -1.083687171339988708e-01 2.687367983162403107e-02 8.841438889503479004e-01
-1.661715507507324219e-01 7.758649587631225586e-01 1.261918067932128906e+00 -4.574273824691772461e-01 -8.709134906530380249e-02 1.824460551142692566e-02 8.847838640213012695e-01
-1.700973510742187500e-01 7.746583819389343262e-01 1.262811064720153809e+00 -4.605455696582794189e-01 -6.595163047313690186e-02 9.646170772612094879e-03 8.851300477981567383e-01
-1.740120649337768555e-01 7.730894088745117188e-01 1.263738155364990234e+00 -4.633799493312835693e-01 -4.529114440083503723e-02 1.990773249417543411e-03 8.849993348121643066e-01
-1.782237291336059570e-01 7.726727128028869629e-01 1.264433383941650391e+00 -4.648149013519287109e-01 -2.535470388829708099e-02 -5.812295712530612946e-03 8.850256800651550293e-01
-1.823499500751495361e-01 7.710998058319091797e-01 1.265285491943359375e+00 -4.664279222488403320e-01 -6.658344995230436325e-03 -1.240527350455522537e-02 8.844471573829650879e-01
-1.866126060485839844e-01 7.694896459579467773e-01 1.266086578369140625e+00 -4.671676158905029297e-01 1.086811814457178116e-02 -1.843748241662979126e-02 8.839097619056701660e-01
-1.910503804683685303e-01 7.679396271705627441e-01 1.266739726066589355e+00 -4.669794738292694092e-01 2.728266268968582153e-02 -2.238816209137439728e-02 8.835636377334594727e-01
-1.956747174263000488e-01 7.663496136665344238e-01 1.267500996589660645e+00 -4.661871194839477539e-01 4.256943985819816589e-02 -2.446967363357543945e-02 8.833225369453430176e-01
-2.005592584609985352e-01 7.647261619567871094e-01 1.268230438232421875e+00 -4.646953940391540527e-01 5.558701977133750916e-02 -2.650993317365646362e-02 8.833264112472534180e-01
-2.053449749946594238e-01 7.630561590194702148e-01 1.269034624099731445e+00 -4.626485407352447510e-01 6.522922962903976440e-02 -2.828034386038780212e-02 8.836864829063415527e-01
-2.102139294147491455e-01 7.615343928337097168e-01 1.269682168960571289e+00 -4.596528112888336182e-01 7.176918536424636841e-02 -2.971747890114784241e-02 8.846951127052307129e-01
-2.153498232364654541e-01 7.596784234046936035e-01 1.270289659500122070e+00 -4.561559557914733887e-01 7.501063495874404907e-02 -3.104392066597938538e-02 8.861892819404602051e-01
-2.208502292633056641e-01 7.578158974647521973e-01 1.270891785621643066e+00 -4.514861106872558594e-01 7.676713168621063232e-02 -2.866658940911293030e-02 8.885073661804199219e-01
-2.260288149118423462e-01 7.561941146850585938e-01 1.271606683731079102e+00 -4.461300373077392578e-01 7.548881322145462036e-02 -2.376456186175346375e-02 8.914621472358703613e-01
-2.314587980508804321e-01 7.543460130691528320e-01 1.272359609603881836e+00 -4.399180412292480469e-01 7.141252607107162476e-02 -1.831167936325073242e-02 8.950067162513732910e-01
-2.362007200717926025e-01 7.539184093475341797e-01 1.273144483566284180e+00 -4.322125911712646484e-01 6.431341916322708130e-02 -1.051530241966247559e-02 8.994140028953552246e-01
-2.418228983879089355e-01 7.519259452819824219e-01 1.273914337158203125e+00 -4.243278205394744873e-01 5.585490912199020386e-02 -1.903116120956838131e-03 9.037824273109436035e-01
-2.477379441261291504e-01 7.498016357421875000e-01 1.274788856506347656e+00 -4.157584011554718018e-01 4.584286734461784363e-02 7.867452688515186310e-03 9.082849621772766113e-01
-2.538580596446990967e-01 7.473160624504089355e-01 1.275784254074096680e+00 -4.063348472118377686e-01 3.411984816193580627e-02 1.851128600537776947e-02 9.128993153572082520e-01
-2.595196366310119629e-01 7.446714043617248535e-01 1.276957511901855469e+00 -3.966270089149475098e-01 2.091406285762786865e-02 3.069875389337539673e-02 9.172280430793762207e-01
-2.653971314430236816e-01 7.424856424331665039e-01 1.277981042861938477e+00 -3.852849304676055908e-01 6.326327566057443619e-03 4.370103403925895691e-02 9.217405915260314941e-01
-2.718634903430938721e-01 7.400186657905578613e-01 1.279414415359497070e+00 -3.735021650791168213e-01 -8.803733624517917633e-03 5.693259835243225098e-02 9.258387684822082520e-01
-2.776652872562408447e-01 7.372814416885375977e-01 1.281085729598999023e+00 -3.612182438373565674e-01 -2.496933564543724060e-02 7.180238515138626099e-02 9.293774366378784180e-01
-2.848826944828033447e-01 7.348150014877319336e-01 1.283020734786987305e+00 -3.483079969882965088e-01 -4.057742655277252197e-02 8.611191064119338989e-02 9.325340986251831055e-01
-2.916349470615386963e-01 7.323384284973144531e-01 1.285160779953002930e+00 -3.345878124237060547e-01 -5.704642832279205322e-02 1.012684777379035950e-01 9.351692199707031250e-01
-2.975276112556457520e-01 7.296618819236755371e-01 1.287163138389587402e+00 -3.200770914554595947e-01 -7.381959259510040283e-02 1.176187396049499512e-01 9.371591210365295410e-01
-3.037720918655395508e-01 7.272759079933166504e-01 1.289538979530334473e+00 -3.050432801246643066e-01 -9.048251062631607056e-02 1.337112486362457275e-01 9.385535717010498047e-01
-3.103089928627014160e-01 7.243323326110839844e-01 1.292231440544128418e+00 -2.898140251636505127e-01 -1.061671674251556396e-01 1.501805633306503296e-01 9.392455816268920898e-01
-3.169733285903930664e-01 7.205604314804077148e-01 1.295034170150756836e+00 -2.745921015739440918e-01 -1.207154393196105957e-01 1.668398380279541016e-01 9.392505288124084473e-01
-3.232340216636657715e-01 7.181339263916015625e-01 1.297865152359008789e+00 -2.581925392150878906e-01 -1.350959241390228271e-01 1.836002320051193237e-01 9.388166666030883789e-01
-3.292464017868041992e-01 7.151566147804260254e-01 1.300727725028991699e+00 -2.423622906208038330e-01 -1.477585434913635254e-01 2.005510926246643066e-01 9.376605153083801270e-01
-3.346409201622009277e-01 7.122925519943237305e-01 1.303211331367492676e+00 -2.264871895313262939e-01 -1.586963236331939697e-01 2.171335369348526001e-01 9.361475110054016113e-01
-3.401486575603485107e-01 7.096482515335083008e-01 1.305636286735534668e+00 -2.103426456451416016e-01 -1.680350750684738159e-01 2.329526543617248535e-01 9.344802498817443848e-01
-3.448316454887390137e-01 7.079135179519653320e-01 1.308040857315063477e+00 -1.940665394067764282e-01 -1.763426661491394043e-01 2.491635084152221680e-01 9.322870373725891113e-01
-3.485812246799468994e-01 7.055369019508361816e-01 1.310126423835754395e+00 -1.785929799079895020e-01 -1.829568594694137573e-01 2.650697827339172363e-01 9.297146797180175781e-01
-3.522043526172637939e-01 7.036599516868591309e-01 1.312036156654357910e+00 -1.633003205060958862e-01 -1.882006973028182983e-01 2.805566489696502686e-01 9.269312620162963867e-01
-3.553973138332366943e-01 7.023346424102783203e-01 1.313600659370422363e+00 -1.477196961641311646e-01 -1.922036409378051758e-01 2.955825328826904297e-01 9.240496158599853516e-01
-3.583934903144836426e-01 7.010701894760131836e-01 1.315260052680969238e+00 -1.328142583370208740e-01 -1.950071454048156738e-01 3.097429573535919189e-01 9.210819602012634277e-01
-3.599647581577301025e-01 6.991094350814819336e-01 1.316602826118469238e+00 -1.192157045006752014e-01 -1.969784349203109741e-01 3.232998251914978027e-01 9.178586602210998535e-01
-3.615171611309051514e-01 6.989910602569580078e-01 1.317081689834594727e+00 -1.048010289669036865e-01 -1.982850581407546997e-01 3.365676403045654297e-01 9.145610928535461426e-01
-3.628187775611877441e-01 6.976060867309570312e-01 1.317650794982910156e+00 -9.212465584278106689e-02 -1.982669085264205933e-01 3.489462435245513916e-01 9.112846851348876953e-01
-3.634566068649291992e-01 6.970981359481811523e-01 1.318634986877441406e+00 -7.955378293991088867e-02 -1.980166286230087280e-01 3.608204722404479980e-01 9.078927636146545410e-01
-3.640853166580200195e-01 6.966342329978942871e-01 1.318925857543945312e+00 -6.781263649463653564e-02 -1.970658898353576660e-01 3.716529011726379395e-01 9.046770930290222168e-01
-3.640638291835784912e-01 6.962147951126098633e-01 1.319316506385803223e+00 -5.664282664656639099e-02 -1.959918588399887085e-01 3.818804323673248291e-01 9.014134407043457031e-01
-3.642098605632781982e-01 6.954214572906494141e-01 1.319810986518859863e+00 -4.687218368053436279e-02 -1.945124715566635132e-01 3.906579613685607910e-01 8.985289931297302246e-01
-3.648736178874969482e-01 6.944552659988403320e-01 1.320271253585815430e+00 -3.748853132128715515e-02 -1.926723271608352661e-01 3.987183868885040283e-01 8.958212137222290039e-01
-3.666235506534576416e-01 6.934553980827331543e-01 1.320981740951538086e+00 -2.885795943439006805e-02 -1.906488537788391113e-01 4.056321680545806885e-01 8.934667706489562988e-01
-3.686302006244659424e-01 6.922209262847900391e-01 1.321503520011901855e+00 -2.137720026075839996e-02 -1.883492469787597656e-01 4.121420681476593018e-01 8.911826610565185547e-01
-3.705109059810638428e-01 6.917419433593750000e-01 1.322660684585571289e+00 -1.479842048138380051e-02 -1.868596971035003662e-01 4.176347553730010986e-01 8.890701532363891602e-01
-3.724190890789031982e-01 6.912412643432617188e-01 1.324361562728881836e+00 -9.311789646744728088e-03 -1.860418468713760376e-01 4.216883778572082520e-01 8.874011039733886719e-01
-3.739606440067291260e-01 6.903524398803710938e-01 1.325782537460327148e+00 -5.115409381687641144e-03 -1.854311227798461914e-01 4.247173368930816650e-01 8.861175775527954102e-01
-3.769211769104003906e-01 6.873512268066406250e-01 1.328028678894042969e+00 -3.076089546084403992e-03 -1.845412105321884155e-01 4.262397885322570801e-01 8.855815529823303223e-01
-3.803941011428833008e-01 6.861639618873596191e-01 1.328812360763549805e+00 -2.708753105252981186e-03 -1.846902370452880859e-01 4.263892173767089844e-01 8.854798078536987305e-01
-3.833901584148406982e-01 6.849449276924133301e-01 1.330150127410888672e+00 -2.109987195581197739e-03 -1.857234090566635132e-01 4.254473149776458740e-01 8.857184052467346191e-01
-3.922060132026672363e-01 6.822012066841125488e-01 1.331622123718261719e+00 -6.030140211805701256e-04 -1.854931116104125977e-01 4.236423075199127197e-01 8.866336941719055176e-01
-3.962224423885345459e-01 6.792838573455810547e-01 1.332495450973510742e+00 -1.112393569201231003e-03 -1.869093030691146851e-01 4.212095141410827637e-01 8.874943852424621582e-01
-4.024457335472106934e-01 6.764130592346191406e-01 1.333697438240051270e+00 -3.256427356973290443e-03 -1.887747943401336670e-01 4.173046946525573730e-01 8.889377117156982422e-01
-4.079483747482299805e-01 6.736622452735900879e-01 1.333647251129150391e+00 -6.002625916153192520e-03 -1.914865821599960327e-01 4.128818809986114502e-01 8.904075026512145996e-01
-4.141591489315032959e-01 6.701692938804626465e-01 1.332644701004028320e+00 -9.733410552144050598e-03 -1.942066997289657593e-01 4.073970317840576172e-01 8.923097848892211914e-01
-4.208945631980895996e-01 6.668771505355834961e-01 1.331292271614074707e+00 -1.380823459476232529e-02 -1.970155686140060425e-01 4.015983343124389648e-01 8.942667245864868164e-01
-4.265856146812438965e-01 6.616454124450683594e-01 1.331033825874328613e+00 -1.996084302663803101e-02 -2.008989751338958740e-01 3.945752382278442383e-01 8.964104652404785156e-01
-4.338319897651672363e-01 6.569384336471557617e-01 1.329533696174621582e+00 -2.599862404167652130e-02 -2.042966037988662720e-01 3.876132965087890625e-01 8.985226750373840332e-01
-4.402185380458831787e-01 6.532886028289794922e-01 1.327442407608032227e+00 -3.196918591856956482e-02 -2.082502692937850952e-01 3.800234496593475342e-01 9.006620049476623535e-01
-4.486950635910034180e-01 6.476011276245117188e-01 1.327111601829528809e+00 -3.945825994014739990e-02 -2.123347073793411255e-01 3.714565634727478027e-01 9.029823541641235352e-01
-4.569481611251831055e-01 6.409859657287597656e-01 1.324720501899719238e+00 -4.754079878330230713e-02 -2.158745229244232178e-01 3.622904419898986816e-01 9.054743647575378418e-01
-4.654244780540466309e-01 6.379648447036743164e-01 1.322546958923339844e+00 -5.405406281352043152e-02 -2.202741801738739014e-01 3.538363575935363770e-01 9.073904156684875488e-01
-4.737074077129364014e-01 6.339299082756042480e-01 1.320710778236389160e+00 -6.171395257115364075e-02 -2.245613634586334229e-01 3.450505435466766357e-01 9.092325568199157715e-01
-4.841611385345458984e-01 6.291029453277587891e-01 1.318530082702636719e+00 -6.972713768482208252e-02 -2.280580550432205200e-01 3.359648287296295166e-01 9.111834764480590820e-01
-4.941884875297546387e-01 6.247540712356567383e-01 1.316315889358520508e+00 -7.786104083061218262e-02 -2.321121394634246826e-01 3.267228901386260986e-01 9.128602743148803711e-01
-5.048822760581970215e-01 6.219797730445861816e-01 1.313530683517456055e+00 -8.522459864616394043e-02 -2.358419448137283325e-01 3.180520236492156982e-01 9.143075346946716309e-01
-5.161507129669189453e-01 6.196393966674804688e-01 1.309989213943481445e+00 -9.186584502458572388e-02 -2.392243593931198120e-01 3.097340166568756104e-01 9.156403541564941406e-01
-5.259473919868469238e-01 6.148207187652587891e-01 1.305895090103149414e+00 -9.994734823703765869e-02 -2.430766671895980835e-01 3.013208806514739990e-01 9.165860414505004883e-01
-5.367277860641479492e-01 6.109686493873596191e-01 1.301876544952392578e+00 -1.067342236638069153e-01 -2.466517239809036255e-01 2.935384809970855713e-01 9.173908233642578125e-01
-5.478275418281555176e-01 6.062381863594055176e-01 1.296915054321289062e+00 -1.134970337152481079e-01 -2.495092749595642090e-01 2.862888276576995850e-01 9.180971384048461914e-01
-5.589613318443298340e-01 6.006388664245605469e-01 1.291962265968322754e+00 -1.205071881413459778e-01 -2.522547245025634766e-01 2.786315977573394775e-01 9.188090562820434570e-01
-5.704100728034973145e-01 5.949457883834838867e-01 1.287110924720764160e+00 -1.271549314260482788e-01 -2.548386454582214355e-01 2.715487480163574219e-01 9.193205237388610840e-01
-5.817511081695556641e-01 5.896813869476318359e-01 1.282321453094482422e+00 -1.337424069643020630e-01 -2.575905323028564453e-01 2.649783194065093994e-01 9.195361137390136719e-01
-5.944066643714904785e-01 5.851622819900512695e-01 1.276549816131591797e+00 -1.390874832868576050e-01 -2.595748603343963623e-01 2.589523494243621826e-01 9.199017882347106934e-01
-6.065641641616821289e-01 5.789979100227355957e-01 1.270399808883666992e+00 -1.449749469757080078e-01 -2.615916430950164795e-01 2.526125907897949219e-01 9.201841950416564941e-01
-6.189806461334228516e-01 5.726727247238159180e-01 1.264598488807678223e+00 -1.509407013654708862e-01 -2.635744214057922363e-01 2.466283291578292847e-01 9.202825427055358887e-01
-6.317031979560852051e-01 5.658291578292846680e-01 1.258291006088256836e+00 -1.566752046346664429e-01 -2.649469077587127686e-01 2.404649108648300171e-01 9.205610752105712891e-01
-6.443058252334594727e-01 5.593054294586181641e-01 1.251258850097656250e+00 -1.618001759052276611e-01 -2.662414014339447021e-01 2.347481250762939453e-01 9.207766056060791016e-01
-6.539029479026794434e-01 5.509807467460632324e-01 1.241940498352050781e+00 -1.673937290906906128e-01 -2.676174938678741455e-01 2.292431443929672241e-01 9.207648038864135742e-01
-6.612015366554260254e-01 5.422682762145996094e-01 1.229997754096984863e+00 -1.728408485651016235e-01 -2.690663337707519531e-01 2.235351800918579102e-01 9.207396507263183594e-01
-6.676952838897705078e-01 5.340981483459472656e-01 1.218454241752624512e+00 -1.782934069633483887e-01 -2.700743079185485840e-01 2.181361764669418335e-01 9.206997752189636230e-01
-6.732941865921020508e-01 5.259061455726623535e-01 1.207148790359497070e+00 -1.837939918041229248e-01 -2.712447941303253174e-01 2.127527892589569092e-01 9.205337166786193848e-01
-6.783459782600402832e-01 5.162299275398254395e-01 1.195721149444580078e+00 -1.901794373989105225e-01 -2.723192274570465088e-01 2.066251337528228760e-01 9.203152060508728027e-01
-6.825391054153442383e-01 5.071750283241271973e-01 1.184699177742004395e+00 -1.960390061140060425e-01 -2.734395563602447510e-01 2.011356949806213379e-01 9.199695587158203125e-01
-6.868629455566406250e-01 4.975726604461669922e-01 1.173834562301635742e+00 -2.018913924694061279e-01 -2.742727994918823242e-01 1.951860934495925903e-01 9.197373390197753906e-01
-6.915934681892395020e-01 4.875166416168212891e-01 1.162539362907409668e+00 -2.078671455383300781e-01 -2.748182713985443115e-01 1.888681054115295410e-01 9.195624589920043945e-01
-6.955699920654296875e-01 4.769587516784667969e-01 1.151886940002441406e+00 -2.140813916921615601e-01 -2.755095362663269043e-01 1.820468604564666748e-01 9.193055033683776855e-01
-6.993455290794372559e-01 4.662911295890808105e-01 1.141615033149719238e+00 -2.204529941082000732e-01 -2.759341001510620117e-01 1.752778291702270508e-01 9.189878702163696289e-01
-7.035948634147644043e-01 4.544976651668548584e-01 1.131047487258911133e+00 -2.271562367677688599e-01 -2.760640382766723633e-01 1.679302304983139038e-01 9.186882972717285156e-01
-7.075213789939880371e-01 4.430749714374542236e-01 1.121001482009887695e+00 -2.337635159492492676e-01 -2.761233747005462646e-01 1.606151312589645386e-01 9.183209538459777832e-01
-7.111236453056335449e-01 4.312407970428466797e-01 1.111189484596252441e+00 -2.405963838100433350e-01 -2.760397493839263916e-01 1.528934687376022339e-01 9.178993105888366699e-01
-7.147906422615051270e-01 4.194919764995574951e-01 1.101687669754028320e+00 -2.474282532930374146e-01 -2.758441269397735596e-01 1.453345417976379395e-01 9.173697233200073242e-01
-7.179170846939086914e-01 4.063434004783630371e-01 1.091696500778198242e+00 -2.548626363277435303e-01 -2.755338847637176514e-01 1.371114403009414673e-01 9.166932702064514160e-01
-7.212681770324707031e-01 3.940162360668182373e-01 1.082517385482788086e+00 -2.619998753070831299e-01 -2.749610245227813721e-01 1.285381615161895752e-01 9.160952568054199219e-01
-7.238827943801879883e-01 3.811795115470886230e-01 1.073972702026367188e+00 -2.697447836399078369e-01 -2.749240696430206299e-01 1.198184564709663391e-01 9.150399565696716309e-01
-7.267313599586486816e-01 3.691246509552001953e-01 1.065312266349792480e+00 -2.769597768783569336e-01 -2.744077742099761963e-01 1.112567409873008728e-01 9.141201972961425781e-01
-7.298689484596252441e-01 3.566320240497589111e-01 1.056654453277587891e+00 -2.842648327350616455e-01 -2.736240327358245850e-01 1.022757887840270996e-01 9.131610989570617676e-01
-7.323950529098510742e-01 3.441329300403594971e-01 1.048158526420593262e+00 -2.915107309818267822e-01 -2.732024192810058594e-01 9.298246353864669800e-02 9.119957685470581055e-01
-7.347149252891540527e-01 3.315407037734985352e-01 1.039517283439636230e+00 -2.988604903221130371e-01 -2.727694213390350342e-01 8.379573374986648560e-02 9.106358289718627930e-01
-7.375553846359252930e-01 3.195760846138000488e-01 1.031393170356750488e+00 -3.060687184333801270e-01 -2.720687389373779297e-01 7.461165636777877808e-02 9.092490077018737793e-01
-7.399482727050781250e-01 3.073315024375915527e-01 1.023467898368835449e+00 -3.134768903255462646e-01 -2.713398039340972900e-01 6.524419039487838745e-02 9.076619744300842285e-01
-7.425566315650939941e-01 2.948773205280303955e-01 1.015617132186889648e+00 -3.209215104579925537e-01 -2.704968154430389404e-01 5.618028715252876282e-02 9.059164524078369141e-01
-7.452974319458007812e-01 2.827003300189971924e-01 1.007355332374572754e+00 -3.279508650302886963e-01 -2.694757282733917236e-01 4.673554003238677979e-02 9.042382836341857910e-01
-7.474838495254516602e-01 2.708404064178466797e-01 9.990550279617309570e-01 -3.349069356918334961e-01 -2.687940001487731934e-01 3.772094473242759705e-02 9.023104906082153320e-01
-7.497340440750122070e-01 2.588635981082916260e-01 9.911601543426513672e-01 -3.417889177799224854e-01 -2.680177986621856689e-01 2.858744561672210693e-02 9.002941846847534180e-01
-7.517700195312500000e-01 2.476167976856231689e-01 9.839476346969604492e-01 -3.488254845142364502e-01 -2.671348452568054199e-01 1.956102810800075531e-02 8.980963826179504395e-01
