-0.000000000000000000e+00 -0.000000000000000000e+00 -0.000000000000000000e+00 -0.000000000000000000e+00 -0.000000000000000000e+00 -0.000000000000000000e+00 1.000000000000000000e+00
-0.000000000000000000e+00 -0.000000000000000000e+00 -0.000000000000000000e+00 -0.000000000000000000e+00 -0.000000000000000000e+00 -0.000000000000000000e+00 1.000000000000000000e+00
1.253677997738122940e-02 1.771394908428192139e-02 2.506854943931102753e-02 -3.929362166672945023e-03 1.869116793386638165e-03 -3.416107269003987312e-03 9.999846816062927246e-01
1.253677997738122940e-02 1.771394908428192139e-02 2.506854943931102753e-02 -3.929362166672945023e-03 1.869116793386638165e-03 -3.416107269003987312e-03 9.999846816062927246e-01
2.417320013046264648e-02 3.328851610422134399e-02 4.823173210024833679e-02 -8.431170135736465454e-03 7.248839363455772400e-03 -7.250627502799034119e-03 9.999119639396667480e-01
2.417320013046264648e-02 3.328851610422134399e-02 4.823173210024833679e-02 -8.431170135736465454e-03 7.248839363455772400e-03 -7.250627502799034119e-03 9.999119639396667480e-01
3.726110234856605530e-02 4.415956884622573853e-02 7.000812143087387085e-02 -1.315866410732269287e-02 1.553662028163671494e-02 -1.238355785608291626e-02 9.997160434722900391e-01
3.726110234856605530e-02 4.415956884622573853e-02 7.000812143087387085e-02 -1.315866410732269287e-02 1.553662028163671494e-02 -1.238355785608291626e-02 9.997160434722900391e-01
4.992796480655670166e-02 5.424689874053001404e-02 8.907885104417800903e-02 -1.819519512355327606e-02 2.548477053642272949e-02 -1.879582926630973816e-02 9.993329644203186035e-01
4.992796480655670166e-02 5.424689874053001404e-02 8.907885104417800903e-02 -1.819519512355327606e-02 2.548476867377758026e-02 -1.879582926630973816e-02 9.993329048156738281e-01
6.190343201160430908e-02 6.546846032142639160e-02 1.066746562719345093e-01 -2.302488312125205994e-02 3.742334991693496704e-02 -2.591437846422195435e-02 9.986980557441711426e-01
6.190343201160430908e-02 6.546846032142639160e-02 1.066746562719345093e-01 -2.302488312125205994e-02 3.742334991693496704e-02 -2.591437846422195435e-02 9.986980557441711426e-01
7.474151998758316040e-02 7.532271742820739746e-02 1.228566542267799377e-01 -2.768707461655139923e-02 4.895462468266487122e-02 -3.276402875781059265e-02 9.978794455528259277e-01
7.474151998758316040e-02 7.532271742820739746e-02 1.228566542267799377e-01 -2.768707461655139923e-02 4.895462468266487122e-02 -3.276402875781059265e-02 9.978794455528259277e-01
8.545194566249847412e-02 8.595491200685501099e-02 1.388419121503829956e-01 -3.207843005657196045e-02 6.130011752247810364e-02 -3.987833857536315918e-02 9.968064427375793457e-01
9.240037202835083008e-02 9.125172346830368042e-02 1.449441462755203247e-01 -3.328592702746391296e-02 6.673602014780044556e-02 -4.373572766780853271e-02 9.962557554244995117e-01
1.034990921616554260e-01 9.687683731317520142e-02 1.556182950735092163e-01 -3.566911444067955017e-02 6.998520344495773315e-02 -4.507416486740112305e-02 9.958906769752502441e-01
1.119551137089729309e-01 1.014462709426879883e-01 1.635495573282241821e-01 -3.759825974702835083e-02 7.397403568029403687e-02 -4.725048691034317017e-02 9.954304099082946777e-01
1.158691719174385071e-01 1.064719930291175842e-01 1.724840849637985229e-01 -3.932830691337585449e-02 8.067868649959564209e-02 -5.021201819181442261e-02 9.946974515914916992e-01
1.292005181312561035e-01 1.186143308877944946e-01 1.673587709665298462e-01 -3.064892254769802094e-02 7.987654209136962891e-02 -5.424585938453674316e-02 9.948557019233703613e-01
1.418900638818740845e-01 1.220446005463600159e-01 1.739909946918487549e-01 -3.148681670427322388e-02 8.192210644483566284e-02 -5.378047749400138855e-02 9.946884512901306152e-01
1.579970866441726685e-01 1.290358901023864746e-01 1.800696700811386108e-01 -3.098463267087936401e-02 8.375255018472671509e-02 -5.167638137936592102e-02 9.946632981300354004e-01
1.745230704545974731e-01 1.329818367958068848e-01 1.817818284034729004e-01 -3.064612112939357758e-02 8.610616624355316162e-02 -4.999343678355216980e-02 9.945588111877441406e-01
1.912840008735656738e-01 1.371308267116546631e-01 1.857955008745193481e-01 -3.011213056743144989e-02 8.664656430482864380e-02 -4.886293783783912659e-02 9.945843815803527832e-01
2.101507782936096191e-01 1.411995589733123779e-01 1.937257647514343262e-01 -2.894800528883934021e-02 8.486006408929824829e-02 -4.616988450288772583e-02 9.949015974998474121e-01
2.280616313219070435e-01 1.407907158136367798e-01 2.015973031520843506e-01 -2.773544192314147949e-02 8.426918089389801025e-02 -4.543296992778778076e-02 9.950202703475952148e-01
2.417939454317092896e-01 1.439829170703887939e-01 2.124979794025421143e-01 -2.582757174968719482e-02 8.634801208972930908e-02 -4.509477317333221436e-02 9.949088096618652344e-01
2.560744583606719971e-01 1.371007412672042847e-01 2.173725217580795288e-01 -2.725436165928840637e-02 8.524230122566223145e-02 -4.866451397538185120e-02 9.947978258132934570e-01
2.729256451129913330e-01 1.391866952180862427e-01 2.243536412715911865e-01 -2.635747939348220825e-02 8.572016656398773193e-02 -4.779663309454917908e-02 9.948229789733886719e-01
2.891699671745300293e-01 1.426915228366851807e-01 2.323832660913467407e-01 -2.601278759539127350e-02 8.580608665943145752e-02 -4.767592623829841614e-02 9.948304891586303711e-01
3.086625635623931885e-01 1.473040878772735596e-01 2.406643182039260864e-01 -2.592864632606506348e-02 8.509027212858200073e-02 -4.735836759209632874e-02 9.949093461036682129e-01
3.246127068996429443e-01 1.509530544281005859e-01 2.492712438106536865e-01 -2.591873891651630402e-02 8.541962504386901855e-02 -4.762849956750869751e-02 9.948685169219970703e-01
3.369899690151214600e-01 1.582948118448257446e-01 2.587925791740417480e-01 -2.513417415320873260e-02 8.637227118015289307e-02 -4.756858199834823608e-02 9.948092103004455566e-01
3.437968194484710693e-01 1.676209568977355957e-01 2.744927108287811279e-01 -2.622098289430141449e-02 8.604965358972549438e-02 -4.680753871798515320e-02 9.948452115058898926e-01
3.437496721744537354e-01 1.828497648239135742e-01 2.899115383625030518e-01 -2.472614869475364685e-02 8.666148036718368530e-02 -4.633377119898796082e-02 9.948526024818420410e-01
3.467103540897369385e-01 1.959304660558700562e-01 3.023092448711395264e-01 -2.384551987051963806e-02 8.692718297243118286e-02 -4.444922134280204773e-02 9.949369430541992188e-01
3.462272286415100098e-01 1.982991248369216919e-01 3.118606805801391602e-01 -2.647398784756660461e-02 8.401886373758316040e-02 -4.997013136744499207e-02 9.948582649230957031e-01
3.480880260467529297e-01 2.089223265647888184e-01 3.247501552104949951e-01 -2.677620388567447662e-02 8.370042592287063599e-02 -5.103220418095588684e-02 9.948231577873229980e-01
3.497914969921112061e-01 2.206339240074157715e-01 3.390206694602966309e-01 -2.683850750327110291e-02 8.380500972270965576e-02 -5.068451166152954102e-02 9.948304295539855957e-01
3.545462191104888916e-01 2.340639531612396240e-01 3.525487482547760010e-01 -2.553599886596202850e-02 8.274942636489868164e-02 -5.027636140584945679e-02 9.949737787246704102e-01
3.562074601650238037e-01 2.492377907037734985e-01 3.631968498229980469e-01 -2.405679598450660706e-02 8.461380749940872192e-02 -4.849827662110328674e-02 9.949420690536499023e-01
3.582111299037933350e-01 2.657542526721954346e-01 3.833945393562316895e-01 -2.478086389601230621e-02 8.441947400569915771e-02 -4.936526343226432800e-02 9.948981404304504395e-01
3.608398437500000000e-01 2.745048999786376953e-01 3.974881768226623535e-01 -2.757206000387668610e-02 8.262282609939575195e-02 -5.216538161039352417e-02 9.948326349258422852e-01
3.640229403972625732e-01 2.868059277534484863e-01 4.106642007827758789e-01 -2.789857797324657440e-02 8.211595565080642700e-02 -5.165534466505050659e-02 9.948921799659729004e-01
3.663356900215148926e-01 2.997952699661254883e-01 4.237191975116729736e-01 -2.814127132296562195e-02 8.270924538373947144e-02 -5.189401656389236450e-02 9.948237538337707520e-01
3.697647750377655029e-01 3.127122521400451660e-01 4.360759258270263672e-01 -2.797828800976276398e-02 8.254846930503845215e-02 -5.152593553066253662e-02 9.948608279228210449e-01
3.721789419651031494e-01 3.233582377433776855e-01 4.465552568435668945e-01 -2.829021587967872620e-02 8.256007730960845947e-02 -5.170588195323944092e-02 9.948416948318481445e-01
3.755374550819396973e-01 3.339512646198272705e-01 4.565804600715637207e-01 -2.819017134606838226e-02 8.231361210346221924e-02 -5.147240310907363892e-02 9.948770999908447266e-01
3.775594532489776611e-01 3.424133956432342529e-01 4.669917225837707520e-01 -2.897466160356998444e-02 8.167702704668045044e-02 -5.205230042338371277e-02 9.948768615722656250e-01
3.790165781974792480e-01 3.518107235431671143e-01 4.780250787734985352e-01 -2.949949167668819427e-02 8.105020970106124878e-02 -5.325290933251380920e-02 9.948491454124450684e-01
3.812597393989562988e-01 3.579620122909545898e-01 4.926010370254516602e-01 -3.310436010360717773e-02 7.699892669916152954e-02 -5.743636563420295715e-02 9.948248267173767090e-01
3.822082281112670898e-01 3.675596415996551514e-01 5.038222074508666992e-01 -3.300765529274940491e-02 7.724303752183914185e-02 -5.679149553179740906e-02 9.948461055755615234e-01
3.832141160964965820e-01 3.751619160175323486e-01 5.129001140594482422e-01 -3.328263387084007263e-02 7.725201547145843506e-02 -5.730051174759864807e-02 9.948070645332336426e-01
3.834590613842010498e-01 3.845556974411010742e-01 5.252609252929687500e-01 -3.300170972943305969e-02 7.768202573060989380e-02 -5.676741525530815125e-02 9.948135018348693848e-01
3.830606341361999512e-01 3.925283253192901611e-01 5.369740724563598633e-01 -3.338812291622161865e-02 7.749906182289123535e-02 -5.741963535547256470e-02 9.947774410247802734e-01
3.832629621028900146e-01 3.995172977447509766e-01 5.483230948448181152e-01 -3.437095880508422852e-02 7.658874243497848511e-02 -5.832234025001525879e-02 9.947619438171386719e-01
3.829732835292816162e-01 4.041330218315124512e-01 5.574758648872375488e-01 -3.515715897083282471e-02 7.599503546953201294e-02 -5.899595469236373901e-02 9.947403073310852051e-01
3.819779753684997559e-01 4.087938368320465088e-01 5.686164498329162598e-01 -3.646086528897285461e-02 7.424475997686386108e-02 -6.266540288925170898e-02 9.946011900901794434e-01
3.793937265872955322e-01 4.152166545391082764e-01 5.726776123046875000e-01 -3.035332821309566498e-02 7.827289402484893799e-02 -5.515255033969879150e-02 9.949423670768737793e-01
3.768237233161926270e-01 4.192715287208557129e-01 5.809276103973388672e-01 -2.883935905992984772e-02 7.983669638633728027e-02 -5.227132514119148254e-02 9.950186610221862793e-01
3.734257817268371582e-01 4.227619469165802002e-01 5.888350605964660645e-01 -2.676194719970226288e-02 8.115511387586593628e-02 -5.121629312634468079e-02 9.950249195098876953e-01
3.709190189838409424e-01 4.259718656539916992e-01 5.961225628852844238e-01 -2.609380520880222321e-02 8.071401715278625488e-02 -4.956062883138656616e-02 9.951623678207397461e-01
3.672399520874023438e-01 4.307777583599090576e-01 6.056915521621704102e-01 -2.576396055519580841e-02 8.063639700412750244e-02 -4.866725951433181763e-02 9.952213764190673828e-01
3.598284423351287842e-01 4.309813678264617920e-01 6.075739264488220215e-01 -2.409947477281093597e-02 8.457011729478836060e-02 -4.394802451133728027e-02 9.951561093330383301e-01
3.573285639286041260e-01 4.383154213428497314e-01 6.167519092559814453e-01 -1.970119215548038483e-02 8.213211596012115479e-02 -3.899401426315307617e-02 9.956634044647216797e-01
3.551482856273651123e-01 4.460842609405517578e-01 6.292314529418945312e-01 -1.808767206966876984e-02 7.500188052654266357e-02 -2.538755349814891815e-02 9.966961145401000977e-01
3.614174127578735352e-01 4.530819952487945557e-01 6.428663730621337891e-01 -1.422666572034358978e-02 5.766794458031654358e-02 -8.966663735918700695e-04 9.982340931892395020e-01
3.865686058998107910e-01 4.672881364822387695e-01 6.370782256126403809e-01 -1.119264270528219640e-04 2.177436649799346924e-02 3.906481340527534485e-02 9.989994168281555176e-01
3.886273503303527832e-01 4.741318225860595703e-01 6.430833339691162109e-01 3.148884978145360947e-03 1.376496255397796631e-02 5.236652120947837830e-02 9.985281229019165039e-01
3.882248997688293457e-01 4.792032539844512939e-01 6.531113982200622559e-01 5.065521690994501114e-03 4.034435376524925232e-03 6.273072212934494019e-02 9.980095028877258301e-01
3.889553248882293701e-01 4.857400059700012207e-01 6.612841486930847168e-01 7.367664016783237457e-03 -3.227699082344770432e-03 7.112716138362884521e-02 9.974348545074462891e-01
3.916347324848175049e-01 4.914118349552154541e-01 6.703745722770690918e-01 6.886456161737442017e-03 -1.450546178966760635e-02 8.004147559404373169e-02 9.966622591018676758e-01
3.917152881622314453e-01 4.976738095283508301e-01 6.772344112396240234e-01 9.378361515700817108e-03 -2.054194360971450806e-02 9.158352762460708618e-02 9.955413341522216797e-01
3.913371562957763672e-01 5.056310296058654785e-01 6.872862577438354492e-01 1.140428613871335983e-02 -2.626619488000869751e-02 1.041830331087112427e-01 9.941458702087402344e-01
3.911670148372650146e-01 5.123085975646972656e-01 6.958300471305847168e-01 1.356225274503231049e-02 -3.147080913186073303e-02 1.137465313076972961e-01 9.929186701774597168e-01
3.918576240539550781e-01 5.193949341773986816e-01 7.055112123489379883e-01 1.472089998424053192e-02 -3.818032518029212952e-02 1.209057942032814026e-01 9.918202757835388184e-01
3.925913572311401367e-01 5.263073444366455078e-01 7.150748372077941895e-01 1.554751582443714142e-02 -4.350905492901802063e-02 1.264655590057373047e-01 9.908944368362426758e-01
3.933781087398529053e-01 5.335095524787902832e-01 7.247817516326904297e-01 1.614933088421821594e-02 -4.852700233459472656e-02 1.304972022771835327e-01 9.901287555694580078e-01
3.919603228569030762e-01 5.401266217231750488e-01 7.346271276473999023e-01 1.739585772156715393e-02 -5.157238245010375977e-02 1.335256546735763550e-01 9.895496964454650879e-01
3.923125863075256348e-01 5.475072264671325684e-01 7.447921633720397949e-01 1.761401258409023285e-02 -5.446786433458328247e-02 1.340398937463760376e-01 9.893211722373962402e-01
3.933626115322113037e-01 5.558458566665649414e-01 7.534065246582031250e-01 2.800377318635582924e-03 -6.025765463709831238e-02 1.322155892848968506e-01 9.893838167190551758e-01
3.931977748870849609e-01 5.623320937156677246e-01 7.615339159965515137e-01 -1.509964559227228165e-02 -6.583447754383087158e-02 1.292280405759811401e-01 9.893118739128112793e-01
3.928875625133514404e-01 5.709253549575805664e-01 7.721675634384155273e-01 -3.508047759532928467e-02 -7.074869424104690552e-02 1.229556053876876831e-01 9.892653822898864746e-01
3.921228945255279541e-01 5.769501328468322754e-01 7.806863784790039062e-01 -5.752828717231750488e-02 -7.495085150003433228e-02 1.159180328249931335e-01 9.887547492980957031e-01
3.918132781982421875e-01 5.845271348953247070e-01 7.908239960670471191e-01 -8.163791894912719727e-02 -7.905466109514236450e-02 1.081686913967132568e-01 9.876159429550170898e-01
3.921601474285125732e-01 5.920433998107910156e-01 8.016003370285034180e-01 -1.072441264986991882e-01 -8.351895213127136230e-02 9.878851473331451416e-02 9.857809543609619141e-01
3.916998505592346191e-01 6.003421545028686523e-01 8.116760849952697754e-01 -1.331828534603118896e-01 -8.761015534400939941e-02 8.902751654386520386e-02 9.831892251968383789e-01
3.883351683616638184e-01 6.082594990730285645e-01 8.241946101188659668e-01 -1.598876267671585083e-01 -9.208247810602188110e-02 7.763149589300155640e-02 9.797602891921997070e-01
3.866368234157562256e-01 6.147744059562683105e-01 8.345770835876464844e-01 -1.879106462001800537e-01 -9.607717394828796387e-02 6.620531529188156128e-02 9.752311110496520996e-01
3.842660784721374512e-01 6.216350793838500977e-01 8.453494310379028320e-01 -2.157331556081771851e-01 -9.957309812307357788e-02 5.482632294297218323e-02 9.698137044906616211e-01
3.824755251407623291e-01 6.286307573318481445e-01 8.573552966117858887e-01 -2.440759986639022827e-01 -1.036546751856803894e-01 4.356613010168075562e-02 9.632157683372497559e-01
3.795230984687805176e-01 6.374673247337341309e-01 8.729871511459350586e-01 -2.709994018077850342e-01 -1.089710965752601624e-01 3.279149159789085388e-02 9.558292031288146973e-01
3.762998580932617188e-01 6.445994973182678223e-01 8.856588602066040039e-01 -2.977026104927062988e-01 -1.136093139648437500e-01 2.239719219505786896e-02 9.476099014282226562e-01
3.727375864982604980e-01 6.520599126815795898e-01 8.994163870811462402e-01 -3.236563503742218018e-01 -1.180320382118225098e-01 1.306078489869832993e-02 9.386929273605346680e-01
3.698873221874237061e-01 6.600183844566345215e-01 9.119925498962402344e-01 -3.479238748550415039e-01 -1.233187764883041382e-01 5.129541270434856415e-03 9.293628334999084473e-01
3.658581078052520752e-01 6.675458550453186035e-01 9.256674051284790039e-01 -3.712023198604583740e-01 -1.282782703638076782e-01 -2.017455641180276871e-03 9.196464419364929199e-01
3.620021939277648926e-01 6.756341457366943359e-01 9.395396709442138672e-01 -3.925238549709320068e-01 -1.334086358547210693e-01 -7.432124111801385880e-03 9.099845886230468750e-01
3.581288456916809082e-01 6.829357743263244629e-01 9.527933001518249512e-01 -4.122767150402069092e-01 -1.389112472534179688e-01 -1.094003021717071533e-02 9.003399014472961426e-01
3.540301322937011719e-01 6.905377507209777832e-01 9.663838148117065430e-01 -4.299042820930480957e-01 -1.450852155685424805e-01 -1.259920746088027954e-02 8.910521268844604492e-01
3.494805097579956055e-01 6.980545520782470703e-01 9.794379472732543945e-01 -4.449854791164398193e-01 -1.515729576349258423e-01 -1.272458955645561218e-02 8.825256824493408203e-01
3.452251255512237549e-01 7.056274414062500000e-01 9.933081865310668945e-01 -4.579769670963287354e-01 -1.587835550308227539e-01 -9.587734006345272064e-03 8.746159076690673828e-01
3.412794470787048340e-01 7.129263877868652344e-01 1.007229328155517578e+00 -4.688108563423156738e-01 -1.668983399868011475e-01 -4.199602641165256500e-03 8.673775196075439453e-01
3.367605209350585938e-01 7.203140854835510254e-01 1.020832061767578125e+00 -4.771930277347564697e-01 -1.754052788019180298e-01 2.929365960881114006e-03 8.611105084419250488e-01
3.320602774620056152e-01 7.281320095062255859e-01 1.035193324089050293e+00 -4.836272597312927246e-01 -1.841675192117691040e-01 1.269839424639940262e-02 8.555850982666015625e-01
3.260766267776489258e-01 7.365986108779907227e-01 1.051212787628173828e+00 -4.876746535301208496e-01 -1.934640109539031982e-01 2.356510050594806671e-02 8.509934544563293457e-01
3.212410211563110352e-01 7.441219091415405273e-01 1.065660238265991211e+00 -4.900419414043426514e-01 -2.031978964805603027e-01 3.658926114439964294e-02 8.468948006629943848e-01
3.153529167175292969e-01 7.516676783561706543e-01 1.079648017883300781e+00 -4.900744557380676270e-01 -2.131867408752441406e-01 5.086552351713180542e-02 8.436771631240844727e-01
3.087587952613830566e-01 7.592638134956359863e-01 1.095389366149902344e+00 -4.887697398662567139e-01 -2.236080914735794067e-01 6.656080484390258789e-02 8.406385779380798340e-01
3.016437590122222900e-01 7.661555409431457520e-01 1.109890222549438477e+00 -4.855801761150360107e-01 -2.340362071990966797e-01 8.305750787258148193e-02 8.381768465042114258e-01
2.938309907913208008e-01 7.732320427894592285e-01 1.124491930007934570e+00 -4.806098043918609619e-01 -2.448496818542480469e-01 1.010918021202087402e-01 8.359685540199279785e-01
2.835804522037506104e-01 7.803293466567993164e-01 1.139073133468627930e+00 -4.738615751266479492e-01 -2.551706135272979736e-01 1.199565082788467407e-01 8.342383503913879395e-01
2.737070620059967041e-01 7.861049771308898926e-01 1.153054475784301758e+00 -4.659832417964935303e-01 -2.661139965057373047e-01 1.393871456384658813e-01 8.322344422340393066e-01
2.613785564899444580e-01 7.919565439224243164e-01 1.166060209274291992e+00 -4.560944736003875732e-01 -2.769805192947387695e-01 1.594690084457397461e-01 8.305596113204956055e-01
2.470698952674865723e-01 7.972966432571411133e-01 1.178221940994262695e+00 -4.448963701725006104e-01 -2.876638174057006836e-01 1.795601546764373779e-01 8.288998007774353027e-01
2.331960797309875488e-01 8.042080402374267578e-01 1.189418792724609375e+00 -4.324832260608673096e-01 -2.984106242656707764e-01 1.998180449008941650e-01 8.270320892333984375e-01
2.211639881134033203e-01 8.141113519668579102e-01 1.200792074203491211e+00 -4.187642633914947510e-01 -3.091002404689788818e-01 2.202191650867462158e-01 8.249831199645996094e-01
2.088382840156555176e-01 8.206368684768676758e-01 1.213123321533203125e+00 -4.040735363960266113e-01 -3.192048072814941406e-01 2.406108230352401733e-01 8.227632641792297363e-01
1.964512467384338379e-01 8.254017829895019531e-01 1.225059390068054199e+00 -3.887573182582855225e-01 -3.291335701942443848e-01 2.606484293937683105e-01 8.201227784156799316e-01
1.840248107910156250e-01 8.302363753318786621e-01 1.235962390899658203e+00 -3.720646202564239502e-01 -3.389110863208770752e-01 2.803140580654144287e-01 8.173930048942565918e-01
1.715574264526367188e-01 8.346437215805053711e-01 1.246448874473571777e+00 -3.547728657722473145e-01 -3.480164110660552979e-01 2.993153631687164307e-01 8.145127892494201660e-01
1.590273380279541016e-01 8.393281698226928711e-01 1.256271600723266602e+00 -3.366138935089111328e-01 -3.567425310611724854e-01 3.173490762710571289e-01 8.116129040718078613e-01
1.472203731536865234e-01 8.430565595626831055e-01 1.266443729400634766e+00 -3.183686137199401855e-01 -3.655368387699127197e-01 3.342099189758300781e-01 8.082870841026306152e-01
1.356535553932189941e-01 8.474591970443725586e-01 1.275722503662109375e+00 -2.993979454040527344e-01 -3.737984001636505127e-01 3.507525920867919922e-01 8.047412037849426270e-01
1.240873932838439941e-01 8.522714376449584961e-01 1.284122586250305176e+00 -2.794970870018005371e-01 -3.816727697849273682e-01 3.665176331996917725e-01 8.011692762374877930e-01
1.127011179924011230e-01 8.563959598541259766e-01 1.292126655578613281e+00 -2.587614059448242188e-01 -3.897790610790252686e-01 3.791296780109405518e-01 7.983580827713012695e-01
1.020861864089965820e-01 8.603247404098510742e-01 1.299683332443237305e+00 -2.375741004943847656e-01 -3.974599242210388184e-01 3.904241323471069336e-01 7.957092523574829102e-01
9.129750728607177734e-02 8.642274141311645508e-01 1.306668519973754883e+00 -2.165867537260055542e-01 -4.042700231075286865e-01 4.019108712673187256e-01 7.925425171852111816e-01
8.140182495117187500e-02 8.676211237907409668e-01 1.313781857490539551e+00 -1.961772590875625610e-01 -4.107553064823150635e-01 4.130933880805969238e-01 7.887639403343200684e-01
7.100260257720947266e-02 8.707022666931152344e-01 1.320320129394531250e+00 -1.760185211896896362e-01 -4.164738953113555908e-01 4.238294661045074463e-01 7.848156690597534180e-01
6.163036823272705078e-02 8.740477561950683594e-01 1.327132225036621094e+00 -1.566451489925384521e-01 -4.220333993434906006e-01 4.348378777503967285e-01 7.799140810966491699e-01
5.231726169586181641e-02 8.768046498298645020e-01 1.331982135772705078e+00 -1.376727372407913208e-01 -4.267966151237487793e-01 4.455206096172332764e-01 7.748563289642333984e-01
4.328370094299316406e-02 8.793465495109558105e-01 1.335976600646972656e+00 -1.196780502796173096e-01 -4.316550791263580322e-01 4.558386802673339844e-01 7.691308259963989258e-01
3.393042087554931641e-02 8.819842338562011719e-01 1.339727401733398438e+00 -1.019564941525459290e-01 -4.360768198966979980e-01 4.658414423465728760e-01 7.631735205650329590e-01
2.539122104644775391e-02 8.841079473495483398e-01 1.342675089836120605e+00 -8.481364697217941284e-02 -4.402499794960021973e-01 4.755192995071411133e-01 7.568805217742919922e-01
1.666319370269775391e-02 8.867037892341613770e-01 1.345016837120056152e+00 -6.875793635845184326e-02 -4.435493052005767822e-01 4.860211610794067383e-01 7.498799562454223633e-01
8.952260017395019531e-03 8.884867429733276367e-01 1.347576260566711426e+00 -5.351293832063674927e-02 -4.471119046211242676e-01 4.951216280460357666e-01 7.430221438407897949e-01
2.124786376953125000e-03 8.904402852058410645e-01 1.350170016288757324e+00 -3.815994411706924438e-02 -4.509251415729522705e-01 5.024194717407226562e-01 7.367394566535949707e-01
-5.445361137390136719e-03 8.928904533386230469e-01 1.352747082710266113e+00 -2.273918874561786652e-02 -4.549068510532379150e-01 5.085056424140930176e-01 7.307288646697998047e-01
-1.109719276428222656e-02 8.945274949073791504e-01 1.355704307556152344e+00 -9.104521945118904114e-03 -4.586605131626129150e-01 5.145965218544006348e-01 7.243880629539489746e-01
-1.800417900085449219e-02 8.950530886650085449e-01 1.357836484909057617e+00 3.522155340760946274e-03 -4.617661833763122559e-01 5.199856758117675781e-01 7.185920476913452148e-01
-2.479863166809082031e-02 8.958607912063598633e-01 1.360152363777160645e+00 4.658570047467947006e-03 -4.681084454059600830e-01 5.198969244956970215e-01 7.145348787307739258e-01
-3.108990192413330078e-02 8.977627754211425781e-01 1.361844420433044434e+00 6.462920922785997391e-03 -4.743064045906066895e-01 5.200746059417724609e-01 7.102916240692138672e-01
-3.680384159088134766e-02 8.986966609954833984e-01 1.363446712493896484e+00 8.018346503376960754e-03 -4.800970852375030518e-01 5.198794603347778320e-01 7.065181732177734375e-01
-3.887009620666503906e-02 8.997111916542053223e-01 1.365424156188964844e+00 9.056081064045429230e-03 -4.864713847637176514e-01 5.197050571441650391e-01 7.022608518600463867e-01
-4.140114784240722656e-02 9.010719060897827148e-01 1.367058038711547852e+00 1.038429699838161469e-02 -4.918326139450073242e-01 5.201275348663330078e-01 6.981835365295410156e-01
-4.432857036590576172e-02 9.019512534141540527e-01 1.368463635444641113e+00 1.121518760919570923e-02 -4.963792860507965088e-01 5.204304456710815430e-01 6.947187185287475586e-01
-4.784882068634033203e-02 9.040125608444213867e-01 1.370205283164978027e+00 1.201811898499727249e-02 -5.005518198013305664e-01 5.213021039962768555e-01 6.910482645034790039e-01
-4.980909824371337891e-02 9.048798084259033203e-01 1.371828794479370117e+00 1.271544303745031357e-02 -5.041214823722839355e-01 5.217093825340270996e-01 6.881273984909057617e-01
-5.153942108154296875e-02 9.052416682243347168e-01 1.373363018035888672e+00 1.303995400667190552e-02 -5.072328448295593262e-01 5.222277641296386719e-01 6.854363679885864258e-01
-5.278134346008300781e-02 9.060614109039306641e-01 1.374708294868469238e+00 1.363262441009283066e-02 -5.098337531089782715e-01 5.226424932479858398e-01 6.831753849983215332e-01
-5.416023731231689453e-02 9.063522219657897949e-01 1.375605106353759766e+00 1.381379179656505585e-02 -5.112960338592529297e-01 5.230425596237182617e-01 6.817712187767028809e-01
-5.520367622375488281e-02 9.066792726516723633e-01 1.376622796058654785e+00 1.370962895452976227e-02 -5.118936300277709961e-01 5.234005451202392578e-01 6.810498237609863281e-01
-5.688655376434326172e-02 9.070457220077514648e-01 1.376813650131225586e+00 1.347013004124164581e-02 -5.113304853439331055e-01 5.242762565612792969e-01 6.808040142059326172e-01
-5.759620666503906250e-02 9.070844650268554688e-01 1.376917004585266113e+00 1.295299176126718521e-02 -5.100724697113037109e-01 5.247582793235778809e-01 6.813862323760986328e-01
-5.791676044464111328e-02 9.073746800422668457e-01 1.377366542816162109e+00 1.225170493125915527e-02 -5.082905888557434082e-01 5.251272320747375488e-01 6.824455857276916504e-01
-5.778479576110839844e-02 9.074325561523437500e-01 1.377794981002807617e+00 1.125578116625547409e-02 -5.056237578392028809e-01 5.252041220664978027e-01 6.843819618225097656e-01
-5.899679660797119141e-02 9.075114130973815918e-01 1.378475189208984375e+00 1.055813487619161606e-02 -5.019023418426513672e-01 5.254754424095153809e-01 6.869193911552429199e-01
-5.950617790222167969e-02 9.083147048950195312e-01 1.379765391349792480e+00 9.827468544244766235e-03 -4.977227747440338135e-01 5.255756378173828125e-01 6.898882985115051270e-01
-6.050384044647216797e-02 9.077188968658447266e-01 1.379660606384277344e+00 8.396576158702373505e-03 -4.912599027156829834e-01 5.253036618232727051e-01 6.947296857833862305e-01
-6.200540065765380859e-02 9.075250029563903809e-01 1.380952477455139160e+00 7.621821947395801544e-03 -4.846840202808380127e-01 5.239431262016296387e-01 7.003620862960815430e-01
-6.327497959136962891e-02 9.076060652732849121e-01 1.381980180740356445e+00 -6.713025737553834915e-03 -4.814658164978027344e-01 5.153523683547973633e-01 7.089130282402038574e-01
-6.395494937896728516e-02 9.073824882507324219e-01 1.383481264114379883e+00 -2.215502969920635223e-02 -4.774887263774871826e-01 5.046834349632263184e-01 7.188937664031982422e-01
-6.683027744293212891e-02 9.086379408836364746e-01 1.384822845458984375e+00 -3.844755515456199646e-02 -4.726151823997497559e-01 4.941057264804840088e-01 7.287086248397827148e-01
-6.916964054107666016e-02 9.069435596466064453e-01 1.387027144432067871e+00 -5.679757893085479736e-02 -4.671930372714996338e-01 4.800594449043273926e-01 7.403024435043334961e-01
-7.191646099090576172e-02 9.065293669700622559e-01 1.389307498931884766e+00 -7.553269714117050171e-02 -4.610388576984405518e-01 4.661890864372253418e-01 7.512694597244262695e-01
-7.432913780212402344e-02 9.061580300331115723e-01 1.391168594360351562e+00 -9.477196633815765381e-02 -4.538571238517761230e-01 4.511204659938812256e-01 7.625761628150939941e-01
-7.789778709411621094e-02 9.061509370803833008e-01 1.394056200981140137e+00 -1.147534772753715515e-01 -4.462729990482330322e-01 4.357390105724334717e-01 7.731776237487792969e-01
-8.081018924713134766e-02 9.071187973022460938e-01 1.396703124046325684e+00 -1.344302445650100708e-01 -4.381654262542724609e-01 4.200160205364227295e-01 7.832791209220886230e-01
-8.479762077331542969e-02 9.063782095909118652e-01 1.399593591690063477e+00 -1.547636389732360840e-01 -4.293270409107208252e-01 4.023987352848052979e-01 7.936004400253295898e-01
-8.850318193435668945e-02 9.066080451011657715e-01 1.402742147445678711e+00 -1.750003397464752197e-01 -4.204980731010437012e-01 3.849662840366363525e-01 8.027186989784240723e-01
-9.142929315567016602e-02 9.059154391288757324e-01 1.405441284179687500e+00 -1.951603293418884277e-01 -4.110367596149444580e-01 3.665821552276611328e-01 8.115286827087402344e-01
-9.421050548553466797e-02 9.056043028831481934e-01 1.408267974853515625e+00 -2.150752991437911987e-01 -4.014876782894134521e-01 3.479161858558654785e-01 8.194538950920104980e-01
-9.732443094253540039e-02 9.055081009864807129e-01 1.410727024078369141e+00 -2.340975999832153320e-01 -3.920379877090454102e-01 3.294889032840728760e-01 8.264028429985046387e-01
-1.000265479087829590e-01 9.051267504692077637e-01 1.412683606147766113e+00 -2.525421977043151855e-01 -3.825392723083496094e-01 3.107233047485351562e-01 8.326687812805175781e-01
-1.025489568710327148e-01 9.049876928329467773e-01 1.414171695709228516e+00 -2.700672745704650879e-01 -3.728215992450714111e-01 2.925427854061126709e-01 8.381447196006774902e-01
-1.044644713401794434e-01 9.046145677566528320e-01 1.415544748306274414e+00 -2.867423593997955322e-01 -3.637040853500366211e-01 2.745143771171569824e-01 8.426980972290039062e-01
-1.056658029556274414e-01 9.050124883651733398e-01 1.416332364082336426e+00 -3.020768761634826660e-01 -3.550528585910797119e-01 2.578396499156951904e-01 8.462893962860107422e-01
-1.070533394813537598e-01 9.049220681190490723e-01 1.417350172996520996e+00 -3.166633546352386475e-01 -3.470913171768188477e-01 2.415074855089187622e-01 8.490736484527587891e-01
-1.080164909362792969e-01 9.046329259872436523e-01 1.418059110641479492e+00 -3.298744261264801025e-01 -3.396508693695068359e-01 2.261879295110702515e-01 8.512692451477050781e-01
-1.086537837982177734e-01 9.046280384063720703e-01 1.418450832366943359e+00 -3.416490256786346436e-01 -3.332235515117645264e-01 2.121183723211288452e-01 8.527859449386596680e-01
-1.090578734874725342e-01 9.048145413398742676e-01 1.418537974357604980e+00 -3.517703115940093994e-01 -3.279064595699310303e-01 1.993535161018371582e-01 8.538110256195068359e-01
-1.093777716159820557e-01 9.048148393630981445e-01 1.418915987014770508e+00 -3.606966137886047363e-01 -3.235457241535186768e-01 1.877270042896270752e-01 8.543856143951416016e-01
-1.100806891918182373e-01 9.048935770988464355e-01 1.419180631637573242e+00 -3.682181239128112793e-01 -3.200114369392395020e-01 1.774826198816299438e-01 8.546975851058959961e-01
-1.107645034790039062e-01 9.048395752906799316e-01 1.419451832771301270e+00 -3.744789659976959229e-01 -3.171264231204986572e-01 1.683411747217178345e-01 8.549021482467651367e-01
-1.114181280136108398e-01 9.048358201980590820e-01 1.419944882392883301e+00 -3.801694810390472412e-01 -3.149193227291107178e-01 1.603180915117263794e-01 8.547486066818237305e-01
-1.121370494365692139e-01 9.046593904495239258e-01 1.420555114746093750e+00 -3.848303854465484619e-01 -3.132557868957519531e-01 1.532089412212371826e-01 8.545779585838317871e-01
-1.132299900054931641e-01 9.045443534851074219e-01 1.421062469482421875e+00 -3.884437084197998047e-01 -3.117933273315429688e-01 1.466044932603836060e-01 8.546364903450012207e-01
-1.144362688064575195e-01 9.044893980026245117e-01 1.421872377395629883e+00 -3.917556107044219971e-01 -3.103930652141571045e-01 1.414491087198257446e-01 8.545032739639282227e-01
-1.157101392745971680e-01 9.042700529098510742e-01 1.422632694244384766e+00 -3.944503962993621826e-01 -3.090855777263641357e-01 1.363377273082733154e-01 8.545683622360229492e-01
-1.172156929969787598e-01 9.040176868438720703e-01 1.423397541046142578e+00 -3.966274857521057129e-01 -3.075615763664245605e-01 1.317075788974761963e-01 8.548367023468017578e-01
-1.188091933727264404e-01 9.037972688674926758e-01 1.424170732498168945e+00 -3.984451591968536377e-01 -3.055273592472076416e-01 1.276898384094238281e-01 8.553302288055419922e-01
-1.205622255802154541e-01 9.035004377365112305e-01 1.425204038619995117e+00 -4.003540277481079102e-01 -3.032936751842498779e-01 1.237927824258804321e-01 8.558066487312316895e-01
-1.223780214786529541e-01 9.029651284217834473e-01 1.426213979721069336e+00 -4.019762873649597168e-01 -3.002065718173980713e-01 1.198743656277656555e-01 8.566920757293701172e-01
-1.243359744548797607e-01 9.023852348327636719e-01 1.427327156066894531e+00 -4.037081003189086914e-01 -2.965741157531738281e-01 1.163667887449264526e-01 8.576260209083557129e-01
-1.266644001007080078e-01 9.020767211914062500e-01 1.428419113159179688e+00 -4.053481519222259521e-01 -2.919444143772125244e-01 1.126660928130149841e-01 8.589341044425964355e-01
-1.291275322437286377e-01 9.016461372375488281e-01 1.429537057876586914e+00 -4.070635437965393066e-01 -2.860218584537506104e-01 1.087105050683021545e-01 8.606235384941101074e-01
-1.315726339817047119e-01 9.009586572647094727e-01 1.430758476257324219e+00 -4.091616570949554443e-01 -2.789732515811920166e-01 1.044897735118865967e-01 8.624631166458129883e-01
-1.342463195323944092e-01 9.003396034240722656e-01 1.432046532630920410e+00 -4.117248654365539551e-01 -2.703902125358581543e-01 1.000161170959472656e-01 8.645048141479492188e-01
-1.372413933277130127e-01 8.998162150382995605e-01 1.433328390121459961e+00 -4.145495891571044922e-01 -2.601715326309204102e-01 9.454833716154098511e-02 8.669025897979736328e-01
-1.403665691614151001e-01 8.991931080818176270e-01 1.434520483016967773e+00 -4.178106188774108887e-01 -2.480392456054687500e-01 8.897123485803604126e-02 8.694797754287719727e-01
-1.433575004339218140e-01 8.982381224632263184e-01 1.435969829559326172e+00 -4.218538701534271240e-01 -2.343609184026718140e-01 8.260338008403778076e-02 8.719466924667358398e-01
-1.466239839792251587e-01 8.975457549095153809e-01 1.437147378921508789e+00 -4.261997342109680176e-01 -2.183860391378402710e-01 7.514893263578414917e-02 8.746508359909057617e-01
-1.500140726566314697e-01 8.964536190032958984e-01 1.438512086868286133e+00 -4.309973418712615967e-01 -2.011261433362960815e-01 6.748142093420028687e-02 8.770609498023986816e-01
-1.536082923412322998e-01 8.955165147781372070e-01 1.439876317977905273e+00 -4.357716143131256104e-01 -1.825896501541137695e-01 5.929952487349510193e-02 8.793450593948364258e-01
-1.573041677474975586e-01 8.943449258804321289e-01 1.441204309463500977e+00 -4.405519068241119385e-01 -1.632216721773147583e-01 5.082590878009796143e-02 8.812999129295349121e-01
-1.612283587455749512e-01 8.932186961174011230e-01 1.442483901977539062e+00 -4.452351331710815430e-01 -1.427285969257354736e-01 4.209992289543151855e-02 8.829619884490966797e-01
-1.654469370841979980e-01 8.924024701118469238e-01 1.443523168563842773e+00 -4.491681754589080811e-01 -1.217363774776458740e-01 3.318206220865249634e-02 8.844926357269287109e-01
-1.696584224700927734e-01 8.910918235778808594e-01 1.444774389266967773e+00 -4.532694816589355469e-01 -1.004823669791221619e-01 2.443567290902137756e-02 8.853547573089599609e-01
-1.739377975463867188e-01 8.896461725234985352e-01 1.445900201797485352e+00 -4.569169282913208008e-01 -7.920574396848678589e-02 1.601956039667129517e-02 8.858311176300048828e-01
-1.782298833131790161e-01 8.879804015159606934e-01 1.447100043296813965e+00 -4.602116644382476807e-01 -5.809944868087768555e-02 7.835337892174720764e-03 8.858715295791625977e-01
-1.828799545764923096e-01 8.863773941993713379e-01 1.448175191879272461e+00 -4.627937078475952148e-01 -3.762808814644813538e-02 -2.985068749694619328e-05 8.856670856475830078e-01
-1.878738403320312500e-01 8.854998350143432617e-01 1.449167370796203613e+00 -4.645375609397888184e-01 -1.770201511681079865e-02 -7.949951104819774628e-03 8.853408694267272949e-01
-1.927039772272109985e-01 8.837567567825317383e-01 1.450236082077026367e+00 -4.661035537719726562e-01 1.004682737402617931e-03 -1.454528886824846268e-02 8.846100568771362305e-01
-1.976986080408096313e-01 8.820569515228271484e-01 1.451087713241577148e+00 -4.665456116199493408e-01 1.842537336051464081e-02 -2.040108665823936462e-02 8.840698599815368652e-01
-2.026655226945877075e-01 8.800470829010009766e-01 1.452093601226806641e+00 -4.666836559772491455e-01 3.475349768996238708e-02 -2.426720038056373596e-02 8.834079504013061523e-01
-2.080366611480712891e-01 8.784795999526977539e-01 1.452999472618103027e+00 -4.656308889389038086e-01 4.983514174818992615e-02 -2.646919712424278259e-02 8.831782341003417969e-01
-2.133737653493881226e-01 8.766246438026428223e-01 1.453988075256347656e+00 -4.640828967094421387e-01 6.253548711538314819e-02 -2.827890031039714813e-02 8.831289410591125488e-01
-2.191056758165359497e-01 8.751769065856933594e-01 1.454567670822143555e+00 -4.613544046878814697e-01 7.236166298389434814e-02 -3.028784506022930145e-02 8.837411999702453613e-01
-2.252562046051025391e-01 8.731198310852050781e-01 1.455548405647277832e+00 -4.586486220359802246e-01 7.925633341073989868e-02 -3.206394612789154053e-02 8.844951987266540527e-01
-2.312395870685577393e-01 8.708155155181884766e-01 1.456288337707519531e+00 -4.552052617073059082e-01 8.234829455614089966e-02 -3.347850963473320007e-02 8.859379887580871582e-01
-2.376508712768554688e-01 8.687536716461181641e-01 1.457119345664978027e+00 -4.506804645061492920e-01 8.404916524887084961e-02 -3.089900501072406769e-02 8.881825208663940430e-01
-2.441958785057067871e-01 8.663506507873535156e-01 1.458106517791748047e+00 -4.453638195991516113e-01 8.286690711975097656e-02 -2.675208263099193573e-02 8.911051750183105469e-01
-2.505533993244171143e-01 8.648440837860107422e-01 1.458567619323730469e+00 -4.385980963706970215e-01 7.889319211244583130e-02 -2.101680822670459747e-02 8.949670195579528809e-01
-2.572205066680908203e-01 8.631683588027954102e-01 1.460128545761108398e+00 -4.316570162773132324e-01 7.262346893548965454e-02 -1.356838177889585495e-02 8.990072607994079590e-01
-2.638337314128875732e-01 8.609175682067871094e-01 1.461240053176879883e+00 -4.238072335720062256e-01 6.416881829500198364e-02 -4.899075720459222794e-03 9.034631848335266113e-01
-2.706583440303802490e-01 8.583824038505554199e-01 1.462415695190429688e+00 -4.152219593524932861e-01 5.378082767128944397e-02 4.867909476161003113e-03 9.081159830093383789e-01
-2.779557704925537109e-01 8.555977940559387207e-01 1.463688492774963379e+00 -4.060143828392028809e-01 4.216472804546356201e-02 1.543924491852521896e-02 9.127629399299621582e-01
-2.851492464542388916e-01 8.532220721244812012e-01 1.464588403701782227e+00 -3.954234719276428223e-01 2.908460423350334167e-02 2.680393494665622711e-02 9.176469445228576660e-01
-2.923584878444671631e-01 8.507919907569885254e-01 1.466104269027709961e+00 -3.842681348323822021e-01 1.448251307010650635e-02 3.941152617335319519e-02 9.222662448883056641e-01
-2.994807362556457520e-01 8.479119539260864258e-01 1.467797756195068359e+00 -3.726126253604888916e-01 -1.193849369883537292e-03 5.292740836739540100e-02 9.264757037162780762e-01
-3.068172335624694824e-01 8.448509573936462402e-01 1.469568610191345215e+00 -3.603180348873138428e-01 -1.706242375075817108e-02 6.721514463424682617e-02 9.302483201026916504e-01
-3.143150508403778076e-01 8.419684171676635742e-01 1.471722483634948730e+00 -3.471712768077850342e-01 -3.363707661628723145e-02 8.184407651424407959e-02 9.336178302764892578e-01
-3.221333622932434082e-01 8.389276266098022461e-01 1.474106788635253906e+00 -3.334913253784179688e-01 -5.004800111055374146e-02 9.713139384984970093e-02 9.363996386528015137e-01
-3.295481801033020020e-01 8.358643651008605957e-01 1.476619124412536621e+00 -3.189835250377655029e-01 -6.685771793127059937e-02 1.130225732922554016e-01 9.386189579963684082e-01
-3.378119468688964844e-01 8.327652812004089355e-01 1.479671239852905273e+00 -3.041178584098815918e-01 -8.276111632585525513e-02 1.288952529430389404e-01 9.402388334274291992e-01
-3.457218408584594727e-01 8.288654088973999023e-01 1.482844352722167969e+00 -2.891302704811096191e-01 -9.855227917432785034e-02 1.449155956506729126e-01 9.411113858222961426e-01
-3.529492616653442383e-01 8.263146281242370605e-01 1.485894680023193359e+00 -2.729811966419219971e-01 -1.138479784131050110e-01 1.619837135076522827e-01 9.414251446723937988e-01
-3.607237935066223145e-01 8.230350613594055176e-01 1.489651441574096680e+00 -2.570912241935729980e-01 -1.280276626348495483e-01 1.789358705282211304e-01 9.410074353218078613e-01
-3.673753142356872559e-01 8.191046714782714844e-01 1.493177056312561035e+00 -2.414784580469131470e-01 -1.410081237554550171e-01 1.955370903015136719e-01 9.399840831756591797e-01
-3.750280141830444336e-01 8.159781694412231445e-01 1.496232271194458008e+00 -2.252300679683685303e-01 -1.517036855220794678e-01 2.112612724304199219e-01 9.389495253562927246e-01
-3.806385099887847900e-01 8.122430443763732910e-01 1.498733997344970703e+00 -2.093528062105178833e-01 -1.615673601627349854e-01 2.272543609142303467e-01 9.372422099113464355e-01
-3.865844011306762695e-01 8.096386194229125977e-01 1.501786112785339355e+00 -1.934449225664138794e-01 -1.695037782192230225e-01 2.432084828615188599e-01 9.352524876594543457e-01
-3.915616869926452637e-01 8.074073791503906250e-01 1.503948450088500977e+00 -1.774520874023437500e-01 -1.760719418525695801e-01 2.589991092681884766e-01 9.329677820205688477e-01
-3.956121802330017090e-01 8.051632642745971680e-01 1.506328105926513672e+00 -1.622668504714965820e-01 -1.814518421888351440e-01 2.742842435836791992e-01 9.303295016288757324e-01
-3.986274302005767822e-01 8.028050661087036133e-01 1.508087277412414551e+00 -1.472068428993225098e-01 -1.857647150754928589e-01 2.890619635581970215e-01 9.275045990943908691e-01
-4.010933041572570801e-01 8.028584718704223633e-01 1.509444117546081543e+00 -1.316736340522766113e-01 -1.892548948526382446e-01 3.038190007209777832e-01 9.244126677513122559e-01
-4.043056964874267578e-01 8.009586334228515625e-01 1.510598540306091309e+00 -1.173452809453010559e-01 -1.909549236297607422e-01 3.175159990787506104e-01 9.213848114013671875e-01
-4.068504869937896729e-01 7.989509701728820801e-01 1.511676907539367676e+00 -1.037201881408691406e-01 -1.917550563812255859e-01 3.303230404853820801e-01 9.183456897735595703e-01
-4.082285165786743164e-01 7.974151372909545898e-01 1.512268304824829102e+00 -9.081620723009109497e-02 -1.919104754924774170e-01 3.424947261810302734e-01 9.152159690856933594e-01
-4.100586771965026855e-01 7.966431379318237305e-01 1.512165307998657227e+00 -7.796157896518707275e-02 -1.912127882242202759e-01 3.537777364253997803e-01 9.122505187988281250e-01
-4.102548360824584961e-01 7.953916788101196289e-01 1.513071179389953613e+00 -6.658477336168289185e-02 -1.906948834657669067e-01 3.646059036254882812e-01 9.089909195899963379e-01
-4.096903800964355469e-01 7.947580814361572266e-01 1.512807965278625488e+00 -5.538009852170944214e-02 -1.896217018365859985e-01 3.748433291912078857e-01 9.057975411415100098e-01
-4.106268584728240967e-01 7.941999435424804688e-01 1.513769745826721191e+00 -4.522996395826339722e-02 -1.881112754344940186e-01 3.843997120857238770e-01 9.026656746864318848e-01
-4.115846753120422363e-01 7.929312586784362793e-01 1.514232277870178223e+00 -3.588965535163879395e-02 -1.860243827104568481e-01 3.922850191593170166e-01 9.001219272613525391e-01
-4.135545492172241211e-01 7.925779819488525391e-01 1.516313791275024414e+00 -2.711069397628307343e-02 -1.844640374183654785e-01 3.992387056350708008e-01 8.976895809173583984e-01
-4.160392582416534424e-01 7.899168729782104492e-01 1.516405701637268066e+00 -2.000106126070022583e-02 -1.823742538690567017e-01 4.056795537471771240e-01 8.954126238822937012e-01
-4.194204211235046387e-01 7.878758907318115234e-01 1.517793655395507812e+00 -1.369493454694747925e-02 -1.802913397550582886e-01 4.107226431369781494e-01 8.936523199081420898e-01
-4.231206178665161133e-01 7.871522903442382812e-01 1.519616961479187012e+00 -7.696171756833791733e-03 -1.789701282978057861e-01 4.145890772342681885e-01 8.922030925750732422e-01
-4.254293739795684814e-01 7.860018610954284668e-01 1.522202491760253906e+00 -3.341483185067772865e-03 -1.785697638988494873e-01 4.173400104045867920e-01 8.910269737243652344e-01
-4.278141856193542480e-01 7.830554246902465820e-01 1.523395776748657227e+00 -8.830626029521226883e-04 -1.781231313943862915e-01 4.189773499965667725e-01 8.903535008430480957e-01
-4.303937554359436035e-01 7.816468477249145508e-01 1.525811433792114258e+00 -1.355123589746654034e-03 -1.789826005697250366e-01 4.191136956214904785e-01 8.901163935661315918e-01
-4.347095787525177002e-01 7.792222499847412109e-01 1.528169989585876465e+00 -1.213609939441084862e-03 -1.799493134021759033e-01 4.182026982307434082e-01 8.903501033782958984e-01
-4.404567480087280273e-01 7.759706377983093262e-01 1.530790925025939941e+00 -9.952530963346362114e-04 -1.808596849441528320e-01 4.161703288555145264e-01 8.911179304122924805e-01
-4.475677013397216797e-01 7.722331881523132324e-01 1.531985640525817871e+00 -9.255694458261132240e-04 -1.817867159843444824e-01 4.138525426387786865e-01 8.920083642005920410e-01
-4.540306627750396729e-01 7.689768075942993164e-01 1.532685399055480957e+00 -3.193915821611881256e-03 -1.833644658327102661e-01 4.101047813892364502e-01 8.934100270271301270e-01
-4.620851576328277588e-01 7.657898664474487305e-01 1.533670783042907715e+00 -5.996552295982837677e-03 -1.857535392045974731e-01 4.053352773189544678e-01 8.950771093368530273e-01
-4.697563052177429199e-01 7.627941370010375977e-01 1.532480001449584961e+00 -9.305602870881557465e-03 -1.883641332387924194e-01 4.004401266574859619e-01 8.967051506042480469e-01
-4.804339706897735596e-01 7.586954832077026367e-01 1.530003786087036133e+00 -1.304972637444734573e-02 -1.902088969945907593e-01 3.942956626415252686e-01 8.989890217781066895e-01
-4.866310954093933105e-01 7.546006441116333008e-01 1.529886603355407715e+00 -1.878403499722480774e-02 -1.945231407880783081e-01 3.879455029964447021e-01 9.007254242897033691e-01
-4.954624176025390625e-01 7.458305954933166504e-01 1.528454661369323730e+00 -2.643837220966815948e-02 -1.975832283496856689e-01 3.800079822540283203e-01 9.032473564147949219e-01
-5.049673914909362793e-01 7.410019040107727051e-01 1.525135278701782227e+00 -3.231210261583328247e-02 -2.010324299335479736e-01 3.721233606338500977e-01 9.055750966072082520e-01
-5.148510336875915527e-01 7.369902133941650391e-01 1.522600054740905762e+00 -3.843592852354049683e-02 -2.049173563718795776e-01 3.639416098594665527e-01 9.077875018119812012e-01
-5.255184769630432129e-01 7.319676280021667480e-01 1.519397497177124023e+00 -4.511344432830810547e-02 -2.082859873771667480e-01 3.557322919368743896e-01 9.099650382995605469e-01
-5.358531475067138672e-01 7.268303632736206055e-01 1.517633318901062012e+00 -5.260451138019561768e-02 -2.121564596891403198e-01 3.469902276992797852e-01 9.120418429374694824e-01
-5.465068817138671875e-01 7.215618491172790527e-01 1.516056299209594727e+00 -6.046257540583610535e-02 -2.164239734411239624e-01 3.380813300609588623e-01 9.138960838317871094e-01
-5.578302145004272461e-01 7.183128595352172852e-01 1.513006091117858887e+00 -6.766085326671600342e-02 -2.205756753683090210e-01 3.293347060680389404e-01 9.155911207199096680e-01
-5.697400569915771484e-01 7.127474546432495117e-01 1.510926842689514160e+00 -7.619190216064453125e-02 -2.245162576436996460e-01 3.203324675559997559e-01 9.171556234359741211e-01
-5.823644995689392090e-01 7.102046012878417969e-01 1.506795167922973633e+00 -8.350836485624313354e-02 -2.280261367559432983e-01 3.118671774864196777e-01 9.185692071914672852e-01
-5.954686403274536133e-01 7.076097726821899414e-01 1.502736449241638184e+00 -9.033468365669250488e-02 -2.317415773868560791e-01 3.037083446979522705e-01 9.197264909744262695e-01
-6.075851321220397949e-01 7.026476860046386719e-01 1.498614311218261719e+00 -9.798308461904525757e-02 -2.356029897928237915e-01 2.953090369701385498e-01 9.206971526145935059e-01
-6.204967498779296875e-01 6.979539394378662109e-01 1.493879795074462891e+00 -1.050355508923530579e-01 -2.388037294149398804e-01 2.875085473060607910e-01 9.215634465217590332e-01
-6.351202726364135742e-01 6.931220293045043945e-01 1.488526582717895508e+00 -1.116461157798767090e-01 -2.414490580558776855e-01 2.801249921321868896e-01 9.223706126213073730e-01
-6.499829292297363281e-01 6.884111166000366211e-01 1.481614828109741211e+00 -1.174751967191696167e-01 -2.436299920082092285e-01 2.730625867843627930e-01 9.231905937194824219e-01
-6.644836068153381348e-01 6.829928159713745117e-01 1.475433349609375000e+00 -1.236869841814041138e-01 -2.461146116256713867e-01 2.666744589805603027e-01 9.235875010490417480e-01
-6.778420209884643555e-01 6.770833730697631836e-01 1.469116091728210449e+00 -1.300291568040847778e-01 -2.482450455427169800e-01 2.597410380840301514e-01 9.241220355033874512e-01
-6.921455860137939453e-01 6.711965203285217285e-01 1.462627530097961426e+00 -1.358541101217269897e-01 -2.505232691764831543e-01 2.539648711681365967e-01 9.242746829986572266e-01
-7.069270610809326172e-01 6.639011502265930176e-01 1.456083655357360840e+00 -1.422816365957260132e-01 -2.523324787616729736e-01 2.476884722709655762e-01 9.245186448097229004e-01
-7.226564288139343262e-01 6.563800573348999023e-01 1.448737621307373047e+00 -1.480900347232818604e-01 -2.538585066795349121e-01 2.415924519300460815e-01 9.248018264770507812e-01
-7.378163337707519531e-01 6.492430567741394043e-01 1.441719770431518555e+00 -1.536612808704376221e-01 -2.554205060005187988e-01 2.358326315879821777e-01 9.249494671821594238e-01
-7.512583732604980469e-01 6.406282186508178711e-01 1.434036731719970703e+00 -1.596554368734359741e-01 -2.576694488525390625e-01 2.299745529890060425e-01 9.247856140136718750e-01
-7.639251351356506348e-01 6.313377618789672852e-01 1.422146320343017578e+00 -1.647301167249679565e-01 -2.586566209793090820e-01 2.246393263339996338e-01 9.249312877655029297e-01
-7.731635570526123047e-01 6.208546757698059082e-01 1.408408999443054199e+00 -1.703405827283859253e-01 -2.596860826015472412e-01 2.191419154405593872e-01 9.249454736709594727e-01
-7.812602519989013672e-01 6.111518144607543945e-01 1.394717216491699219e+00 -1.756724417209625244e-01 -2.607642114162445068e-01 2.138256579637527466e-01 9.248890876770019531e-01
-7.885980606079101562e-01 6.007632017135620117e-01 1.381080389022827148e+00 -1.815963238477706909e-01 -2.616864442825317383e-01 2.081447094678878784e-01 9.247804284095764160e-01
-7.961370944976806641e-01 5.899394750595092773e-01 1.367281436920166016e+00 -1.875887513160705566e-01 -2.621724903583526611e-01 2.023006379604339600e-01 9.247434735298156738e-01
-8.022729754447937012e-01 5.785061120986938477e-01 1.353871822357177734e+00 -1.936450600624084473e-01 -2.631689906120300293e-01 1.964032500982284546e-01 9.244833588600158691e-01
-8.076632618904113770e-01 5.673397779464721680e-01 1.341090679168701172e+00 -1.998512297868728638e-01 -2.640269398689270020e-01 1.905996203422546387e-01 9.241326451301574707e-01
-8.134804368019104004e-01 5.554328560829162598e-01 1.328573703765869141e+00 -2.061385214328765869e-01 -2.643412947654724121e-01 1.844327151775360107e-01 9.239130020141601562e-01
-8.191337585449218750e-01 5.431194901466369629e-01 1.316240310668945312e+00 -2.125198990106582642e-01 -2.647554874420166016e-01 1.776075661182403564e-01 9.236857891082763672e-01
-8.243740797042846680e-01 5.300692319869995117e-01 1.303369522094726562e+00 -2.189302146434783936e-01 -2.650772929191589355e-01 1.709581762552261353e-01 9.233508706092834473e-01
-8.298680186271667480e-01 5.159556865692138672e-01 1.291033625602722168e+00 -2.257951647043228149e-01 -2.651653587818145752e-01 1.636873781681060791e-01 9.229899048805236816e-01
-8.346601128578186035e-01 5.027229785919189453e-01 1.279134273529052734e+00 -2.324060201644897461e-01 -2.652667462825775146e-01 1.565577387809753418e-01 9.225566387176513672e-01
-8.391590118408203125e-01 4.888415634632110596e-01 1.267351865768432617e+00 -2.391202300786972046e-01 -2.652639448642730713e-01 1.487235128879547119e-01 9.221376776695251465e-01
-8.434884548187255859e-01 4.748401641845703125e-01 1.256042480468750000e+00 -2.459530681371688843e-01 -2.651883959770202637e-01 1.408025473356246948e-01 9.216056466102600098e-01
-8.475406169891357422e-01 4.602901041507720947e-01 1.245297312736511230e+00 -2.532819509506225586e-01 -2.650494277477264404e-01 1.326404064893722534e-01 9.208710789680480957e-01
-8.520186543464660645e-01 4.457214176654815674e-01 1.234482645988464355e+00 -2.605487108230590820e-01 -2.644831538200378418e-01 1.242006197571754456e-01 9.201833009719848633e-01
-8.558543324470520020e-01 4.315429925918579102e-01 1.224128246307373047e+00 -2.677214741706848145e-01 -2.642686367034912109e-01 1.156253367662429810e-01 9.193030595779418945e-01
-8.595940470695495605e-01 4.169915616512298584e-01 1.213950276374816895e+00 -2.751876115798950195e-01 -2.639308869838714600e-01 1.068922430276870728e-01 9.182518124580383301e-01
-8.633391857147216797e-01 4.016169309616088867e-01 1.203094720840454102e+00 -2.828217148780822754e-01 -2.630099952220916748e-01 9.828611463308334351e-02 9.171572327613830566e-01
-8.673578500747680664e-01 3.873443305492401123e-01 1.193004012107849121e+00 -2.901245951652526855e-01 -2.622512280941009521e-01 8.913550525903701782e-02 9.160278439521789551e-01
-8.711841702461242676e-01 3.729077875614166260e-01 1.183054089546203613e+00 -2.974707186222076416e-01 -2.614676952362060547e-01 7.994200289249420166e-02 9.147431850433349609e-01
-8.745479583740234375e-01 3.583053946495056152e-01 1.173563718795776367e+00 -3.049701452255249023e-01 -2.607838511466979980e-01 7.086328417062759399e-02 9.132159948348999023e-01
-8.779302835464477539e-01 3.437108099460601807e-01 1.164059400558471680e+00 -3.125965297222137451e-01 -2.600180208683013916e-01 6.174809113144874573e-02 9.115158915519714355e-01
-8.814053535461425781e-01 3.296474516391754150e-01 1.154484033584594727e+00 -3.197788596153259277e-01 -2.591123282909393311e-01 5.276605486869812012e-02 9.098450541496276855e-01
-8.847575783729553223e-01 3.145216703414916992e-01 1.144930958747863770e+00 -3.272264897823333740e-01 -2.583405077457427979e-01 4.339985921978950500e-02 9.079093933105468750e-01
-8.882583379745483398e-01 3.003900647163391113e-01 1.135501146316528320e+00 -3.343781530857086182e-01 -2.574416100978851318e-01 3.409946337342262268e-02 9.059538245201110840e-01
-8.914829492568969727e-01 2.862758636474609375e-01 1.126103758811950684e+00 -3.413988649845123291e-01 -2.565329074859619141e-01 2.501192502677440643e-02 9.038872122764587402e-01
-8.943458199501037598e-01 2.732987999916076660e-01 1.117562532424926758e+00 -3.483505845069885254e-01 -2.557521164417266846e-01 1.599241979420185089e-02 9.016579389572143555e-01
