-0.000000000000000000e+00 -0.000000000000000000e+00 -0.000000000000000000e+00 -0.000000000000000000e+00 -0.000000000000000000e+00 -0.000000000000000000e+00 1.000000000000000000e+00
-0.000000000000000000e+00 -0.000000000000000000e+00 -0.000000000000000000e+00 -0.000000000000000000e+00 -0.000000000000000000e+00 -0.000000000000000000e+00 1.000000000000000000e+00
1.194979902356863022e-02 1.509328465908765793e-02 2.053303085267543793e-02 -3.887876169756054878e-03 1.529288128949701786e-03 -3.178450744599103928e-03 9.999862313270568848e-01
1.194979902356863022e-02 1.509328465908765793e-02 2.053303085267543793e-02 -3.887876169756054878e-03 1.529288128949701786e-03 -3.178450744599103928e-03 9.999862313270568848e-01
2.474416047334671021e-02 2.780822478234767914e-02 4.063965380191802979e-02 -8.795037865638732910e-03 5.961620248854160309e-03 -6.111608818173408508e-03 9.999248981475830078e-01
2.474416047334671021e-02 2.780822478234767914e-02 4.063965380191802979e-02 -8.795037865638732910e-03 5.961620248854160309e-03 -6.111608818173408508e-03 9.999248981475830078e-01
3.835590183734893799e-02 3.870896250009536743e-02 5.907509848475456238e-02 -1.280829589813947678e-02 1.324598770588636398e-02 -1.082726102322340012e-02 9.997715950012207031e-01
3.835590183734893799e-02 3.870896250009536743e-02 5.907509848475456238e-02 -1.280829589813947678e-02 1.324598770588636398e-02 -1.082726102322340012e-02 9.997715950012207031e-01
5.201433598995208740e-02 4.911715537309646606e-02 7.574450224637985229e-02 -1.712541468441486359e-02 2.205387316644191742e-02 -1.667437143623828888e-02 9.994710683822631836e-01
5.201433598995208740e-02 4.911715537309646606e-02 7.574450224637985229e-02 -1.712541468441486359e-02 2.205387316644191742e-02 -1.667437143623828888e-02 9.994710683822631836e-01
6.394743919372558594e-02 5.994829908013343811e-02 9.387290477752685547e-02 -2.212930098176002502e-02 3.345832973718643188e-02 -2.354701235890388489e-02 9.989176392555236816e-01
6.394743919372558594e-02 5.994829908013343811e-02 9.387290477752685547e-02 -2.212930098176002502e-02 3.345832973718643188e-02 -2.354701235890388489e-02 9.989176392555236816e-01
7.521222531795501709e-02 6.910862028598785400e-02 1.090446114540100098e-01 -2.689437195658683777e-02 4.544320330023765564e-02 -3.095077350735664368e-02 9.981251358985900879e-01
7.521222531795501709e-02 6.910862028598785400e-02 1.090446114540100098e-01 -2.689437195658683777e-02 4.544320330023765564e-02 -3.095077350735664368e-02 9.981251358985900879e-01
8.508654683828353882e-02 7.893364876508712769e-02 1.249615997076034546e-01 -3.145685791969299316e-02 5.829456076025962830e-02 -3.850537165999412537e-02 9.970604777336120605e-01
9.100615978240966797e-02 8.409624546766281128e-02 1.324139535427093506e-01 -3.320499882102012634e-02 6.420500576496124268e-02 -4.205998778343200684e-02 9.964969158172607422e-01
9.667874872684478760e-02 9.137881547212600708e-02 1.416812092065811157e-01 -3.452522307634353638e-02 7.016198337078094482e-02 -4.530047625303268433e-02 9.959082007408142090e-01
1.038763821125030518e-01 9.737355262041091919e-02 1.499262154102325439e-01 -3.584773093461990356e-02 7.526070624589920044e-02 -4.796482995152473450e-02 9.953643083572387695e-01
1.114314794540405273e-01 1.039119735360145569e-01 1.591729670763015747e-01 -3.661589324474334717e-02 8.034124225378036499e-02 -5.137526988983154297e-02 9.947689771652221680e-01
1.118107289075851440e-01 1.269484311342239380e-01 1.517542600631713867e-01 -2.119211107492446899e-02 8.378768712282180786e-02 -5.327235534787178040e-02 9.948329329490661621e-01
1.234525963664054871e-01 1.320157647132873535e-01 1.603724211454391479e-01 -2.192854695022106171e-02 8.650075644254684448e-02 -5.248088762164115906e-02 9.946268200874328613e-01
1.392457932233810425e-01 1.374406963586807251e-01 1.649479568004608154e-01 -2.136132866144180298e-02 8.754625916481018066e-02 -5.078842118382453918e-02 9.946355819702148438e-01
1.532818078994750977e-01 1.418060362339019775e-01 1.665302962064743042e-01 -2.083098702132701874e-02 9.031094610691070557e-02 -5.017291754484176636e-02 9.944308400154113770e-01
1.686196625232696533e-01 1.463188529014587402e-01 1.705933213233947754e-01 -1.984599418938159943e-02 9.211027622222900391e-02 -4.844157770276069641e-02 9.943718314170837402e-01
1.847317665815353394e-01 1.480855494737625122e-01 1.754249483346939087e-01 -1.924061402678489685e-02 9.314053505659103394e-02 -4.696889221668243408e-02 9.943583607673645020e-01
1.985322833061218262e-01 1.440754979848861694e-01 1.821174770593643188e-01 -1.935181953012943268e-02 9.417629241943359375e-02 -4.843781515955924988e-02 9.941881895065307617e-01
2.103258520364761353e-01 1.447515189647674561e-01 1.909579187631607056e-01 -1.832795888185501099e-02 9.550972282886505127e-02 -4.899516329169273376e-02 9.940530657768249512e-01
2.204355150461196899e-01 1.496001780033111572e-01 2.017135620117187500e-01 -1.654893904924392700e-02 9.710606187582015991e-02 -4.772723466157913208e-02 9.939913153648376465e-01
2.359587699174880981e-01 1.448470801115036011e-01 2.089717686176300049e-01 -1.915469765663146973e-02 8.659813553094863892e-02 -5.013547092676162720e-02 9.947966337203979492e-01
2.508330643177032471e-01 1.484966278076171875e-01 2.152627706527709961e-01 -1.837677508592605591e-02 8.708705753087997437e-02 -4.956576228141784668e-02 9.947971701622009277e-01
2.672595679759979248e-01 1.523891985416412354e-01 2.207093685865402222e-01 -1.763767190277576447e-02 8.745554834604263306e-02 -4.884498566389083862e-02 9.948139190673828125e-01
2.803756594657897949e-01 1.574476063251495361e-01 2.287224531173706055e-01 -1.693107001483440399e-02 8.868558704853057861e-02 -4.897280782461166382e-02 9.947109818458557129e-01
2.897865176200866699e-01 1.637141257524490356e-01 2.412769347429275513e-01 -1.685098744928836823e-02 8.906754851341247559e-02 -4.842493683099746704e-02 9.947050213813781738e-01
2.956632375717163086e-01 1.740673333406448364e-01 2.565569579601287842e-01 -1.678437739610671997e-02 8.837210386991500854e-02 -4.797175154089927673e-02 9.947901368141174316e-01
2.983907163143157959e-01 1.830213814973831177e-01 2.675414681434631348e-01 -1.666792668402194977e-02 8.784682303667068481e-02 -4.675295948982238770e-02 9.948966503143310547e-01
3.010889887809753418e-01 1.929083913564682007e-01 2.768947184085845947e-01 -1.569649763405323029e-02 8.795224130153656006e-02 -4.653565585613250732e-02 9.949133396148681641e-01
3.050877749919891357e-01 2.006604224443435669e-01 2.887759506702423096e-01 -1.762623526155948639e-02 8.589361608028411865e-02 -4.725491628050804138e-02 9.950269460678100586e-01
3.017356693744659424e-01 2.154200822114944458e-01 3.099951744079589844e-01 -1.893883571028709412e-02 8.500408381223678589e-02 -5.105736851692199707e-02 9.948914051055908203e-01
3.035878837108612061e-01 2.249882221221923828e-01 3.211774230003356934e-01 -1.893796585500240326e-02 8.462490886449813843e-02 -5.157463252544403076e-02 9.948970675468444824e-01
3.045818209648132324e-01 2.388518154621124268e-01 3.336499929428100586e-01 -1.747155003249645233e-02 8.577688783407211304e-02 -5.080169066786766052e-02 9.948649406433105469e-01
3.076909184455871582e-01 2.483775615692138672e-01 3.454753756523132324e-01 -1.892398670315742493e-02 8.464395254850387573e-02 -5.155707523226737976e-02 9.948965907096862793e-01
3.108851313591003418e-01 2.608252465724945068e-01 3.614400029182434082e-01 -1.953026279807090759e-02 8.347862213850021362e-02 -5.177874863147735596e-02 9.949718117713928223e-01
3.118453323841094971e-01 2.720182240009307861e-01 3.725498914718627930e-01 -1.894919015467166901e-02 8.481287211179733276e-02 -5.235942825675010681e-02 9.948397874832153320e-01
3.129374086856842041e-01 2.817716300487518311e-01 3.838444054126739502e-01 -1.892171800136566162e-02 8.522287011146545410e-02 -5.125017836689949036e-02 9.948630332946777344e-01
3.152406215667724609e-01 2.925618886947631836e-01 3.943744897842407227e-01 -1.928341016173362732e-02 8.548351377248764038e-02 -5.142251402139663696e-02 9.948248863220214844e-01
3.185962140560150146e-01 3.013259172439575195e-01 4.040177762508392334e-01 -1.984482817351818085e-02 8.457186073064804077e-02 -5.260996893048286438e-02 9.948295950889587402e-01
3.207661807537078857e-01 3.110119700431823730e-01 4.128794670104980469e-01 -1.917188428342342377e-02 8.496794104576110840e-02 -5.202326178550720215e-02 9.948399066925048828e-01
3.229768276214599609e-01 3.191707134246826172e-01 4.210291504859924316e-01 -1.903605461120605469e-02 8.485606312751770020e-02 -5.151901766657829285e-02 9.948783516883850098e-01
3.242277503013610840e-01 3.281100690364837646e-01 4.310707747936248779e-01 -1.915925368666648865e-02 8.523895591497421265e-02 -5.117858573794364929e-02 9.948608279228210449e-01
3.246788680553436279e-01 3.377083241939544678e-01 4.440583288669586182e-01 -1.991643756628036499e-02 8.523213863372802734e-02 -5.009581521153450012e-02 9.949016571044921875e-01
3.268226385116577148e-01 3.435890376567840576e-01 4.480956494808197021e-01 -1.952986977994441986e-02 8.540581166744232178e-02 -4.984342306852340698e-02 9.949070811271667480e-01
3.281017243862152100e-01 3.484542369842529297e-01 4.531464278697967529e-01 -1.947425678372383118e-02 8.510555326938629150e-02 -5.174568668007850647e-02 9.948368072509765625e-01
3.285428285598754883e-01 3.529707491397857666e-01 4.705813825130462646e-01 -2.459088526666164398e-02 7.886651903390884399e-02 -5.668266862630844116e-02 9.949685931205749512e-01
3.290382027626037598e-01 3.592598140239715576e-01 4.788583219051361084e-01 -2.448761649429798126e-02 7.876902818679809570e-02 -5.685093253850936890e-02 9.949692487716674805e-01
3.292445540428161621e-01 3.645012974739074707e-01 4.865852594375610352e-01 -2.453036978840827942e-02 7.892363518476486206e-02 -5.667967349290847778e-02 9.949657320976257324e-01
3.290771245956420898e-01 3.700533807277679443e-01 4.949663579463958740e-01 -2.492914162576198578e-02 7.891426980495452881e-02 -5.750325322151184082e-02 9.949092864990234375e-01
3.288482725620269775e-01 3.749370872974395752e-01 5.037680864334106445e-01 -2.543250098824501038e-02 7.802885025739669800e-02 -5.730361118912696838e-02 9.949778914451599121e-01
3.284682929515838623e-01 3.787993788719177246e-01 5.111525654792785645e-01 -2.570650167763233185e-02 7.727245241403579712e-02 -5.855406820774078369e-02 9.949570894241333008e-01
3.270049691200256348e-01 3.804937303066253662e-01 5.156452059745788574e-01 -2.551196143031120300e-02 7.749544084072113037e-02 -5.903438478708267212e-02 9.949163794517517090e-01
3.212311267852783203e-01 3.851451277732849121e-01 5.266697406768798828e-01 -2.472368627786636353e-02 7.845375686883926392e-02 -5.691137164831161499e-02 9.949849247932434082e-01
3.202790617942810059e-01 3.846934139728546143e-01 5.347912907600402832e-01 -2.694794163107872009e-02 7.460537552833557129e-02 -6.202849000692367554e-02 9.949172735214233398e-01
3.321872055530548096e-01 4.040321707725524902e-01 5.395720005035400391e-01 5.921358824707567692e-04 5.522212758660316467e-02 -1.979121752083301544e-02 9.982777237892150879e-01
3.290217816829681396e-01 4.072827994823455811e-01 5.449021458625793457e-01 2.048339461907744408e-03 5.692968890070915222e-02 -1.554094441235065460e-02 9.982551932334899902e-01
3.244366943836212158e-01 4.103405177593231201e-01 5.507614612579345703e-01 3.692073049023747444e-03 5.845937505364418030e-02 -1.310668699443340302e-02 9.981968998908996582e-01
3.205799162387847900e-01 4.147002100944519043e-01 5.570376515388488770e-01 7.471692282706499100e-03 5.802448466420173645e-02 -3.640560898929834366e-03 9.982805848121643066e-01
3.262302875518798828e-01 4.227184653282165527e-01 5.664126873016357422e-01 1.213321741670370102e-02 3.909420222043991089e-02 1.468967180699110031e-02 9.990538954734802246e-01
3.302247524261474609e-01 4.265730679035186768e-01 5.699484944343566895e-01 1.624689809978008270e-02 1.841185428202152252e-02 3.857205808162689209e-02 9.989541172981262207e-01
3.329443037509918213e-01 4.309782385826110840e-01 5.802931189537048340e-01 1.603230647742748260e-02 7.138872984796762466e-03 4.909817501902580261e-02 9.986398220062255859e-01
3.333678245544433594e-01 4.360713660717010498e-01 5.886577367782592773e-01 2.002835832536220551e-02 -4.768096376210451126e-03 6.243910267949104309e-02 9.978364706039428711e-01
3.335077762603759766e-01 4.388486146926879883e-01 5.884977579116821289e-01 2.007780037820339203e-02 -5.712444894015789032e-03 7.718095928430557251e-02 9.967986345291137695e-01
3.342326581478118896e-01 4.440742135047912598e-01 5.954174995422363281e-01 2.211952954530715942e-02 -1.469144690781831741e-02 8.858439326286315918e-02 9.957146644592285156e-01
3.346070051193237305e-01 4.496929645538330078e-01 6.028550863265991211e-01 2.511913701891899109e-02 -2.309864200651645660e-02 9.928558766841888428e-02 9.944736957550048828e-01
3.350166380405426025e-01 4.550053477287292480e-01 6.100088357925415039e-01 2.705186977982521057e-02 -3.118921443819999695e-02 1.086969673633575439e-01 9.932172894477844238e-01
3.356053829193115234e-01 4.593817293643951416e-01 6.172525286674499512e-01 2.803282439708709717e-02 -4.133130982518196106e-02 1.173358857631683350e-01 9.918357729911804199e-01
3.355396389961242676e-01 4.659176468849182129e-01 6.254200935363769531e-01 3.052533604204654694e-02 -4.767724126577377319e-02 1.266535222530364990e-01 9.903302192687988281e-01
3.350625336170196533e-01 4.691682159900665283e-01 6.289733052253723145e-01 2.998590096831321716e-02 -4.997443780303001404e-02 1.342969387769699097e-01 9.892258644104003906e-01
3.353776931762695312e-01 4.748286306858062744e-01 6.369001865386962891e-01 3.123834170401096344e-02 -5.634846910834312439e-02 1.393371522426605225e-01 9.881468415260314941e-01
3.352178037166595459e-01 4.806148111820220947e-01 6.451554298400878906e-01 3.282653167843818665e-02 -6.180618330836296082e-02 1.434605717658996582e-01 9.871786236763000488e-01
3.356531262397766113e-01 4.860805869102478027e-01 6.522681117057800293e-01 3.334634378552436829e-02 -6.519573181867599487e-02 1.463437825441360474e-01 9.865196943283081055e-01
3.359545469284057617e-01 4.917678833007812500e-01 6.601713299751281738e-01 3.405575454235076904e-02 -6.856941431760787964e-02 1.461525112390518188e-01 9.862951040267944336e-01
3.351427316665649414e-01 4.976645708084106445e-01 6.705532073974609375e-01 1.871628314256668091e-02 -7.466602325439453125e-02 1.416257023811340332e-01 9.869229197502136230e-01
3.364272117614746094e-01 5.038005709648132324e-01 6.759636402130126953e-01 1.697471714578568935e-03 -7.993149757385253906e-02 1.407871842384338379e-01 9.868065714836120605e-01
3.365940451622009277e-01 5.100650787353515625e-01 6.846516132354736328e-01 -1.828493736684322357e-02 -8.568553626537322998e-02 1.351443380117416382e-01 9.869446158409118652e-01
3.363148868083953857e-01 5.162246227264404297e-01 6.935815811157226562e-01 -4.005588591098785400e-02 -9.031433612108230591e-02 1.271018236875534058e-01 9.869569540023803711e-01
3.362039327621459961e-01 5.225566029548645020e-01 7.021040916442871094e-01 -6.383503973484039307e-02 -9.508274495601654053e-02 1.194287613034248352e-01 9.862155914306640625e-01
3.362599909305572510e-01 5.282367467880249023e-01 7.109681367874145508e-01 -8.922286331653594971e-02 -1.000511348247528076e-01 1.091559305787086487e-01 9.849436879158020020e-01
3.328467309474945068e-01 5.348368287086486816e-01 7.208412885665893555e-01 -1.154212132096290588e-01 -1.028835028409957886e-01 9.847634285688400269e-02 9.830541014671325684e-01
3.303897380828857422e-01 5.411243438720703125e-01 7.317056655883789062e-01 -1.425980329513549805e-01 -1.075404435396194458e-01 8.689673990011215210e-02 9.800764322280883789e-01
3.294929862022399902e-01 5.453623533248901367e-01 7.404785156250000000e-01 -1.701302826404571533e-01 -1.124457642436027527e-01 7.453345507383346558e-02 9.761436581611633301e-01
3.282447159290313721e-01 5.512203574180603027e-01 7.495996952056884766e-01 -1.977145969867706299e-01 -1.169236004352569580e-01 6.300043314695358276e-02 9.712202548980712891e-01
3.270749747753143311e-01 5.570089817047119141e-01 7.597178220748901367e-01 -2.254688441753387451e-01 -1.219242960214614868e-01 5.150910094380378723e-02 9.652176499366760254e-01
3.244864642620086670e-01 5.631583333015441895e-01 7.696329355239868164e-01 -2.521400749683380127e-01 -1.264177113771438599e-01 4.070759937167167664e-02 9.585337042808532715e-01
3.205082714557647705e-01 5.678105354309082031e-01 7.805044651031494141e-01 -2.793290913105010986e-01 -1.301716864109039307e-01 2.876571193337440491e-02 9.508960247039794922e-01
3.174935579299926758e-01 5.732961893081665039e-01 7.909319400787353516e-01 -3.049169778823852539e-01 -1.350319832563400269e-01 1.877743378281593323e-02 9.425706267356872559e-01
3.145245909690856934e-01 5.787882804870605469e-01 8.014146089553833008e-01 -3.293044567108154297e-01 -1.399895697832107544e-01 1.025021448731422424e-02 9.337325692176818848e-01
3.107832074165344238e-01 5.843322873115539551e-01 8.113580942153930664e-01 -3.519771099090576172e-01 -1.448198407888412476e-01 2.290162025019526482e-03 9.247345924377441406e-01
3.073475062847137451e-01 5.903420448303222656e-01 8.229196667671203613e-01 -3.737922310829162598e-01 -1.502156853675842285e-01 -3.565803170204162598e-03 9.152606129646301270e-01
3.032715320587158203e-01 5.960524678230285645e-01 8.338241577148437500e-01 -3.934882283210754395e-01 -1.555946767330169678e-01 -8.078680373728275299e-03 9.060309529304504395e-01
3.005003929138183594e-01 6.015216708183288574e-01 8.448220491409301758e-01 -4.109941124916076660e-01 -1.623903363943099976e-01 -9.120010770857334137e-03 8.970118165016174316e-01
2.966993451118469238e-01 6.072812080383300781e-01 8.557652235031127930e-01 -4.261732995510101318e-01 -1.692681312561035156e-01 -9.368874132633209229e-03 8.886151313781738281e-01
2.927450239658355713e-01 6.130137443542480469e-01 8.673302531242370605e-01 -4.391866624355316162e-01 -1.764960885047912598e-01 -6.568552460521459579e-03 8.808638453483581543e-01
2.890964150428771973e-01 6.182840466499328613e-01 8.789681196212768555e-01 -4.502168297767639160e-01 -1.849908232688903809e-01 -1.728238887153565884e-03 8.735446929931640625e-01
2.848183810710906982e-01 6.238973140716552734e-01 8.904846906661987305e-01 -4.586084485054016113e-01 -1.933979690074920654e-01 5.397047847509384155e-03 8.673213720321655273e-01
2.805906832218170166e-01 6.297062039375305176e-01 9.023308753967285156e-01 -4.648992419242858887e-01 -2.025220841169357300e-01 1.461105700582265854e-02 8.617656826972961426e-01
2.760610282421112061e-01 6.353269219398498535e-01 9.146602153778076172e-01 -4.694849550724029541e-01 -2.121691107749938965e-01 2.562895603477954865e-02 8.566862940788269043e-01
2.711704373359680176e-01 6.405290961265563965e-01 9.260376691818237305e-01 -4.719395041465759277e-01 -2.219817638397216797e-01 3.773675486445426941e-02 8.523926138877868652e-01
2.658357918262481689e-01 6.461831331253051758e-01 9.381216764450073242e-01 -4.724213778972625732e-01 -2.322119474411010742e-01 5.180018395185470581e-02 8.486532568931579590e-01
2.602011561393737793e-01 6.511451005935668945e-01 9.498530030250549316e-01 -4.710749983787536621e-01 -2.426841855049133301e-01 6.722807139158248901e-02 8.453834652900695801e-01
2.535401284694671631e-01 6.561875343322753906e-01 9.621669054031372070e-01 -4.682957828044891357e-01 -2.532382607460021973e-01 8.375296741724014282e-02 8.423508405685424805e-01
2.466801106929779053e-01 6.609190702438354492e-01 9.739952087402343750e-01 -4.636834561824798584e-01 -2.642683982849121094e-01 1.014637500047683716e-01 8.395624160766601562e-01
2.389441728591918945e-01 6.654745340347290039e-01 9.855902194976806641e-01 -4.572908580303192139e-01 -2.753592133522033691e-01 1.198454797267913818e-01 8.370779752731323242e-01
2.296094298362731934e-01 6.701762676239013672e-01 9.973096847534179688e-01 -4.494228959083557129e-01 -2.864177227020263672e-01 1.392583698034286499e-01 8.346203565597534180e-01
2.199116647243499756e-01 6.737148761749267578e-01 1.007871270179748535e+00 -4.401683807373046875e-01 -2.977942526340484619e-01 1.593523174524307251e-01 8.319719433784484863e-01
2.086493968963623047e-01 6.778015494346618652e-01 1.017228126525878906e+00 -4.288643002510070801e-01 -3.090416491031646729e-01 1.799396276473999023e-01 8.295724391937255859e-01
1.965767741203308105e-01 6.830534934997558594e-01 1.026208758354187012e+00 -4.164264202117919922e-01 -3.198900222778320312e-01 2.003410458564758301e-01 8.271172642707824707e-01
1.866768002510070801e-01 6.904653310775756836e-01 1.035098314285278320e+00 -4.029768109321594238e-01 -3.303224742412567139e-01 2.207275032997131348e-01 8.244854211807250977e-01
1.763333678245544434e-01 6.954768300056457520e-01 1.045181155204772949e+00 -3.883397877216339111e-01 -3.409557342529296875e-01 2.411895245313644409e-01 8.214432597160339355e-01
1.657905578613281250e-01 6.984567642211914062e-01 1.054074287414550781e+00 -3.730696439743041992e-01 -3.507260978221893311e-01 2.610937654972076416e-01 8.183155655860900879e-01
1.554186940193176270e-01 7.017002105712890625e-01 1.062842011451721191e+00 -3.566829860210418701e-01 -3.604003190994262695e-01 2.808242738246917725e-01 8.148783445358276367e-01
1.452755928039550781e-01 7.044684886932373047e-01 1.071486115455627441e+00 -3.399632573127746582e-01 -3.697704374790191650e-01 2.997435331344604492e-01 8.110787272453308105e-01
1.344879269599914551e-01 7.072393894195556641e-01 1.079202532768249512e+00 -3.219656646251678467e-01 -3.785416781902313232e-01 3.171659111976623535e-01 8.077439069747924805e-01
1.246738433837890625e-01 7.101827859878540039e-01 1.087020158767700195e+00 -3.037416636943817139e-01 -3.871119618415832520e-01 3.344179391860961914e-01 8.037723302841186523e-01
1.148968338966369629e-01 7.128168940544128418e-01 1.094253182411193848e+00 -2.851098477840423584e-01 -3.951984643936157227e-01 3.509961664676666260e-01 7.995825409889221191e-01
1.056364178657531738e-01 7.163417935371398926e-01 1.100672245025634766e+00 -2.652623653411865234e-01 -4.030606448650360107e-01 3.668176531791687012e-01 7.953759431838989258e-01
9.601068496704101562e-02 7.189149856567382812e-01 1.107190489768981934e+00 -2.446384578943252563e-01 -4.110397100448608398e-01 3.792706429958343506e-01 7.920557260513305664e-01
8.679515123367309570e-02 7.218369841575622559e-01 1.113219738006591797e+00 -2.236924767494201660e-01 -4.186663329601287842e-01 3.908421397209167480e-01 7.886207103729248047e-01
7.809883356094360352e-02 7.244745492935180664e-01 1.118474364280700684e+00 -2.026678919792175293e-01 -4.252910017967224121e-01 4.024686217308044434e-01 7.849028110504150391e-01
6.960040330886840820e-02 7.270489931106567383e-01 1.124361515045166016e+00 -1.823164671659469604e-01 -4.318695366382598877e-01 4.135001897811889648e-01 7.805556058883666992e-01
6.141567230224609375e-02 7.292741537094116211e-01 1.129567146301269531e+00 -1.625017821788787842e-01 -4.374353885650634766e-01 4.247955977916717529e-01 7.757526636123657227e-01
5.388486385345458984e-02 7.309383153915405273e-01 1.134376287460327148e+00 -1.433176845312118530e-01 -4.424384236335754395e-01 4.356670975685119629e-01 7.706506848335266113e-01
4.601871967315673828e-02 7.326818108558654785e-01 1.138521909713745117e+00 -1.247816979885101318e-01 -4.471369981765747070e-01 4.463908374309539795e-01 7.650054097175598145e-01
3.874111175537109375e-02 7.338692545890808105e-01 1.140808343887329102e+00 -1.072246506810188293e-01 -4.514016509056091309e-01 4.568850398063659668e-01 7.589437365531921387e-01
3.041076660156250000e-02 7.378481626510620117e-01 1.144472360610961914e+00 -8.874332159757614136e-02 -4.562766551971435547e-01 4.682097136974334717e-01 7.514758110046386719e-01
2.412748336791992188e-02 7.393140196800231934e-01 1.146947145462036133e+00 -7.231318950653076172e-02 -4.602262973785400391e-01 4.783801138401031494e-01 7.443890571594238281e-01
1.700985431671142578e-02 7.402681708335876465e-01 1.149088025093078613e+00 -5.649969726800918579e-02 -4.637080729007720947e-01 4.877083301544189453e-01 7.375115752220153809e-01
1.062643527984619141e-02 7.404571175575256348e-01 1.150453209877014160e+00 -4.134767502546310425e-02 -4.671592712402343750e-01 4.964949786663055420e-01 7.304419279098510742e-01
5.487561225891113281e-03 7.421631217002868652e-01 1.151527881622314453e+00 -2.598705701529979706e-02 -4.704793393611907959e-01 5.038521885871887207e-01 7.239522933959960938e-01
-1.883506774902343750e-05 7.437233328819274902e-01 1.154157876968383789e+00 -1.147060841321945190e-02 -4.745600223541259766e-01 5.104324221611022949e-01 7.170216441154479980e-01
-5.662202835083007812e-03 7.443208694458007812e-01 1.156381607055664062e+00 2.170888008549809456e-03 -4.779929816722869873e-01 5.161424279212951660e-01 7.107143998146057129e-01
-9.480476379394531250e-03 7.448741197586059570e-01 1.158458828926086426e+00 1.462144311517477036e-02 -4.813015758991241455e-01 5.212309360504150391e-01 7.045944929122924805e-01
-1.471245288848876953e-02 7.475290298461914062e-01 1.159309148788452148e+00 1.669656299054622650e-02 -4.870403707027435303e-01 5.229185819625854492e-01 6.993347406387329102e-01
-1.839363574981689453e-02 7.478800415992736816e-01 1.160485386848449707e+00 1.795808225870132446e-02 -4.932331144809722900e-01 5.223293304443359375e-01 6.953924894332885742e-01
-2.224063873291015625e-02 7.486486434936523438e-01 1.161925077438354492e+00 1.922490261495113373e-02 -4.994262158870697021e-01 5.221335291862487793e-01 6.910719871520996094e-01
-2.591359615325927734e-02 7.497447729110717773e-01 1.163653969764709473e+00 2.088560909032821655e-02 -5.051528811454772949e-01 5.218455791473388672e-01 6.870673298835754395e-01
-2.822494506835937500e-02 7.504381537437438965e-01 1.164626240730285645e+00 2.212223224341869354e-02 -5.102550983428955078e-01 5.219622850418090820e-01 6.831586360931396484e-01
-3.057432174682617188e-02 7.504113912582397461e-01 1.165897250175476074e+00 2.287151664495468140e-02 -5.150805115699768066e-01 5.218312144279479980e-01 6.796037554740905762e-01
-3.288030624389648438e-02 7.510160803794860840e-01 1.167447686195373535e+00 2.371512912213802338e-02 -5.193396806716918945e-01 5.222596526145935059e-01 6.759947538375854492e-01
-3.534269332885742188e-02 7.515106201171875000e-01 1.168142080307006836e+00 2.458199486136436462e-02 -5.227043032646179199e-01 5.225961208343505859e-01 6.731041669845581055e-01
-3.651952743530273438e-02 7.513717412948608398e-01 1.169383525848388672e+00 2.456386201083660126e-02 -5.256314873695373535e-01 5.227577090263366699e-01 6.706956028938293457e-01
-3.960907459259033203e-02 7.509960532188415527e-01 1.169276833534240723e+00 2.503495663404464722e-02 -5.271167159080505371e-01 5.230382084846496582e-01 6.692923903465270996e-01
-4.148304462432861328e-02 7.512342929840087891e-01 1.170474410057067871e+00 2.510389871895313263e-02 -5.284625291824340820e-01 5.235906839370727539e-01 6.677948832511901855e-01
-4.095399379730224609e-02 7.512767910957336426e-01 1.171489000320434570e+00 2.476808056235313416e-02 -5.295081734657287598e-01 5.236288905143737793e-01 6.669486761093139648e-01
-4.107630252838134766e-02 7.519236803054809570e-01 1.171771287918090820e+00 2.459885179996490479e-02 -5.294634103775024414e-01 5.242047309875488281e-01 6.665380001068115234e-01
-4.266393184661865234e-02 7.517789006233215332e-01 1.172037005424499512e+00 2.410793863236904144e-02 -5.281154513359069824e-01 5.248722434043884277e-01 6.670997738838195801e-01
-4.296839237213134766e-02 7.519508600234985352e-01 1.173179388046264648e+00 2.302144654095172882e-02 -5.264359712600708008e-01 5.253574252128601074e-01 6.680829524993896484e-01
-4.253578186035156250e-02 7.518746256828308105e-01 1.173683404922485352e+00 2.160755544900894165e-02 -5.238597393035888672e-01 5.259974598884582520e-01 6.696497797966003418e-01
-4.040503501892089844e-02 7.529951333999633789e-01 1.173899173736572266e+00 2.090371027588844299e-02 -5.206143260002136230e-01 5.267712473869323730e-01 6.715919971466064453e-01
-4.217267036437988281e-02 7.529809474945068359e-01 1.173633694648742676e+00 2.040269225835800171e-02 -5.154287219047546387e-01 5.266758203506469727e-01 6.756697893142700195e-01
-4.267001152038574219e-02 7.537115812301635742e-01 1.175365090370178223e+00 1.961621828377246857e-02 -5.105950236320495605e-01 5.259449481964111328e-01 6.799190640449523926e-01
-4.713368415832519531e-02 7.522922158241271973e-01 1.174425959587097168e+00 1.909785531461238861e-02 -5.020024180412292480e-01 5.254694223403930664e-01 6.866663694381713867e-01
-4.810059070587158203e-02 7.527473568916320801e-01 1.175712823867797852e+00 5.216650664806365967e-03 -4.990872740745544434e-01 5.165695548057556152e-01 6.957303285598754883e-01
-4.864263534545898438e-02 7.523303627967834473e-01 1.176880002021789551e+00 -1.058922521770000458e-02 -4.959530532360076904e-01 5.057521462440490723e-01 7.057855129241943359e-01
-5.082011222839355469e-02 7.542315125465393066e-01 1.178094744682312012e+00 -2.618262916803359985e-02 -4.907255172729492188e-01 4.960367977619171143e-01 7.158564329147338867e-01
-5.263411998748779297e-02 7.546277046203613281e-01 1.180607318878173828e+00 -4.365294054150581360e-02 -4.865833222866058350e-01 4.826173484325408936e-01 7.269193530082702637e-01
-5.427801609039306641e-02 7.542843222618103027e-01 1.181916236877441406e+00 -6.185651198029518127e-02 -4.806723594665527344e-01 4.686622321605682373e-01 7.385686635971069336e-01
-5.645740032196044922e-02 7.535694241523742676e-01 1.183298945426940918e+00 -8.116177469491958618e-02 -4.735975563526153564e-01 4.536266624927520752e-01 7.505604624748229980e-01
-5.992066860198974609e-02 7.531586289405822754e-01 1.185466408729553223e+00 -1.007385179400444031e-01 -4.662613868713378906e-01 4.378835260868072510e-01 7.620433568954467773e-01
-6.291484832763671875e-02 7.532742023468017578e-01 1.188013434410095215e+00 -1.200705319643020630e-01 -4.584055244922637939e-01 4.216368198394775391e-01 7.730911374092102051e-01
-6.601738929748535156e-02 7.525659799575805664e-01 1.190123081207275391e+00 -1.399900913238525391e-01 -4.496478736400604248e-01 4.041267335414886475e-01 7.841563820838928223e-01
-6.901049613952636719e-02 7.527981400489807129e-01 1.192712306976318359e+00 -1.597799509763717651e-01 -4.408700466156005859e-01 3.868421018123626709e-01 7.940133213996887207e-01
-7.157105207443237305e-02 7.522600889205932617e-01 1.195009708404541016e+00 -1.795796155929565430e-01 -4.317109286785125732e-01 3.685731589794158936e-01 8.034492135047912598e-01
-7.336890697479248047e-02 7.521029114723205566e-01 1.196964383125305176e+00 -1.993833631277084351e-01 -4.222615957260131836e-01 3.503870069980621338e-01 8.118931651115417480e-01
-7.590776681900024414e-02 7.518059015274047852e-01 1.198704719543457031e+00 -2.182889431715011597e-01 -4.127157032489776611e-01 3.318235874176025391e-01 8.197004199028015137e-01
-7.762330770492553711e-02 7.511574029922485352e-01 1.200411796569824219e+00 -2.368562966585159302e-01 -4.033472537994384766e-01 3.131327331066131592e-01 8.265337347984313965e-01
-7.995182275772094727e-02 7.505895495414733887e-01 1.201430797576904297e+00 -2.540534436702728271e-01 -3.936358392238616943e-01 2.944582402706146240e-01 8.329477906227111816e-01
-8.162629604339599609e-02 7.503499388694763184e-01 1.202362656593322754e+00 -2.704436182975769043e-01 -3.843670487403869629e-01 2.767421305179595947e-01 8.381742835044860840e-01
-8.322429656982421875e-02 7.508169412612915039e-01 1.203294992446899414e+00 -2.856899201869964600e-01 -3.757268786430358887e-01 2.598886787891387939e-01 8.424182534217834473e-01
-8.444339036941528320e-02 7.507807016372680664e-01 1.203950166702270508e+00 -2.998426556587219238e-01 -3.675624132156372070e-01 2.435986250638961792e-01 8.459621667861938477e-01
-8.523470163345336914e-02 7.507927417755126953e-01 1.204420804977416992e+00 -3.125692307949066162e-01 -3.601992130279541016e-01 2.283247113227844238e-01 8.487784862518310547e-01
-8.591133356094360352e-02 7.509109377861022949e-01 1.204754114151000977e+00 -3.239661455154418945e-01 -3.536746501922607422e-01 2.141634374856948853e-01 8.509373068809509277e-01
-8.629053831100463867e-02 7.509075999259948730e-01 1.204975843429565430e+00 -3.343515694141387939e-01 -3.482601344585418701e-01 2.013114094734191895e-01 8.522896766662597656e-01
-8.673536777496337891e-02 7.507766485214233398e-01 1.204990863800048828e+00 -3.429725170135498047e-01 -3.436714112758636475e-01 1.895748525857925415e-01 8.534173965454101562e-01
-8.712816238403320312e-02 7.506544589996337891e-01 1.205381870269775391e+00 -3.505811691284179688e-01 -3.402511179447174072e-01 1.792949885129928589e-01 8.539177179336547852e-01
-8.757501840591430664e-02 7.508432865142822266e-01 1.205600738525390625e+00 -3.567509353160858154e-01 -3.375007808208465576e-01 1.703548431396484375e-01 8.542841076850891113e-01
-8.810076117515563965e-02 7.508093118667602539e-01 1.205929756164550781e+00 -3.620330095291137695e-01 -3.351419866085052490e-01 1.623511016368865967e-01 8.545491099357604980e-01
-8.872044086456298828e-02 7.505303621292114258e-01 1.206320524215698242e+00 -3.666604161262512207e-01 -3.335007131099700928e-01 1.549114286899566650e-01 8.545992970466613770e-01
-8.971810340881347656e-02 7.504370212554931641e-01 1.206789135932922363e+00 -3.704227507114410400e-01 -3.318665921688079834e-01 1.484651118516921997e-01 8.547571301460266113e-01
-9.065061807632446289e-02 7.502312660217285156e-01 1.207293033599853516e+00 -3.736736178398132324e-01 -3.304533958435058594e-01 1.427991092205047607e-01 8.548550009727478027e-01
-9.173437952995300293e-02 7.500457167625427246e-01 1.207852602005004883e+00 -3.761195540428161621e-01 -3.290617763996124268e-01 1.375200003385543823e-01 8.551846146583557129e-01
-9.283399581909179688e-02 7.498316764831542969e-01 1.208455324172973633e+00 -3.783840537071228027e-01 -3.274658322334289551e-01 1.331752687692642212e-01 8.554857969284057617e-01
-9.408158063888549805e-02 7.494851350784301758e-01 1.209165573120117188e+00 -3.804546594619750977e-01 -3.256502449512481689e-01 1.291623264551162720e-01 8.558757901191711426e-01
-9.548059105873107910e-02 7.491774559020996094e-01 1.209879875183105469e+00 -3.821379542350769043e-01 -3.233720064163208008e-01 1.252586394548416138e-01 8.565696477890014648e-01
-9.706133604049682617e-02 7.487601041793823242e-01 1.210653543472290039e+00 -3.837194144725799561e-01 -3.203386366367340088e-01 1.213253363966941833e-01 8.575679659843444824e-01
-9.876602888107299805e-02 7.484118938446044922e-01 1.211403012275695801e+00 -3.852769434452056885e-01 -3.165137469768524170e-01 1.178897395730018616e-01 8.587682247161865234e-01
-1.004603207111358643e-01 7.479506731033325195e-01 1.212191700935363770e+00 -3.869925737380981445e-01 -3.117040693759918213e-01 1.143456622958183289e-01 8.602339625358581543e-01
-1.023041307926177979e-01 7.473995685577392578e-01 1.212991714477539062e+00 -3.886685371398925781e-01 -3.059220314025878906e-01 1.105329245328903198e-01 8.620504736900329590e-01
-1.042620092630386353e-01 7.468076944351196289e-01 1.213954925537109375e+00 -3.908462524414062500e-01 -2.989371716976165771e-01 1.063863784074783325e-01 8.640357851982116699e-01
-1.065083891153335571e-01 7.461895942687988281e-01 1.214873552322387695e+00 -3.933651149272918701e-01 -2.903383970260620117e-01 1.019330471754074097e-01 8.663586378097534180e-01
-1.088009923696517944e-01 7.456030845642089844e-01 1.215854406356811523e+00 -3.963933885097503662e-01 -2.800430059432983398e-01 9.713827073574066162e-02 8.689144849777221680e-01
-1.113409996032714844e-01 7.449206113815307617e-01 1.216751813888549805e+00 -3.999843001365661621e-01 -2.677841782569885254e-01 9.135556221008300781e-02 8.717559576034545898e-01
-1.137610822916030884e-01 7.441056370735168457e-01 1.217740893363952637e+00 -4.041019976139068604e-01 -2.537668347358703613e-01 8.502432703971862793e-02 8.746855854988098145e-01
-1.164217367768287659e-01 7.432736754417419434e-01 1.218760967254638672e+00 -4.086989164352416992e-01 -2.380414605140686035e-01 7.809237390756607056e-02 8.776121735572814941e-01
-1.191944703459739685e-01 7.424492835998535156e-01 1.219688415527343750e+00 -4.132998883724212646e-01 -2.208454608917236328e-01 7.068070769309997559e-02 8.805764317512512207e-01
-1.220836266875267029e-01 7.415478825569152832e-01 1.220647692680358887e+00 -4.180365204811096191e-01 -2.022651731967926025e-01 6.277520954608917236e-02 8.833988904953002930e-01
-1.251532584428787231e-01 7.406041622161865234e-01 1.221471548080444336e+00 -4.227870106697082520e-01 -1.825546771287918091e-01 5.445588007569313049e-02 8.859794139862060547e-01
-1.282706856727600098e-01 7.394492030143737793e-01 1.222380280494689941e+00 -4.275984168052673340e-01 -1.620350331068038940e-01 4.603880271315574646e-02 8.881354928016662598e-01
-1.317652165889739990e-01 7.382622361183166504e-01 1.223378658294677734e+00 -4.324953854084014893e-01 -1.407472938299179077e-01 3.725589066743850708e-02 8.898033499717712402e-01
-1.350593119859695435e-01 7.370303869247436523e-01 1.224232792854309082e+00 -4.367369711399078369e-01 -1.195070296525955200e-01 2.886815182864665985e-02 8.911484479904174805e-01
-1.385830938816070557e-01 7.358452081680297852e-01 1.224985480308532715e+00 -4.405772984027862549e-01 -9.798024594783782959e-02 2.072525396943092346e-02 8.921110033988952637e-01
-1.419890075922012329e-01 7.344146370887756348e-01 1.225882291793823242e+00 -4.440453350543975830e-01 -7.704111933708190918e-02 1.295704580843448639e-02 8.925920724868774414e-01
-1.457180380821228027e-01 7.331732511520385742e-01 1.226551055908203125e+00 -4.467482268810272217e-01 -5.621756985783576965e-02 5.569017492234706879e-03 8.928743600845336914e-01
-1.496204584836959839e-01 7.314811944961547852e-01 1.227316141128540039e+00 -4.490474164485931396e-01 -3.630885854363441467e-02 -1.738033141009509563e-03 8.927682042121887207e-01
-1.535888016223907471e-01 7.300407290458679199e-01 1.227951288223266602e+00 -4.505886137485504150e-01 -1.742845401167869568e-02 -8.252005092799663544e-03 8.925234675407409668e-01
-1.575227826833724976e-01 7.285882830619812012e-01 1.228562951087951660e+00 -4.514015913009643555e-01 4.067119516548700631e-05 -1.385353598743677139e-02 8.922134041786193848e-01
-1.616431921720504761e-01 7.270339727401733398e-01 1.229119539260864258e+00 -4.515226185321807861e-01 1.654070243239402771e-02 -1.773129776120185852e-02 8.919301629066467285e-01
-1.657882928848266602e-01 7.255873680114746094e-01 1.229648709297180176e+00 -4.505909383296966553e-01 3.173597529530525208e-02 -1.940905116498470306e-02 8.919551372528076172e-01
-1.700850427150726318e-01 7.239502668380737305e-01 1.230159163475036621e+00 -4.490165710449218750e-01 4.429473355412483215e-02 -2.093634940683841705e-02 8.921791911125183105e-01
-1.746426373720169067e-01 7.223101854324340820e-01 1.230642914772033691e+00 -4.468554258346557617e-01 5.420308560132980347e-02 -2.276443317532539368e-02 8.926724791526794434e-01
-1.793046444654464722e-01 7.208199501037597656e-01 1.231055259704589844e+00 -4.438370168209075928e-01 6.073414534330368042e-02 -2.433266676962375641e-02 8.937158584594726562e-01
-1.840097010135650635e-01 7.188739776611328125e-01 1.231361627578735352e+00 -4.402858912944793701e-01 6.384728103876113892e-02 -2.549270167946815491e-02 8.952217698097229004e-01
-1.888169199228286743e-01 7.174371480941772461e-01 1.231791377067565918e+00 -4.354481995105743408e-01 6.505106389522552490e-02 -2.259125560522079468e-02 8.975761532783508301e-01
-1.939806491136550903e-01 7.156152129173278809e-01 1.232298135757446289e+00 -4.300564229488372803e-01 6.401283293962478638e-02 -1.793408393859863281e-02 9.003511667251586914e-01
-1.991793364286422729e-01 7.140572667121887207e-01 1.233118414878845215e+00 -4.238359630107879639e-01 6.001390516757965088e-02 -1.203139871358871460e-02 9.036684632301330566e-01
-2.045560330152511597e-01 7.123251557350158691e-01 1.233619809150695801e+00 -4.165670871734619141e-01 5.366689711809158325e-02 -4.763848148286342621e-03 9.075070619583129883e-01
-2.097032964229583740e-01 7.103218436241149902e-01 1.234172463417053223e+00 -4.085652530193328857e-01 4.497367888689041138e-02 3.907207865267992020e-03 9.116120338439941406e-01
-2.153170406818389893e-01 7.083673477172851562e-01 1.234801650047302246e+00 -3.996035456657409668e-01 3.478112816810607910e-02 1.342867221683263779e-02 9.159296154975891113e-01
-2.208196669816970825e-01 7.057762742042541504e-01 1.235430598258972168e+00 -3.902099728584289551e-01 2.276934497058391571e-02 2.448072284460067749e-02 9.201187491416931152e-01
-2.265961468219757080e-01 7.035214900970458984e-01 1.236292719841003418e+00 -3.800654113292694092e-01 9.435054846107959747e-03 3.585522994399070740e-02 9.242162108421325684e-01
-2.324058115482330322e-01 7.015856504440307617e-01 1.237228155136108398e+00 -3.685998320579528809e-01 -5.200447048991918564e-03 4.830740019679069519e-02 9.283176064491271973e-01
-2.381681203842163086e-01 6.988763809204101562e-01 1.238315939903259277e+00 -3.567518889904022217e-01 -2.071261592209339142e-02 6.182605400681495667e-02 9.319209456443786621e-01
-2.443376779556274414e-01 6.961458921432495117e-01 1.239631295204162598e+00 -3.444330096244812012e-01 -3.656275942921638489e-02 7.560904324054718018e-02 9.350467324256896973e-01
-2.502907514572143555e-01 6.933718323707580566e-01 1.241050243377685547e+00 -3.312407732009887695e-01 -5.318045243620872498e-02 9.050769358873367310e-02 9.376885890960693359e-01
-2.564553022384643555e-01 6.904967427253723145e-01 1.242719411849975586e+00 -3.174772858619689941e-01 -6.976127624511718750e-02 1.057840660214424133e-01 9.397613406181335449e-01
-2.625626325607299805e-01 6.880458593368530273e-01 1.244552373886108398e+00 -3.029231131076812744e-01 -8.653615415096282959e-02 1.213341727852821350e-01 9.412901401519775391e-01
-2.687493860721588135e-01 6.853089928627014160e-01 1.246586918830871582e+00 -2.877590060234069824e-01 -1.028503552079200745e-01 1.375785619020462036e-01 9.421723484992980957e-01
-2.750519514083862305e-01 6.818031072616577148e-01 1.248938798904418945e+00 -2.728540003299713135e-01 -1.188336163759231567e-01 1.535947620868682861e-01 9.422515630722045898e-01
-2.810336351394653320e-01 6.789048314094543457e-01 1.251248717308044434e+00 -2.573931813240051270e-01 -1.338795870542526245e-01 1.702419072389602661e-01 9.417233467102050781e-01
-2.876713275909423828e-01 6.758277416229248047e-01 1.253835678100585938e+00 -2.413170486688613892e-01 -1.478201150894165039e-01 1.868675202131271362e-01 9.407421946525573730e-01
-2.935343682765960693e-01 6.727617383003234863e-01 1.256358623504638672e+00 -2.254558801651000977e-01 -1.605096012353897095e-01 2.031110525131225586e-01 9.392296671867370605e-01
-2.986905574798583984e-01 6.698470711708068848e-01 1.258632898330688477e+00 -2.096096575260162354e-01 -1.718798577785491943e-01 2.195259332656860352e-01 9.371923804283142090e-01
-3.042096793651580811e-01 6.673160195350646973e-01 1.261019825935363770e+00 -1.936288475990295410e-01 -1.814654916524887085e-01 2.355379909276962280e-01 9.349332451820373535e-01
-3.091202378273010254e-01 6.646474599838256836e-01 1.263291835784912109e+00 -1.779427528381347656e-01 -1.894147098064422607e-01 2.512140274047851562e-01 9.323894381523132324e-01
-3.132891356945037842e-01 6.625568866729736328e-01 1.264896273612976074e+00 -1.621929705142974854e-01 -1.958770304918289185e-01 2.670296430587768555e-01 9.295272231101989746e-01
-3.159951567649841309e-01 6.601201891899108887e-01 1.266344428062438965e+00 -1.471966058015823364e-01 -2.013392299413681030e-01 2.825780510902404785e-01 9.262534379959106445e-01
-3.187701106071472168e-01 6.582542657852172852e-01 1.268415331840515137e+00 -1.322470605373382568e-01 -2.057929784059524536e-01 2.977521419525146484e-01 9.227695465087890625e-01
-3.212498426437377930e-01 6.571447849273681641e-01 1.269452452659606934e+00 -1.176633089780807495e-01 -2.087645977735519409e-01 3.119672536849975586e-01 9.193742871284484863e-01
-3.233874440193176270e-01 6.555863022804260254e-01 1.270434617996215820e+00 -1.036897152662277222e-01 -2.106753438711166382e-01 3.257492780685424805e-01 9.158340096473693848e-01
-3.253828287124633789e-01 6.541237831115722656e-01 1.271036982536315918e+00 -9.004448354244232178e-02 -2.116015702486038208e-01 3.388807475566864014e-01 9.122920036315917969e-01
-3.272102475166320801e-01 6.523200273513793945e-01 1.271775603294372559e+00 -7.753687351942062378e-02 -2.114495486021041870e-01 3.512009978294372559e-01 9.088096618652343750e-01
-3.282452225685119629e-01 6.513661146163940430e-01 1.272626161575317383e+00 -6.524514406919479370e-02 -2.111931592226028442e-01 3.628107309341430664e-01 9.052673578262329102e-01
-3.287425041198730469e-01 6.511851549148559570e-01 1.272932052612304688e+00 -5.349205061793327332e-02 -2.104403525590896606e-01 3.736096918582916260e-01 9.018144607543945312e-01
-3.294882774353027344e-01 6.501650214195251465e-01 1.272509574890136719e+00 -4.270642995834350586e-02 -2.085197120904922485e-01 3.836233019828796387e-01 8.986261487007141113e-01
-3.297154307365417480e-01 6.498955488204956055e-01 1.272224664688110352e+00 -3.229901567101478577e-02 -2.069676965475082397e-01 3.932546079158782959e-01 8.952497243881225586e-01
-3.306404054164886475e-01 6.494200229644775391e-01 1.272853136062622070e+00 -2.288823015987873077e-02 -2.052893787622451782e-01 4.015167355537414551e-01 8.922538161277770996e-01
-3.317805826663970947e-01 6.473440527915954590e-01 1.274589419364929199e+00 -1.552372984588146210e-02 -2.036699652671813965e-01 4.084919691085815430e-01 8.896133303642272949e-01
-3.332035243511199951e-01 6.465813517570495605e-01 1.275271296501159668e+00 -8.119022473692893982e-03 -2.017889618873596191e-01 4.152599275112152100e-01 8.870030641555786133e-01
-3.345062732696533203e-01 6.464416980743408203e-01 1.275772213935852051e+00 -1.144385430961847305e-03 -2.004418373107910156e-01 4.205699861049652100e-01 8.848405480384826660e-01
-3.372377753257751465e-01 6.465629339218139648e-01 1.276605248451232910e+00 4.958485718816518784e-03 -1.988633275032043457e-01 4.251213073730468750e-01 8.830066919326782227e-01
-3.398646116256713867e-01 6.455292701721191406e-01 1.277910351753234863e+00 9.445148520171642303e-03 -1.981527060270309448e-01 4.279779195785522461e-01 8.817489743232727051e-01
-3.435923755168914795e-01 6.441349387168884277e-01 1.279021620750427246e+00 1.284195668995380402e-02 -1.971756368875503540e-01 4.297043383121490479e-01 8.810852169990539551e-01
-3.466698527336120605e-01 6.415460109710693359e-01 1.281040787696838379e+00 1.204423047602176666e-02 -1.976228654384613037e-01 4.294970035552978516e-01 8.810973167419433594e-01
-3.511098623275756836e-01 6.387603878974914551e-01 1.282400250434875488e+00 1.179642695933580399e-02 -1.977900117635726929e-01 4.286199808120727539e-01 8.814901709556579590e-01
-3.549603819847106934e-01 6.350393891334533691e-01 1.284863591194152832e+00 1.138368248939514160e-02 -1.987995505332946777e-01 4.263546764850616455e-01 8.823665976524353027e-01
-3.603768646717071533e-01 6.326585412025451660e-01 1.284979939460754395e+00 1.199238561093807220e-02 -1.997584700584411621e-01 4.236426055431365967e-01 8.834476470947265625e-01
-3.641866445541381836e-01 6.300211548805236816e-01 1.286130547523498535e+00 9.453478269279003143e-03 -2.025142163038253784e-01 4.199059605598449707e-01 8.846341371536254883e-01
-3.692634105682373047e-01 6.257022619247436523e-01 1.287732481956481934e+00 5.519004538655281067e-03 -2.053547501564025879e-01 4.152012765407562256e-01 8.862318396568298340e-01
-3.762829005718231201e-01 6.222197413444519043e-01 1.286431074142456055e+00 2.271557226777076721e-03 -2.074401676654815674e-01 4.097076058387756348e-01 8.883147835731506348e-01
-3.837535977363586426e-01 6.171074509620666504e-01 1.284408926963806152e+00 -2.778748748824000359e-03 -2.097113132476806641e-01 4.035128355026245117e-01 8.906126618385314941e-01
-3.892014920711517334e-01 6.134998798370361328e-01 1.283896446228027344e+00 -8.160491473972797394e-03 -2.136570662260055542e-01 3.967655003070831299e-01 8.926708698272705078e-01
-3.958707153797149658e-01 6.124531626701354980e-01 1.281441807746887207e+00 -1.231229584664106369e-02 -2.174333781003952026e-01 3.902767300605773926e-01 8.945698738098144531e-01
-4.013519287109375000e-01 6.080276370048522949e-01 1.279369950294494629e+00 -1.841956004500389099e-02 -2.218179851770401001e-01 3.821602165699005127e-01 8.968896865844726562e-01
-4.093726873397827148e-01 6.034899950027465820e-01 1.277509212493896484e+00 -2.526189945638179779e-02 -2.256313115358352661e-01 3.737211823463439941e-01 8.993246555328369141e-01
-4.173408448696136475e-01 5.983182191848754883e-01 1.274281859397888184e+00 -3.232385590672492981e-02 -2.288479506969451904e-01 3.651701211929321289e-01 9.017952680587768555e-01
-4.254469275474548340e-01 5.937728285789489746e-01 1.272739768028259277e+00 -3.959333524107933044e-02 -2.330158650875091553e-01 3.562096059322357178e-01 9.040191769599914551e-01
-4.335479140281677246e-01 5.894976854324340820e-01 1.270612001419067383e+00 -4.704811424016952515e-02 -2.373687028884887695e-01 3.472167551517486572e-01 9.060260653495788574e-01
-4.434954524040222168e-01 5.864001512527465820e-01 1.267290592193603516e+00 -5.386031791567802429e-02 -2.409572899341583252e-01 3.384866714477539062e-01 9.080008268356323242e-01
-4.522628784179687500e-01 5.822376012802124023e-01 1.264832973480224609e+00 -6.207759305834770203e-02 -2.451394945383071899e-01 3.294421136379241943e-01 9.096817970275878906e-01
-4.623675346374511719e-01 5.789510011672973633e-01 1.261881113052368164e+00 -6.963320076465606689e-02 -2.488854676485061646e-01 3.203481435775756836e-01 9.113640785217285156e-01
-4.728104472160339355e-01 5.758495330810546875e-01 1.258118152618408203e+00 -7.685814052820205688e-02 -2.523013353347778320e-01 3.118168413639068604e-01 9.128018617630004883e-01
-4.824679493904113770e-01 5.719635486602783203e-01 1.254095673561096191e+00 -8.415725082159042358e-02 -2.558208107948303223e-01 3.036208748817443848e-01 9.139407277107238770e-01
-4.943224489688873291e-01 5.676073431968688965e-01 1.249088525772094727e+00 -9.089031815528869629e-02 -2.585116028785705566e-01 2.955355048179626465e-01 9.151882529258728027e-01
-5.041608214378356934e-01 5.631588101387023926e-01 1.243883132934570312e+00 -9.768524020910263062e-02 -2.615143954753875732e-01 2.881484925746917725e-01 9.159903526306152344e-01
-5.154117941856384277e-01 5.586238503456115723e-01 1.239214658737182617e+00 -1.040062084794044495e-01 -2.643112242221832275e-01 2.807505130767822266e-01 9.167886972427368164e-01
-5.266740322113037109e-01 5.545811057090759277e-01 1.233256340026855469e+00 -1.094641238451004028e-01 -2.669877707958221436e-01 2.732904851436614990e-01 9.176315069198608398e-01
-5.382183790206909180e-01 5.496448278427124023e-01 1.227243542671203613e+00 -1.153616160154342651e-01 -2.691045403480529785e-01 2.671070694923400879e-01 9.181112647056579590e-01
-5.502989292144775391e-01 5.444140434265136719e-01 1.221557497978210449e+00 -1.211308836936950684e-01 -2.709842920303344727e-01 2.605792880058288574e-01 9.186910390853881836e-01
-5.618884563446044922e-01 5.389103889465332031e-01 1.215364575386047363e+00 -1.267712712287902832e-01 -2.730097174644470215e-01 2.544146180152893066e-01 9.190582036972045898e-01
-5.741693973541259766e-01 5.335599184036254883e-01 1.209275364875793457e+00 -1.320785135030746460e-01 -2.747537493705749512e-01 2.487587630748748779e-01 9.193393588066101074e-01
-5.871516466140747070e-01 5.263878107070922852e-01 1.202294111251831055e+00 -1.380485743284225464e-01 -2.755104303359985352e-01 2.424174994230270386e-01 9.199295043945312500e-01
-5.962520837783813477e-01 5.182176828384399414e-01 1.195665001869201660e+00 -1.447636932134628296e-01 -2.784925103187561035e-01 2.358094453811645508e-01 9.197170734405517578e-01
-6.058169007301330566e-01 5.098809599876403809e-01 1.185738682746887207e+00 -1.503916084766387939e-01 -2.794577777385711670e-01 2.299992293119430542e-01 9.199924468994140625e-01
-6.129773855209350586e-01 5.015417337417602539e-01 1.174282312393188477e+00 -1.558942198753356934e-01 -2.805273830890655518e-01 2.244121730327606201e-01 9.201307892799377441e-01
-6.189228296279907227e-01 4.939448237419128418e-01 1.162330985069274902e+00 -1.611874103546142578e-01 -2.815889716148376465e-01 2.190950959920883179e-01 9.201758503913879395e-01
-6.243382692337036133e-01 4.855666458606719971e-01 1.150852203369140625e+00 -1.670857071876525879e-01 -2.823669612407684326e-01 2.132839560508728027e-01 9.202507138252258301e-01
-6.289907693862915039e-01 4.772882163524627686e-01 1.139704227447509766e+00 -1.728172302246093750e-01 -2.834836840629577637e-01 2.075097262859344482e-01 9.201689958572387695e-01
-6.316944360733032227e-01 4.688964486122131348e-01 1.128261804580688477e+00 -1.784663200378417969e-01 -2.856332659721374512e-01 2.014571726322174072e-01 9.197708964347839355e-01
-6.357781887054443359e-01 4.597406387329101562e-01 1.117334365844726562e+00 -1.845069825649261475e-01 -2.862757742404937744e-01 1.953421682119369507e-01 9.196982979774475098e-01
-6.398593783378601074e-01 4.502062201499938965e-01 1.106509208679199219e+00 -1.906882226467132568e-01 -2.866625785827636719e-01 1.889507174491882324e-01 9.196522235870361328e-01
-6.435989141464233398e-01 4.404123127460479736e-01 1.095867633819580078e+00 -1.968362927436828613e-01 -2.871569395065307617e-01 1.819903999567031860e-01 9.196063876152038574e-01
-6.475019454956054688e-01 4.302750229835510254e-01 1.085257291793823242e+00 -2.031155973672866821e-01 -2.872959375381469727e-01 1.752029806375503540e-01 9.195157289505004883e-01
-6.508840322494506836e-01 4.189705252647399902e-01 1.074302077293395996e+00 -2.098679244518280029e-01 -2.874374687671661377e-01 1.681078970432281494e-01 9.192795753479003906e-01
-6.537245512008666992e-01 4.076680243015289307e-01 1.064370751380920410e+00 -2.168103605508804321e-01 -2.877781391143798828e-01 1.603287309408187866e-01 9.189514517784118652e-01
-6.559258699417114258e-01 3.969504535198211670e-01 1.053967952728271484e+00 -2.229693382978439331e-01 -2.883363366127014160e-01 1.527347117662429810e-01 9.185962080955505371e-01
-6.591811180114746094e-01 3.857152462005615234e-01 1.044133305549621582e+00 -2.296416908502578735e-01 -2.880165576934814453e-01 1.446789503097534180e-01 9.183568358421325684e-01
-6.620023846626281738e-01 3.742302954196929932e-01 1.034717798233032227e+00 -2.367949485778808594e-01 -2.877494096755981445e-01 1.365130096673965454e-01 9.178740382194519043e-01
-6.642382740974426270e-01 3.625383377075195312e-01 1.025396823883056641e+00 -2.439575195312500000e-01 -2.874849438667297363e-01 1.280922293663024902e-01 9.172947406768798828e-01
-6.666888594627380371e-01 3.508286476135253906e-01 1.016380310058593750e+00 -2.511228024959564209e-01 -2.871460020542144775e-01 1.192991212010383606e-01 9.166527986526489258e-01
-6.693722009658813477e-01 3.392122089862823486e-01 1.007489562034606934e+00 -2.582560777664184570e-01 -2.865109443664550781e-01 1.104308515787124634e-01 9.159805178642272949e-01
-6.720645427703857422e-01 3.268448114395141602e-01 9.984099864959716797e-01 -2.657757699489593506e-01 -2.856095433235168457e-01 1.014250516891479492e-01 9.151521921157836914e-01
-6.740300655364990234e-01 3.146802186965942383e-01 9.895733594894409180e-01 -2.732563018798828125e-01 -2.849671244621276855e-01 9.255804121494293213e-02 9.140884876251220703e-01
-6.764212846755981445e-01 3.030861616134643555e-01 9.808847904205322266e-01 -2.803747653961181641e-01 -2.840959727764129639e-01 8.321218192577362061e-02 9.131020307540893555e-01
-6.787362098693847656e-01 2.918317317962646484e-01 9.726649522781372070e-01 -2.874686121940612793e-01 -2.833939790725708008e-01 7.400905340909957886e-02 9.119058847427368164e-01
-6.811693906784057617e-01 2.803536653518676758e-01 9.642490148544311523e-01 -2.946814298629760742e-01 -2.822916209697723389e-01 6.473383307456970215e-02 9.106502532958984375e-01
-6.834321022033691406e-01 2.682065963745117188e-01 9.561188220977783203e-01 -3.022066950798034668e-01 -2.812536060810089111e-01 5.517294630408287048e-02 9.091334342956542969e-01
-6.856840848922729492e-01 2.560240030288696289e-01 9.476382732391357422e-01 -3.095563054084777832e-01 -2.802204191684722900e-01 4.553942009806632996e-02 9.075118303298950195e-01
-6.877552866935729980e-01 2.445479780435562134e-01 9.394797682762145996e-01 -3.166084885597229004e-01 -2.792203426361083984e-01 3.601694479584693909e-02 9.058133959770202637e-01
-6.899316310882568359e-01 2.332900762557983398e-01 9.314046502113342285e-01 -3.235591650009155273e-01 -2.781515717506408691e-01 2.667641267180442810e-02 9.040075540542602539e-01
-6.915990710258483887e-01 2.227472662925720215e-01 9.240391254425048828e-01 -3.304582238197326660e-01 -2.773204445838928223e-01 1.752620004117488861e-02 9.019887447357177734e-01
