-0.000000000000000000e+00 -0.000000000000000000e+00 -0.000000000000000000e+00 -0.000000000000000000e+00 -0.000000000000000000e+00 -0.000000000000000000e+00 1.000000000000000000e+00
-0.000000000000000000e+00 -0.000000000000000000e+00 -0.000000000000000000e+00 -0.000000000000000000e+00 -0.000000000000000000e+00 -0.000000000000000000e+00 1.000000000000000000e+00
1.412028353661298752e-02 1.711351796984672546e-02 2.481551095843315125e-02 -4.618368577212095261e-03 2.098412020131945610e-03 -2.878019353374838829e-03 9.999830126762390137e-01
2.219818346202373505e-02 2.739569544792175293e-02 3.768103197216987610e-02 -6.479080766439437866e-03 4.069377668201923370e-03 -3.985773772001266479e-03 9.999628067016601562e-01
2.219818346202373505e-02 2.739569544792175293e-02 3.768103197216987610e-02 -6.479080766439437866e-03 4.069377668201923370e-03 -3.985773772001266479e-03 9.999628067016601562e-01
3.832885250449180603e-02 4.258568584918975830e-02 6.308829039335250854e-02 -1.091485936194658279e-02 1.038533914834260941e-02 -8.299072273075580597e-03 9.998520612716674805e-01
3.832885250449180603e-02 4.258568584918975830e-02 6.308829039335250854e-02 -1.091485936194658279e-02 1.038533914834260941e-02 -8.299072273075580597e-03 9.998520612716674805e-01
5.448444560170173645e-02 5.573013424873352051e-02 8.700371533632278442e-02 -1.547214202582836151e-02 1.930321380496025085e-02 -1.385990157723426819e-02 9.995978474617004395e-01
5.448444560170173645e-02 5.573013424873352051e-02 8.700371533632278442e-02 -1.547214202582836151e-02 1.930321380496025085e-02 -1.385990157723426819e-02 9.995978474617004395e-01
7.086501270532608032e-02 6.942126154899597168e-02 1.080482155084609985e-01 -1.980159617960453033e-02 2.880740910768508911e-02 -2.035862021148204803e-02 9.991815090179443359e-01
7.086501270532608032e-02 6.942126154899597168e-02 1.080482155084609985e-01 -1.980159617960453033e-02 2.880740910768508911e-02 -2.035862021148204803e-02 9.991815090179443359e-01
8.538126945495605469e-02 8.264009654521942139e-02 1.255696415901184082e-01 -2.369658462703227997e-02 3.975129500031471252e-02 -2.710765413939952850e-02 9.985607266426086426e-01
8.538126945495605469e-02 8.264009654521942139e-02 1.255696415901184082e-01 -2.369658462703227997e-02 3.975129500031471252e-02 -2.710765413939952850e-02 9.985607266426086426e-01
1.020263507962226868e-01 9.394307434558868408e-02 1.411876231431961060e-01 -2.717333473265171051e-02 4.991946369409561157e-02 -3.444680571556091309e-02 9.977890849113464355e-01
1.080925762653350830e-01 9.738907217979431152e-02 1.488646566867828369e-01 -3.006510436534881592e-02 5.728151276707649231e-02 -3.809992969036102295e-02 9.971776604652404785e-01
1.175701618194580078e-01 1.034211888909339905e-01 1.572059392929077148e-01 -3.162529692053794861e-02 6.214741244912147522e-02 -4.114190116524696350e-02 9.967170953750610352e-01
1.270522773265838623e-01 1.077407076954841614e-01 1.666809171438217163e-01 -3.396971523761749268e-02 6.700942665338516235e-02 -4.353893920779228210e-02 9.962229728698730469e-01
1.241300255060195923e-01 1.185735017061233521e-01 1.747337281703948975e-01 -3.081032074987888336e-02 7.390290498733520508e-02 -5.195808783173561096e-02 9.954343438148498535e-01
1.346124410629272461e-01 1.244136691093444824e-01 1.844847202301025391e-01 -3.232438489794731140e-02 7.787036895751953125e-02 -5.434469878673553467e-02 9.949563145637512207e-01
1.480254828929901123e-01 1.288190782070159912e-01 1.914590448141098022e-01 -3.326153010129928589e-02 8.083505928516387939e-02 -5.678751319646835327e-02 9.945524930953979492e-01
1.637160480022430420e-01 1.355894505977630615e-01 1.980091333389282227e-01 -3.352242335677146912e-02 8.324365317821502686e-02 -5.446771532297134399e-02 9.944747686386108398e-01
1.815731525421142578e-01 1.427283585071563721e-01 2.004370093345642090e-01 -3.186108171939849854e-02 8.500576019287109375e-02 -5.255251750349998474e-02 9.944834113121032715e-01
2.032821476459503174e-01 1.485191136598587036e-01 2.025248259305953979e-01 -3.081863373517990112e-02 8.494434505701065063e-02 -4.900071024894714355e-02 9.947028160095214844e-01
2.218056470155715942e-01 1.535999476909637451e-01 2.060543447732925415e-01 -2.988454140722751617e-02 8.649505674839019775e-02 -4.800330847501754761e-02 9.946463108062744141e-01
2.396927922964096069e-01 1.570028364658355713e-01 2.108771204948425293e-01 -2.845345996320247650e-02 8.770681172609329224e-02 -4.629403725266456604e-02 9.946631789207458496e-01
2.386731356382369995e-01 1.539747416973114014e-01 2.314013838768005371e-01 -2.955021150410175323e-02 9.608013182878494263e-02 -5.281152203679084778e-02 9.935322403907775879e-01
2.581772208213806152e-01 1.540111005306243896e-01 2.385232150554656982e-01 -2.897976897656917572e-02 9.614190459251403809e-02 -5.141706019639968872e-02 9.936162829399108887e-01
2.795231938362121582e-01 1.540567278861999512e-01 2.455361187458038330e-01 -2.839707024395465851e-02 9.547632932662963867e-02 -5.007340386509895325e-02 9.937658309936523438e-01
3.000181615352630615e-01 1.572740674018859863e-01 2.528860569000244141e-01 -2.695235610008239746e-02 9.589426964521408081e-02 -4.884799197316169739e-02 9.938268065452575684e-01
3.214192092418670654e-01 1.611445546150207520e-01 2.601411640644073486e-01 -2.636879496276378632e-02 9.531462937593460083e-02 -4.807098954916000366e-02 9.939361214637756348e-01
3.439880907535552979e-01 1.687329560518264771e-01 2.667096555233001709e-01 -2.501122467219829559e-02 9.579472243785858154e-02 -4.771160334348678589e-02 9.939423799514770508e-01
3.664654493331909180e-01 1.741238385438919067e-01 2.792418003082275391e-01 -2.550634741783142090e-02 9.418839216232299805e-02 -4.687290638685226440e-02 9.941232204437255859e-01
3.680823445320129395e-01 1.716440021991729736e-01 2.880902886390686035e-01 -2.805526740849018097e-02 9.694025665521621704e-02 -5.270931869745254517e-02 9.934974908828735352e-01
3.785649836063385010e-01 1.839104890823364258e-01 3.023673295974731445e-01 -2.769861929118633270e-02 9.638262540102005005e-02 -5.201694741845130920e-02 9.935982823371887207e-01
3.828594982624053955e-01 1.966850906610488892e-01 3.186995387077331543e-01 -2.760770730674266815e-02 9.592945128679275513e-02 -5.265049263834953308e-02 9.936112165451049805e-01
3.859252333641052246e-01 2.114665508270263672e-01 3.374446034431457520e-01 -2.739075012505054474e-02 9.466052055358886719e-02 -5.235766991972923279e-02 9.937544465065002441e-01
3.870550692081451416e-01 2.254804521799087524e-01 3.533738851547241211e-01 -2.738747932016849518e-02 9.497791528701782227e-02 -5.253803357481956482e-02 9.937147498130798340e-01
3.876490294933319092e-01 2.395785003900527954e-01 3.705993890762329102e-01 -2.743654325604438782e-02 9.466488659381866455e-02 -5.352493003010749817e-02 9.936906099319458008e-01
3.957343697547912598e-01 2.509757578372955322e-01 3.854571878910064697e-01 -2.903245389461517334e-02 9.133008867502212524e-02 -5.426723882555961609e-02 9.939169883728027344e-01
3.943890333175659180e-01 2.624915242195129395e-01 3.943643569946289062e-01 -2.852286025881767273e-02 9.550854563713073730e-02 -5.338682979345321655e-02 9.935866594314575195e-01
3.954147100448608398e-01 2.768329083919525146e-01 4.118399918079376221e-01 -2.907683327794075012e-02 9.635785967111587524e-02 -5.561099573969841003e-02 9.933665990829467773e-01
3.981522619724273682e-01 2.916819155216217041e-01 4.272829890251159668e-01 -2.971080690622329712e-02 9.704047441482543945e-02 -5.723325163125991821e-02 9.931892156600952148e-01
3.994213342666625977e-01 3.108939826488494873e-01 4.447997808456420898e-01 -2.874536812305450439e-02 9.829539060592651367e-02 -5.717046931385993958e-02 9.930978417396545410e-01
4.023680090904235840e-01 3.290245234966278076e-01 4.613590240478515625e-01 -2.830229699611663818e-02 9.966339915990829468e-02 -5.795595049858093262e-02 9.929286241531372070e-01
4.060754776000976562e-01 3.459308743476867676e-01 4.773354232311248779e-01 -2.780639566481113434e-02 1.001049801707267761e-01 -5.739412084221839905e-02 9.929308891296386719e-01
4.099001288414001465e-01 3.593864440917968750e-01 4.944369494915008545e-01 -2.955049462616443634e-02 9.967814385890960693e-02 -5.836544930934906006e-02 9.928668141365051270e-01
4.226272702217102051e-01 3.684376776218414307e-01 5.032004117965698242e-01 -3.062750957906246185e-02 9.321178495883941650e-02 -5.590208247303962708e-02 9.936037659645080566e-01
4.254775941371917725e-01 3.825499415397644043e-01 5.165216922760009766e-01 -3.004485927522182465e-02 9.391241520643234253e-02 -5.469670519232749939e-02 9.936227202415466309e-01
4.288533627986907959e-01 3.953070938587188721e-01 5.299026966094970703e-01 -3.052620962262153625e-02 9.431812912225723267e-02 -5.368240550160408020e-02 9.936249256134033203e-01
4.304765760898590088e-01 4.093142747879028320e-01 5.439013838768005371e-01 -2.946395985782146454e-02 9.555599838495254517e-02 -5.165217071771621704e-02 9.936463832855224609e-01
4.308812022209167480e-01 4.215755462646484375e-01 5.589616894721984863e-01 -2.914816327393054962e-02 9.582331776618957520e-02 -5.265489593148231506e-02 9.935773015022277832e-01
4.330226778984069824e-01 4.304584264755249023e-01 5.696036815643310547e-01 -2.988204360008239746e-02 9.564255923032760620e-02 -5.266001820564270020e-02 9.935726523399353027e-01
4.354743957519531250e-01 4.386918544769287109e-01 5.797085165977478027e-01 -2.966263890266418457e-02 9.424284845590591431e-02 -5.129372701048851013e-02 9.937843680381774902e-01
4.372494220733642578e-01 4.451012611389160156e-01 5.993733406066894531e-01 -3.451070562005043030e-02 8.954302966594696045e-02 -5.984048172831535339e-02 9.935845136642456055e-01
4.377748370170593262e-01 4.535155594348907471e-01 6.114426255226135254e-01 -3.432251513004302979e-02 8.938569575548171997e-02 -6.002405285835266113e-02 9.935941696166992188e-01
4.373375475406646729e-01 4.612532556056976318e-01 6.234045028686523438e-01 -3.456749022006988525e-02 8.958581835031509399e-02 -6.026497483253479004e-02 9.935530424118041992e-01
4.374677240848541260e-01 4.702267050743103027e-01 6.361067891120910645e-01 -3.383911028504371643e-02 8.873490989208221436e-02 -5.943223088979721069e-02 9.937046766281127930e-01
4.364209771156311035e-01 4.784815907478332520e-01 6.465902328491210938e-01 -3.192571923136711121e-02 8.935510367155075073e-02 -5.814706906676292419e-02 9.937884211540222168e-01
4.351777434349060059e-01 4.861769974231719971e-01 6.557390093803405762e-01 -2.812219597399234772e-02 8.937095850706100464e-02 -5.420114845037460327e-02 9.941248893737792969e-01
4.355971813201904297e-01 4.917475581169128418e-01 6.645213365554809570e-01 -2.506053820252418518e-02 8.714431524276733398e-02 -4.949417337775230408e-02 9.946498274803161621e-01
4.338966012001037598e-01 5.010116696357727051e-01 6.768521070480346680e-01 -1.896558515727519989e-02 8.400693535804748535e-02 -4.361098259687423706e-02 9.953297376632690430e-01
4.448498189449310303e-01 5.097101330757141113e-01 6.842910647392272949e-01 -1.367142703384160995e-02 7.056631892919540405e-02 -2.994484454393386841e-02 9.969637989997863770e-01
4.443356692790985107e-01 5.168623328208923340e-01 6.941435933113098145e-01 -1.134669687598943710e-02 6.515510380268096924e-02 -1.917045749723911285e-02 9.976264834403991699e-01
4.451791942119598389e-01 5.246438384056091309e-01 7.015798091888427734e-01 -7.358728442341089249e-03 5.961253121495246887e-02 -7.192252203822135925e-03 9.981686472892761230e-01
4.457913041114807129e-01 5.342538356781005859e-01 7.149686217308044434e-01 -4.752158652991056442e-03 4.963254556059837341e-02 7.072093430906534195e-03 9.987311959266662598e-01
4.520054757595062256e-01 5.422493219375610352e-01 7.224421501159667969e-01 -1.088643213734030724e-03 3.724626824259757996e-02 2.273144759237766266e-02 9.990469813346862793e-01
4.486292004585266113e-01 5.456413030624389648e-01 7.300561666488647461e-01 1.312471809796988964e-03 3.325809165835380554e-02 3.102644719183444977e-02 9.989642500877380371e-01
4.495576024055480957e-01 5.503130555152893066e-01 7.359931468963623047e-01 3.520512254908680916e-03 2.613714523613452911e-02 4.393117502331733704e-02 9.986864328384399414e-01
4.499397873878479004e-01 5.560085773468017578e-01 7.441056966781616211e-01 4.269576165825128555e-03 1.957055367529392242e-02 5.327984690666198730e-02 9.983787536621093750e-01
4.505232870578765869e-01 5.631684660911560059e-01 7.544988393783569336e-01 6.103235762566328049e-03 1.178864389657974243e-02 6.449095159769058228e-02 9.978299736976623535e-01
4.546911716461181641e-01 5.747159719467163086e-01 7.672188878059387207e-01 8.603482507169246674e-03 -1.245733292307704687e-04 7.501525431871414185e-02 9.971452951431274414e-01
4.560804665088653564e-01 5.823115110397338867e-01 7.761908769607543945e-01 1.066056918352842331e-02 -8.303971961140632629e-03 8.573510497808456421e-02 9.962263107299804688e-01
4.571283757686614990e-01 5.905992984771728516e-01 7.869093418121337891e-01 1.229504588991403580e-02 -1.647098548710346222e-02 9.467110037803649902e-02 9.952964782714843750e-01
4.578540325164794922e-01 5.994559526443481445e-01 7.985886931419372559e-01 1.378328632563352585e-02 -2.400949969887733459e-02 1.031329482793807983e-01 9.942823052406311035e-01
4.591410756111145020e-01 6.086337566375732422e-01 8.090693354606628418e-01 1.512752845883369446e-02 -3.029701299965381622e-02 1.104190126061439514e-01 9.933081269264221191e-01
4.589582681655883789e-01 6.184531450271606445e-01 8.239168524742126465e-01 1.682778261601924896e-02 -3.486186638474464417e-02 1.215691044926643372e-01 9.918278455734252930e-01
4.600386619567871094e-01 6.278867125511169434e-01 8.357939124107360840e-01 1.780234090983867645e-02 -4.044083133339881897e-02 1.267681121826171875e-01 9.909477829933166504e-01
4.609768092632293701e-01 6.381695270538330078e-01 8.480488657951354980e-01 1.937723904848098755e-02 -4.451080411672592163e-02 1.317573487758636475e-01 9.900926351547241211e-01
4.617945551872253418e-01 6.471130251884460449e-01 8.611228466033935547e-01 1.986965164542198181e-02 -4.855800792574882507e-02 1.336446851491928101e-01 9.896395802497863770e-01
4.648502469062805176e-01 6.590785384178161621e-01 8.727499246597290039e-01 2.105608582496643066e-02 -5.292253196239471436e-02 1.356748044490814209e-01 9.891149401664733887e-01
4.654809534549713135e-01 6.690990924835205078e-01 8.858199119567871094e-01 5.777393002063035965e-03 -5.842730775475502014e-02 1.341726779937744141e-01 9.892171621322631836e-01
4.650886356830596924e-01 6.796654462814331055e-01 9.000412821769714355e-01 -1.172559894621372223e-02 -6.410899758338928223e-02 1.306613534688949585e-01 9.892827272415161133e-01
4.660317301750183105e-01 6.892650127410888672e-01 9.124385714530944824e-01 -3.182320669293403625e-02 -6.946272403001785278e-02 1.250542849302291870e-01 9.892035126686096191e-01
4.678146243095397949e-01 6.988244056701660156e-01 9.245667457580566406e-01 -5.361540615558624268e-02 -7.491242140531539917e-02 1.179156303405761719e-01 9.887413978576660156e-01
4.661626517772674561e-01 7.097343802452087402e-01 9.398017525672912598e-01 -7.777269184589385986e-02 -7.893709838390350342e-02 1.094868630170822144e-01 9.877920150756835938e-01
4.661816954612731934e-01 7.187374234199523926e-01 9.526510238647460938e-01 -1.030680909752845764e-01 -8.304234594106674194e-02 1.000106185674667358e-01 9.861434698104858398e-01
4.623695015907287598e-01 7.287306785583496094e-01 9.689242839813232422e-01 -1.296774893999099731e-01 -8.676979690790176392e-02 8.909008651971817017e-02 9.837265014648437500e-01
4.564804732799530029e-01 7.404307723045349121e-01 9.865409135818481445e-01 -1.567893475294113159e-01 -9.041561931371688843e-02 7.770725339651107788e-02 9.804099798202514648e-01
4.538596272468566895e-01 7.494819760322570801e-01 1.000855207443237305e+00 -1.844170391559600830e-01 -9.428290277719497681e-02 6.596658378839492798e-02 9.760888814926147461e-01
4.509820342063903809e-01 7.591019868850708008e-01 1.016385316848754883e+00 -2.124704420566558838e-01 -9.810530394315719604e-02 5.487316101789474487e-02 9.706805348396301270e-01
4.493212103843688965e-01 7.692927718162536621e-01 1.031648755073547363e+00 -2.400375604629516602e-01 -1.023581027984619141e-01 4.395899549126625061e-02 9.643507599830627441e-01
4.434634447097778320e-01 7.792288661003112793e-01 1.048905014991760254e+00 -2.671961188316345215e-01 -1.067310795187950134e-01 3.242579847574234009e-02 9.571641683578491211e-01
4.390572607517242432e-01 7.883895039558410645e-01 1.065710306167602539e+00 -2.939290106296539307e-01 -1.109874621033668518e-01 2.215082384645938873e-02 9.491032361984252930e-01
4.342208504676818848e-01 7.985730767250061035e-01 1.083988666534423828e+00 -3.200329542160034180e-01 -1.155509352684020996e-01 1.245649810880422592e-02 9.402509331703186035e-01
4.304311275482177734e-01 8.085711598396301270e-01 1.100749731063842773e+00 -3.444203734397888184e-01 -1.210836991667747498e-01 4.520084708929061890e-03 9.309634566307067871e-01
4.266866445541381836e-01 8.168068528175354004e-01 1.116198420524597168e+00 -3.677026331424713135e-01 -1.259083151817321777e-01 -2.469589002430438995e-03 9.213771224021911621e-01
4.218375384807586670e-01 8.263057470321655273e-01 1.133565783500671387e+00 -3.893623650074005127e-01 -1.311543732881546021e-01 -8.018999360501766205e-03 9.116640090942382812e-01
4.168557524681091309e-01 8.358322381973266602e-01 1.150539994239807129e+00 -4.088871181011199951e-01 -1.367162615060806274e-01 -1.163872610777616501e-02 9.022109508514404297e-01
4.118618071079254150e-01 8.460956811904907227e-01 1.168906450271606445e+00 -4.264788031578063965e-01 -1.430034488439559937e-01 -1.300523709505796432e-02 8.930267691612243652e-01
4.061457812786102295e-01 8.561174869537353516e-01 1.186724424362182617e+00 -4.416194558143615723e-01 -1.495349854230880737e-01 -1.292375661432743073e-02 8.845589756965637207e-01
4.015281796455383301e-01 8.646551370620727539e-01 1.204594612121582031e+00 -4.549311101436614990e-01 -1.572542190551757812e-01 -9.398893453180789948e-03 8.764818906784057617e-01
3.959648609161376953e-01 8.743933439254760742e-01 1.222696185111999512e+00 -4.655641019344329834e-01 -1.650105565786361694e-01 -4.047183785587549210e-03 8.694856762886047363e-01
3.902925252914428711e-01 8.841670155525207520e-01 1.240810632705688477e+00 -4.737546145915985107e-01 -1.736042797565460205e-01 3.417018102481961250e-03 8.633692264556884766e-01
3.844172358512878418e-01 8.944606781005859375e-01 1.259095191955566406e+00 -4.798393845558166504e-01 -1.826338768005371094e-01 1.295333728194236755e-02 8.580392003059387207e-01
3.773852884769439697e-01 9.049810171127319336e-01 1.278349161148071289e+00 -4.839182794094085693e-01 -1.920230537652969360e-01 2.400266006588935852e-02 8.534483313560485840e-01
3.702588081359863281e-01 9.148502349853515625e-01 1.297022819519042969e+00 -4.861260652542114258e-01 -2.014663219451904297e-01 3.679652139544487000e-02 8.495521545410156250e-01
3.631808161735534668e-01 9.242805242538452148e-01 1.315874218940734863e+00 -4.864869415760040283e-01 -2.118226736783981323e-01 5.125018209218978882e-02 8.460703492164611816e-01
3.549406230449676514e-01 9.339787960052490234e-01 1.336098194122314453e+00 -4.850397706031799316e-01 -2.225313335657119751e-01 6.724924594163894653e-02 8.430265784263610840e-01
3.458903431892395020e-01 9.432699680328369141e-01 1.355254650115966797e+00 -4.817050397396087646e-01 -2.331345081329345703e-01 8.402710407972335815e-02 8.405641317367553711e-01
3.354510366916656494e-01 9.518330097198486328e-01 1.374181509017944336e+00 -4.767828583717346191e-01 -2.439238131046295166e-01 1.019343733787536621e-01 8.383249044418334961e-01
3.232334554195404053e-01 9.598334431648254395e-01 1.393599271774291992e+00 -4.707811176776885986e-01 -2.545497119426727295e-01 1.208972409367561340e-01 8.360344171524047852e-01
3.099848628044128418e-01 9.669009447097778320e-01 1.411992311477661133e+00 -4.629226326942443848e-01 -2.654472589492797852e-01 1.402507573366165161e-01 8.340084552764892578e-01
2.948780655860900879e-01 9.746317267417907715e-01 1.428887605667114258e+00 -4.529346823692321777e-01 -2.767183780670166016e-01 1.602427214384078979e-01 8.322256207466125488e-01
2.775802016258239746e-01 9.816291332244873047e-01 1.444214344024658203e+00 -4.414389729499816895e-01 -2.877861559391021729e-01 1.808076202869415283e-01 8.304331898689270020e-01
2.593672275543212891e-01 9.901403188705444336e-01 1.458762645721435547e+00 -4.290827214717864990e-01 -2.984530925750732422e-01 2.009484916925430298e-01 8.285128474235534668e-01
2.437161803245544434e-01 1.003498315811157227e+00 1.473254561424255371e+00 -4.151622653007507324e-01 -3.091620802879333496e-01 2.212664932012557983e-01 8.264988660812377930e-01
2.279542088508605957e-01 1.011528134346008301e+00 1.489560604095458984e+00 -4.005807340145111084e-01 -3.194783627986907959e-01 2.416830062866210938e-01 8.240497112274169922e-01
2.117277383804321289e-01 1.018043637275695801e+00 1.505135774612426758e+00 -3.849349617958068848e-01 -3.296496272087097168e-01 2.616339027881622314e-01 8.214036822319030762e-01
1.951367855072021484e-01 1.024169445037841797e+00 1.519890666007995605e+00 -3.684896826744079590e-01 -3.392672240734100342e-01 2.811057269573211670e-01 8.185918927192687988e-01
1.790080666542053223e-01 1.028352737426757812e+00 1.532928943634033203e+00 -3.510883748531341553e-01 -3.480980992317199707e-01 2.993996739387512207e-01 8.160420656204223633e-01
1.634142398834228516e-01 1.033372998237609863e+00 1.546196818351745605e+00 -3.333609104156494141e-01 -3.568849265575408936e-01 3.173607289791107178e-01 8.128874301910400391e-01
1.483706235885620117e-01 1.038147449493408203e+00 1.558698415756225586e+00 -3.149542510509490967e-01 -3.654743731021881104e-01 3.343082368373870850e-01 8.096112012863159180e-01
1.328188180923461914e-01 1.043307662010192871e+00 1.570723533630371094e+00 -2.961241900920867920e-01 -3.735982775688171387e-01 3.504532277584075928e-01 8.061745762825012207e-01
1.180319786071777344e-01 1.048470973968505859e+00 1.581956863403320312e+00 -2.768897116184234619e-01 -3.812394440174102783e-01 3.656886518001556396e-01 8.026583790779113770e-01
1.030216217041015625e-01 1.053633451461791992e+00 1.592029213905334473e+00 -2.559072077274322510e-01 -3.892427682876586914e-01 3.780949115753173828e-01 8.000286817550659180e-01
8.930766582489013672e-02 1.058680415153503418e+00 1.601783394813537598e+00 -2.344912290573120117e-01 -3.969568312168121338e-01 3.893596231937408447e-01 7.973946928977966309e-01
7.603490352630615234e-02 1.065779805183410645e+00 1.611881732940673828e+00 -2.127732187509536743e-01 -4.049180746078491211e-01 4.011982977390289307e-01 7.936049699783325195e-01
6.292200088500976562e-02 1.069533348083496094e+00 1.620972394943237305e+00 -1.926729381084442139e-01 -4.111616015434265137e-01 4.123705625534057617e-01 7.897936105728149414e-01
5.005633831024169922e-02 1.074428319931030273e+00 1.629913330078125000e+00 -1.724293529987335205e-01 -4.169639050960540771e-01 4.237561225891113281e-01 7.853916287422180176e-01
3.752005100250244141e-02 1.078732609748840332e+00 1.638020277023315430e+00 -1.524501591920852661e-01 -4.224759936332702637e-01 4.345313906669616699e-01 7.806763648986816406e-01
2.562654018402099609e-02 1.083274602890014648e+00 1.644871234893798828e+00 -1.333195865154266357e-01 -4.276956021785736084e-01 4.451554417610168457e-01 7.753316164016723633e-01
1.299166679382324219e-02 1.086429595947265625e+00 1.649547457695007324e+00 -1.152002960443496704e-01 -4.321899712085723877e-01 4.555510580539703369e-01 7.696843743324279785e-01
1.576304435729980469e-03 1.088855385780334473e+00 1.653789520263671875e+00 -9.774480760097503662e-02 -4.364379942417144775e-01 4.655874669551849365e-01 7.636728882789611816e-01
-1.064884662628173828e-02 1.090967535972595215e+00 1.657122731208801270e+00 -8.051766455173492432e-02 -4.401448667049407959e-01 4.751366376876831055e-01 7.576507925987243652e-01
-2.049851417541503906e-02 1.092901349067687988e+00 1.660740494728088379e+00 -6.500602513551712036e-02 -4.438258409500122070e-01 4.847911298274993896e-01 7.508465051651000977e-01
-3.310120105743408203e-02 1.094162464141845703e+00 1.664293646812438965e+00 -4.991723969578742981e-02 -4.472178816795349121e-01 4.932741224765777588e-01 7.444360852241516113e-01
-3.930485248565673828e-02 1.099395513534545898e+00 1.668585062026977539e+00 -3.451659157872200012e-02 -4.517114460468292236e-01 5.013262629508972168e-01 7.371820807456970215e-01
-4.885315895080566406e-02 1.101804256439208984e+00 1.671444654464721680e+00 -1.948248594999313354e-02 -4.553305506706237793e-01 5.075636506080627441e-01 7.312138676643371582e-01
-5.640375614166259766e-02 1.104806900024414062e+00 1.675234913825988770e+00 -5.404822994023561478e-03 -4.591552913188934326e-01 5.136024355888366699e-01 7.248171567916870117e-01
-6.371331214904785156e-02 1.106788277626037598e+00 1.678190708160400391e+00 7.371662184596061707e-03 -4.623431861400604248e-01 5.191772580146789551e-01 7.187763452529907227e-01
-7.228827476501464844e-02 1.109266161918640137e+00 1.681082487106323242e+00 8.738907985389232635e-03 -4.686511158943176270e-01 5.196141600608825684e-01 7.143465280532836914e-01
-7.938277721405029297e-02 1.110942125320434570e+00 1.683447599411010742e+00 1.039958093315362930e-02 -4.751472175121307373e-01 5.193637609481811523e-01 7.102030515670776367e-01
-8.563220500946044922e-02 1.111629247665405273e+00 1.685621142387390137e+00 1.182018220424652100e-02 -4.811382889747619629e-01 5.190827846527099609e-01 7.063422799110412598e-01
-9.212672710418701172e-02 1.112145781517028809e+00 1.686946868896484375e+00 1.278807409107685089e-02 -4.864726364612579346e-01 5.193504095077514648e-01 7.024642825126647949e-01
-9.792840480804443359e-02 1.113311409950256348e+00 1.689841508865356445e+00 1.388001441955566406e-02 -4.916158914566040039e-01 5.194180011749267578e-01 6.988034248352050781e-01
-1.006402969360351562e-01 1.114937305450439453e+00 1.693611860275268555e+00 1.507087983191013336e-02 -4.972935914993286133e-01 5.190874934196472168e-01 6.949965357780456543e-01
-1.057784557342529297e-01 1.115390658378601074e+00 1.693883895874023438e+00 1.593073271214962006e-02 -5.006419420242309570e-01 5.198468565940856934e-01 6.919993758201599121e-01
-1.077729463577270508e-01 1.115620374679565430e+00 1.695169806480407715e+00 1.670970767736434937e-02 -5.041705369949340820e-01 5.197989344596862793e-01 6.894505023956298828e-01
-1.109281778335571289e-01 1.115219354629516602e+00 1.698477864265441895e+00 1.672351546585559845e-02 -5.077142715454101562e-01 5.198030471801757812e-01 6.868416070938110352e-01
-1.125001907348632812e-01 1.115781903266906738e+00 1.700531244277954102e+00 1.669964566826820374e-02 -5.100023746490478516e-01 5.204343199729919434e-01 6.846655607223510742e-01
-1.132338047027587891e-01 1.116143465042114258e+00 1.700414657592773438e+00 1.663325168192386627e-02 -5.109314322471618652e-01 5.212363600730895996e-01 6.833631396293640137e-01
-1.138477325439453125e-01 1.117431521415710449e+00 1.702437043190002441e+00 1.645585894584655762e-02 -5.117276906967163086e-01 5.221409201622009277e-01 6.820797920227050781e-01
-1.151437759399414062e-01 1.118978142738342285e+00 1.703270554542541504e+00 1.630650460720062256e-02 -5.114527344703674316e-01 5.233526229858398438e-01 6.813606023788452148e-01
-1.171295642852783203e-01 1.120300650596618652e+00 1.704302787780761719e+00 1.615817658603191376e-02 -5.106709003448486328e-01 5.239391326904296875e-01 6.814997792243957520e-01
-1.162450313568115234e-01 1.120659232139587402e+00 1.705816268920898438e+00 1.547502912580966949e-02 -5.093616247177124023e-01 5.242433547973632812e-01 6.822610497474670410e-01
-1.162798404693603516e-01 1.120563268661499023e+00 1.705511689186096191e+00 1.464267633855342865e-02 -5.063781142234802246e-01 5.241936445236206055e-01 6.845347285270690918e-01
-1.164536476135253906e-01 1.121268272399902344e+00 1.705999135971069336e+00 1.366822142153978348e-02 -5.025126934051513672e-01 5.247885584831237793e-01 6.869434118270874023e-01
-1.172118186950683594e-01 1.120528936386108398e+00 1.707088232040405273e+00 1.246633566915988922e-02 -4.976915717124938965e-01 5.245045423507690430e-01 6.906827688217163086e-01
-1.169537305831909180e-01 1.120564818382263184e+00 1.706787109375000000e+00 1.144428923726081848e-02 -4.918011426925659180e-01 5.239619612693786621e-01 6.953161954879760742e-01
-1.200881004333496094e-01 1.121226191520690918e+00 1.709026813507080078e+00 1.115722674876451492e-02 -4.853573739528656006e-01 5.226644277572631836e-01 7.008035778999328613e-01
-1.234009265899658203e-01 1.121959090232849121e+00 1.709887385368347168e+00 -2.649868838489055634e-03 -4.815877676010131836e-01 5.141965746879577637e-01 7.096957564353942871e-01
-1.265578269958496094e-01 1.122356653213500977e+00 1.712101697921752930e+00 -1.773791015148162842e-02 -4.776101410388946533e-01 5.042138099670410156e-01 7.192651629447937012e-01
-1.282211542129516602e-01 1.122635364532470703e+00 1.714198470115661621e+00 -3.431919962167739868e-02 -4.730018675327301025e-01 4.929493069648742676e-01 7.294467091560363770e-01
-1.312173604965209961e-01 1.121501207351684570e+00 1.714513301849365234e+00 -5.189811810851097107e-02 -4.669707119464874268e-01 4.801138341426849365e-01 7.407669425010681152e-01
-1.346174478530883789e-01 1.121751070022583008e+00 1.718461751937866211e+00 -7.108225673437118530e-02 -4.610733389854431152e-01 4.669319093227386475e-01 7.512212395668029785e-01
-1.385272741317749023e-01 1.121183633804321289e+00 1.721192598342895508e+00 -9.026126563549041748e-02 -4.541234076023101807e-01 4.521620571613311768e-01 7.623478770256042480e-01
-1.424384117126464844e-01 1.120939970016479492e+00 1.724239110946655273e+00 -1.097830384969711304e-01 -4.465178251266479492e-01 4.361860752105712891e-01 7.735059261322021484e-01
-1.469045877456665039e-01 1.120148301124572754e+00 1.728007674217224121e+00 -1.301369369029998779e-01 -4.382417201995849609e-01 4.196678698062896729e-01 7.841476202011108398e-01
-1.505036354064941406e-01 1.120645523071289062e+00 1.732286930084228516e+00 -1.507143229246139526e-01 -4.295736253261566162e-01 4.025410711765289307e-01 7.941740751266479492e-01
-1.554292440414428711e-01 1.120422720909118652e+00 1.736505270004272461e+00 -1.709686666727066040e-01 -4.204873442649841309e-01 3.848064541816711426e-01 8.036691546440124512e-01
-1.589151620864868164e-01 1.119802594184875488e+00 1.740001320838928223e+00 -1.909437626600265503e-01 -4.111292362213134766e-01 3.665313124656677246e-01 8.125073313713073730e-01
-1.637692451477050781e-01 1.119586110115051270e+00 1.743091225624084473e+00 -2.105225026607513428e-01 -4.013846814632415771e-01 3.481153249740600586e-01 8.206012248992919922e-01
-1.673062443733215332e-01 1.119792461395263672e+00 1.746164321899414062e+00 -2.296843230724334717e-01 -3.917474448680877686e-01 3.299814462661743164e-01 8.275817036628723145e-01
-1.708849668502807617e-01 1.119277834892272949e+00 1.748697876930236816e+00 -2.482672929763793945e-01 -3.820437788963317871e-01 3.114661276340484619e-01 8.339033126831054688e-01
-1.739608049392700195e-01 1.118687629699707031e+00 1.751155734062194824e+00 -2.661083638668060303e-01 -3.725831806659698486e-01 2.932650446891784668e-01 8.392638564109802246e-01
-1.770489215850830078e-01 1.118353009223937988e+00 1.752550125122070312e+00 -2.825935482978820801e-01 -3.631716370582580566e-01 2.755159437656402588e-01 8.440012931823730469e-01
-1.791362166404724121e-01 1.118589282035827637e+00 1.753858089447021484e+00 -2.979339659214019775e-01 -3.545351922512054443e-01 2.583297193050384521e-01 8.478242158889770508e-01
-1.803740262985229492e-01 1.118551731109619141e+00 1.755385160446166992e+00 -3.125707507133483887e-01 -3.465564548969268799e-01 2.419531643390655518e-01 8.506802320480346680e-01
-1.816021203994750977e-01 1.118382096290588379e+00 1.756269216537475586e+00 -3.256892263889312744e-01 -3.392167985439300537e-01 2.265968620777130127e-01 8.529434204101562500e-01
-1.825744509696960449e-01 1.118375539779663086e+00 1.756898641586303711e+00 -3.376243412494659424e-01 -3.327354788780212402e-01 2.126842886209487915e-01 8.544368743896484375e-01
-1.830672621726989746e-01 1.118511557579040527e+00 1.756924867630004883e+00 -3.476305603981018066e-01 -3.272873759269714355e-01 2.000247836112976074e-01 8.555852174758911133e-01
-1.836052834987640381e-01 1.118507504463195801e+00 1.757370471954345703e+00 -3.567387163639068604e-01 -3.230017125606536865e-01 1.885342746973037720e-01 8.560737371444702148e-01
-1.844788789749145508e-01 1.118662238121032715e+00 1.757753133773803711e+00 -3.641634583473205566e-01 -3.194270133972167969e-01 1.782997697591781616e-01 8.564814925193786621e-01
-1.854900419712066650e-01 1.118496894836425781e+00 1.758035182952880859e+00 -3.706331849098205566e-01 -3.163472115993499756e-01 1.689382791519165039e-01 8.567470312118530273e-01
-1.860609054565429688e-01 1.118356466293334961e+00 1.758756160736083984e+00 -3.761005699634552002e-01 -3.142718374729156494e-01 1.609323471784591675e-01 8.566693067550659180e-01
-1.871454715728759766e-01 1.117998361587524414e+00 1.759514331817626953e+00 -3.808923363685607910e-01 -3.125190436840057373e-01 1.536948829889297485e-01 8.565225005149841309e-01
-1.884396374225616455e-01 1.117917776107788086e+00 1.760315895080566406e+00 -3.846149444580078125e-01 -3.112645447254180908e-01 1.472309976816177368e-01 8.564513325691223145e-01
-1.902244985103607178e-01 1.118119478225708008e+00 1.761092066764831543e+00 -3.876255750656127930e-01 -3.097892105579376221e-01 1.417547166347503662e-01 8.565528392791748047e-01
-1.918420195579528809e-01 1.117889881134033203e+00 1.762124657630920410e+00 -3.902378082275390625e-01 -3.084142506122589111e-01 1.368051469326019287e-01 8.566676378250122070e-01
-1.935044229030609131e-01 1.117256164550781250e+00 1.763057947158813477e+00 -3.926122486591339111e-01 -3.067271411418914795e-01 1.322707086801528931e-01 8.569005727767944336e-01
-1.958994865417480469e-01 1.117497205734252930e+00 1.764268398284912109e+00 -3.943637311458587646e-01 -3.050063550472259521e-01 1.284798383712768555e-01 8.572871685028076172e-01
-1.979633569717407227e-01 1.117030143737792969e+00 1.765522599220275879e+00 -3.961857259273529053e-01 -3.027029931545257568e-01 1.246408745646476746e-01 8.578301072120666504e-01
-2.004665136337280273e-01 1.116509556770324707e+00 1.766810178756713867e+00 -3.977183401584625244e-01 -2.996967136859893799e-01 1.207587569952011108e-01 8.587312698364257812e-01
-2.031340301036834717e-01 1.115876913070678711e+00 1.768191695213317871e+00 -3.994384407997131348e-01 -2.959165573120117188e-01 1.170506253838539124e-01 8.597567081451416016e-01
-2.059451043605804443e-01 1.115402340888977051e+00 1.769575119018554688e+00 -4.010654985904693604e-01 -2.913097739219665527e-01 1.135777458548545837e-01 8.610373139381408691e-01
-2.090311348438262939e-01 1.114807009696960449e+00 1.770929574966430664e+00 -4.028047025203704834e-01 -2.852542400360107422e-01 1.096238940954208374e-01 8.627636432647705078e-01
-2.121258378028869629e-01 1.113855123519897461e+00 1.772636771202087402e+00 -4.049995839595794678e-01 -2.783396840095520020e-01 1.054666191339492798e-01 8.645109534263610840e-01
-2.154525667428970337e-01 1.112954020500183105e+00 1.774259090423583984e+00 -4.077035486698150635e-01 -2.697910368442535400e-01 1.010288000106811523e-01 8.664778470993041992e-01
-2.192162871360778809e-01 1.112047791481018066e+00 1.775916814804077148e+00 -4.106336534023284912e-01 -2.593444287776947021e-01 9.573957324028015137e-02 8.688812255859375000e-01
-2.233355492353439331e-01 1.111253499984741211e+00 1.777433753013610840e+00 -4.139021337032318115e-01 -2.472802996635437012e-01 8.955445885658264160e-02 8.715029954910278320e-01
-2.269624620676040649e-01 1.109904885292053223e+00 1.779240965843200684e+00 -4.181334972381591797e-01 -2.333075404167175293e-01 8.349815756082534790e-02 8.739336729049682617e-01
-2.316086292266845703e-01 1.109002232551574707e+00 1.781021356582641602e+00 -4.223704934120178223e-01 -2.176143676042556763e-01 7.627145200967788696e-02 8.766013383865356445e-01
-2.361125648021697998e-01 1.107646346092224121e+00 1.782827019691467285e+00 -4.271517992019653320e-01 -2.003915458917617798e-01 6.844250857830047607e-02 8.790336847305297852e-01
-2.408264577388763428e-01 1.106398105621337891e+00 1.784538030624389648e+00 -4.318498373031616211e-01 -1.817294061183929443e-01 6.032638624310493469e-02 8.813858032226562500e-01
-2.455999255180358887e-01 1.104789733886718750e+00 1.786270260810852051e+00 -4.367839395999908447e-01 -1.620993465185165405e-01 5.205484107136726379e-02 8.833085298538208008e-01
-2.508476972579956055e-01 1.103541493415832520e+00 1.787798404693603516e+00 -4.411775171756744385e-01 -1.415233314037322998e-01 4.309530928730964661e-02 8.851420283317565918e-01
-2.561650872230529785e-01 1.101768255233764648e+00 1.789503812789916992e+00 -4.459036886692047119e-01 -1.205660998821258545e-01 3.418865799903869629e-02 8.862646222114562988e-01
-2.615928053855895996e-01 1.099995732307434082e+00 1.791156291961669922e+00 -4.500949680805206299e-01 -9.926907718181610107e-02 2.539808861911296844e-02 8.870823979377746582e-01
-2.673131227493286133e-01 1.098315954208374023e+00 1.792494297027587891e+00 -4.535109996795654297e-01 -7.780569791793823242e-02 1.696177199482917786e-02 8.876860141754150391e-01
-2.731297314167022705e-01 1.096235036849975586e+00 1.794092655181884766e+00 -4.567717015743255615e-01 -5.676220729947090149e-02 8.535390719771385193e-03 8.877301812171936035e-01
-2.792987823486328125e-01 1.094414234161376953e+00 1.795530080795288086e+00 -4.594790637493133545e-01 -3.589336201548576355e-02 8.468799642287194729e-04 8.874626755714416504e-01
-2.853419482707977295e-01 1.092399716377258301e+00 1.796879410743713379e+00 -4.614404737949371338e-01 -1.611686497926712036e-02 -6.624732166528701782e-03 8.870000243186950684e-01
-2.915685176849365234e-01 1.090208053588867188e+00 1.798207521438598633e+00 -4.628625512123107910e-01 2.582143060863018036e-03 -1.315418165177106857e-02 8.863286972045898438e-01
-2.980965971946716309e-01 1.087797999382019043e+00 1.799476146697998047e+00 -4.636158347129821777e-01 2.011305838823318481e-02 -1.913072355091571808e-02 8.856014609336853027e-01
-3.048684597015380859e-01 1.085637211799621582e+00 1.800734281539916992e+00 -4.635711908340454102e-01 3.658727556467056274e-02 -2.308844588696956635e-02 8.850028514862060547e-01
-3.116862177848815918e-01 1.083610296249389648e+00 1.801770448684692383e+00 -4.623574614524841309e-01 5.182627961039543152e-02 -2.515818737447261810e-02 8.848201632499694824e-01
-3.188752532005310059e-01 1.081383585929870605e+00 1.802913188934326172e+00 -4.606381654739379883e-01 6.442940235137939453e-02 -2.731865830719470978e-02 8.848248720169067383e-01
-3.260729908943176270e-01 1.079135894775390625e+00 1.803930759429931641e+00 -4.581940770149230957e-01 7.407957315444946289e-02 -2.899904362857341766e-02 8.852849602699279785e-01
-3.335474133491516113e-01 1.076448917388916016e+00 1.805156946182250977e+00 -4.554362893104553223e-01 8.056809008121490479e-02 -3.062509559094905853e-02 8.860862255096435547e-01
-3.413754403591156006e-01 1.073781847953796387e+00 1.806156992912292480e+00 -4.519158005714416504e-01 8.397407084703445435e-02 -3.168602287769317627e-02 8.875339031219482422e-01
-3.489769697189331055e-01 1.071158409118652344e+00 1.807234764099121094e+00 -4.473767280578613281e-01 8.531107753515243530e-02 -2.856342494487762451e-02 8.898091316223144531e-01
-3.570550680160522461e-01 1.068590521812438965e+00 1.808071136474609375e+00 -4.416745305061340332e-01 8.389355242252349854e-02 -2.418831363320350647e-02 8.929167985916137695e-01
-3.652744293212890625e-01 1.065589666366577148e+00 1.810247898101806641e+00 -4.363929331302642822e-01 8.007169514894485474e-02 -1.814899593591690063e-02 8.960024714469909668e-01
-3.737709522247314453e-01 1.062917709350585938e+00 1.811493515968322754e+00 -4.292568862438201904e-01 7.377778738737106323e-02 -1.087633706629276276e-02 9.000984430313110352e-01
-3.817029893398284912e-01 1.059903740882873535e+00 1.812708139419555664e+00 -4.212678670883178711e-01 6.507167965173721313e-02 -2.040246268734335899e-03 9.045965671539306641e-01
-3.901347219944000244e-01 1.056572914123535156e+00 1.813951373100280762e+00 -4.124876260757446289e-01 5.454495176672935486e-02 7.854619994759559631e-03 9.092949032783508301e-01
-3.995174467563629150e-01 1.052790880203247070e+00 1.815806984901428223e+00 -4.031608402729034424e-01 4.303280636668205261e-02 1.842039637267589569e-02 9.139311909675598145e-01
-4.090314209461212158e-01 1.050144433975219727e+00 1.817381620407104492e+00 -3.927804827690124512e-01 3.010991215705871582e-02 2.943882159888744354e-02 9.186676144599914551e-01
-4.182713925838470459e-01 1.046933531761169434e+00 1.819254398345947266e+00 -3.813994526863098145e-01 1.567845419049263000e-02 4.212392494082450867e-02 9.233169555664062500e-01
-4.275688529014587402e-01 1.042930603027343750e+00 1.821643829345703125e+00 -3.697883486747741699e-01 1.891870633698999882e-04 5.560477450489997864e-02 9.274506568908691406e-01
-4.367105066776275635e-01 1.038859844207763672e+00 1.823886275291442871e+00 -3.573079407215118408e-01 -1.605724357068538666e-02 6.997164338827133179e-02 9.312235116958618164e-01
-4.457808732986450195e-01 1.035294651985168457e+00 1.826100826263427734e+00 -3.438278734683990479e-01 -3.298762440681457520e-02 8.459562808275222778e-02 9.346324205398559570e-01
-4.558659195899963379e-01 1.031712293624877930e+00 1.829169750213623047e+00 -3.298399746417999268e-01 -4.957392066717147827e-02 9.981598705053329468e-02 9.374352693557739258e-01
-4.651685953140258789e-01 1.027652621269226074e+00 1.832639217376708984e+00 -3.154981434345245361e-01 -6.621462106704711914e-02 1.157316789031028748e-01 9.395119547843933105e-01
-4.745624065399169922e-01 1.022546291351318359e+00 1.836014866828918457e+00 -3.007146418094635010e-01 -8.266958594322204590e-02 1.318313330411911011e-01 9.409341216087341309e-01
-4.846495389938354492e-01 1.017986536026000977e+00 1.840287566184997559e+00 -2.854661941528320312e-01 -9.850730001926422119e-02 1.479701846837997437e-01 9.417591691017150879e-01
-4.946292042732238770e-01 1.012570261955261230e+00 1.844553947448730469e+00 -2.703378200531005859e-01 -1.132479831576347351e-01 1.645799726247787476e-01 9.418098926544189453e-01
-5.052374005317687988e-01 1.008203148841857910e+00 1.849421262741088867e+00 -2.540225982666015625e-01 -1.274913996458053589e-01 1.807736307382583618e-01 9.415621757507324219e-01
-5.145280957221984863e-01 1.004189848899841309e+00 1.853743791580200195e+00 -2.379209846258163452e-01 -1.402514874935150146e-01 1.974538117647171021e-01 9.406036734580993652e-01
-5.229229927062988281e-01 1.000091075897216797e+00 1.857619524002075195e+00 -2.216727584600448608e-01 -1.516110450029373169e-01 2.137527465820312500e-01 9.392470717430114746e-01
-5.313379764556884766e-01 9.963701963424682617e-01 1.861605405807495117e+00 -2.054117918014526367e-01 -1.612071841955184937e-01 2.295844405889511108e-01 9.376083016395568848e-01
-5.378218889236450195e-01 9.932266473770141602e-01 1.865138769149780273e+00 -1.893105357885360718e-01 -1.696541160345077515e-01 2.454160600900650024e-01 9.354945421218872070e-01
-5.439666509628295898e-01 9.899267554283142090e-01 1.868424177169799805e+00 -1.737434864044189453e-01 -1.762134730815887451e-01 2.611159384250640869e-01 9.330490827560424805e-01
-5.489445924758911133e-01 9.871262907981872559e-01 1.871089220046997070e+00 -1.582159399986267090e-01 -1.816458851099014282e-01 2.764184176921844482e-01 9.303576946258544922e-01
-5.533685088157653809e-01 9.842423200607299805e-01 1.873989105224609375e+00 -1.432030051946640015e-01 -1.860028058290481567e-01 2.911317944526672363e-01 9.274363517761230469e-01
-5.584991574287414551e-01 9.805549383163452148e-01 1.875701308250427246e+00 -1.286898106336593628e-01 -1.882546544075012207e-01 3.051237463951110840e-01 9.246072769165039062e-01
-5.628621578216552734e-01 9.775646924972534180e-01 1.878545999526977539e+00 -1.148818209767341614e-01 -1.900197416543960571e-01 3.188040256500244141e-01 9.214438199996948242e-01
-5.648331642150878906e-01 9.793475866317749023e-01 1.879720449447631836e+00 -9.975872933864593506e-02 -1.919837594032287598e-01 3.321544528007507324e-01 9.180761575698852539e-01
-5.678711533546447754e-01 9.761832952499389648e-01 1.881484270095825195e+00 -8.715206384658813477e-02 -1.921613812446594238e-01 3.442740142345428467e-01 9.148519039154052734e-01
-5.693671107292175293e-01 9.742336273193359375e-01 1.882394075393676758e+00 -7.496196776628494263e-02 -1.916676461696624756e-01 3.557118475437164307e-01 9.116541743278503418e-01
-5.703036785125732422e-01 9.727129936218261719e-01 1.882955193519592285e+00 -6.331667304039001465e-02 -1.907922476530075073e-01 3.663419783115386963e-01 9.085059165954589844e-01
-5.709617137908935547e-01 9.696469306945800781e-01 1.881900072097778320e+00 -5.249233916401863098e-02 -1.890603601932525635e-01 3.762128949165344238e-01 9.055190086364746094e-01
-5.710960030555725098e-01 9.686797857284545898e-01 1.882523179054260254e+00 -4.220430552959442139e-02 -1.877314001321792603e-01 3.855960667133331299e-01 9.023810029029846191e-01
-5.726667642593383789e-01 9.661316871643066406e-01 1.884096622467041016e+00 -3.339677304029464722e-02 -1.859285831451416016e-01 3.937118351459503174e-01 8.996145129203796387e-01
-5.743399262428283691e-01 9.639551639556884766e-01 1.885217666625976562e+00 -2.509982325136661530e-02 -1.841920763254165649e-01 4.008766710758209229e-01 8.970737457275390625e-01
-5.763438940048217773e-01 9.621402621269226074e-01 1.886673927307128906e+00 -1.765713654458522797e-02 -1.824691444635391235e-01 4.068667292594909668e-01 8.949037790298461914e-01
-5.792612433433532715e-01 9.601288437843322754e-01 1.889339089393615723e+00 -1.145290955901145935e-02 -1.809126883745193481e-01 4.118172824382781982e-01 8.930543065071105957e-01
-5.827226638793945312e-01 9.565063714981079102e-01 1.891454458236694336e+00 -6.355308927595615387e-03 -1.792282760143280029e-01 4.152880311012268066e-01 8.918367624282836914e-01
-5.866811871528625488e-01 9.612162709236145020e-01 1.894458770751953125e+00 -4.299527790863066912e-04 -1.792796999216079712e-01 4.191701114177703857e-01 8.900309205055236816e-01
-5.913148522377014160e-01 9.554968476295471191e-01 1.897061347961425781e+00 1.420647604390978813e-03 -1.785942763090133667e-01 4.203407168388366699e-01 8.896155357360839844e-01
-5.965735912322998047e-01 9.510684609413146973e-01 1.900137186050415039e+00 8.153122034855186939e-04 -1.786596328020095825e-01 4.201295673847198486e-01 8.897029757499694824e-01
-6.025961041450500488e-01 9.458431005477905273e-01 1.902022123336791992e+00 4.385338106658309698e-04 -1.790006905794143677e-01 4.192569851875305176e-01 8.900461792945861816e-01
-6.081191897392272949e-01 9.397014975547790527e-01 1.905095815658569336e+00 -2.678938617464154959e-04 -1.804539412260055542e-01 4.170788228511810303e-01 8.907758593559265137e-01
-6.151327490806579590e-01 9.338489770889282227e-01 1.908069849014282227e+00 -1.063306699506938457e-03 -1.817716360092163086e-01 4.143553972244262695e-01 8.917777538299560547e-01
-6.238600015640258789e-01 9.277810454368591309e-01 1.910104751586914062e+00 -3.693200880661606789e-03 -1.837282180786132812e-01 4.101665318012237549e-01 8.933050036430358887e-01
-6.347647905349731445e-01 9.240071177482604980e-01 1.910065889358520508e+00 -6.091027986258268356e-03 -1.857693046331405640e-01 4.053205549716949463e-01 8.950798511505126953e-01
-6.458658576011657715e-01 9.192352890968322754e-01 1.909158706665039062e+00 -9.856119751930236816e-03 -1.880431026220321655e-01 3.998379409313201904e-01 8.970353007316589355e-01
-6.550326347351074219e-01 9.141690731048583984e-01 1.908560752868652344e+00 -1.433025766164064407e-02 -1.917839795351028442e-01 3.935655653476715088e-01 8.989548087120056152e-01
-6.653095483779907227e-01 9.107322692871093750e-01 1.904914975166320801e+00 -1.845703087747097015e-02 -1.950740367174148560e-01 3.876499533653259277e-01 9.007402062416076660e-01
-6.781436204910278320e-01 9.061896204948425293e-01 1.903118371963500977e+00 -2.383568324148654938e-02 -1.982926577329635620e-01 3.810442686080932617e-01 9.027276039123535156e-01
-6.873136758804321289e-01 9.004825353622436523e-01 1.901372313499450684e+00 -3.025109320878982544e-02 -2.027201801538467407e-01 3.738836050033569336e-01 9.045443534851074219e-01
-6.996072530746459961e-01 8.959589004516601562e-01 1.896060466766357422e+00 -3.607703745365142822e-02 -2.062285393476486206e-01 3.655436336994171143e-01 9.069433212280273438e-01
-7.133179903030395508e-01 8.893333673477172852e-01 1.892209410667419434e+00 -4.288198426365852356e-02 -2.096953541040420532e-01 3.572254180908203125e-01 9.091639518737792969e-01
-7.278326153755187988e-01 8.832777142524719238e-01 1.888263940811157227e+00 -4.983657225966453552e-02 -2.132203876972198486e-01 3.488402068614959717e-01 9.112431406974792480e-01
-7.402268648147583008e-01 8.772757649421691895e-01 1.884859204292297363e+00 -5.725219473242759705e-02 -2.176304906606674194e-01 3.398166298866271973e-01 9.131724238395690918e-01
-7.568428516387939453e-01 8.715958595275878906e-01 1.881668567657470703e+00 -6.474094092845916748e-02 -2.213031798601150513e-01 3.309608399868011475e-01 9.150401353836059570e-01
-7.717519998550415039e-01 8.663414716720581055e-01 1.878793835639953613e+00 -7.260487228631973267e-02 -2.255658954381942749e-01 3.223879039287567139e-01 9.164685606956481934e-01
-7.888799309730529785e-01 8.613008260726928711e-01 1.874353885650634766e+00 -8.021534234285354614e-02 -2.289374321699142456e-01 3.133199810981750488e-01 9.181415438652038574e-01
-8.059564232826232910e-01 8.558574914932250977e-01 1.868635892868041992e+00 -8.773624151945114136e-02 -2.325732260942459106e-01 3.046296536922454834e-01 9.194633960723876953e-01
-8.234295845031738281e-01 8.508208990097045898e-01 1.862938761711120605e+00 -9.486865997314453125e-02 -2.359407544136047363e-01 2.965956628322601318e-01 9.205232262611389160e-01
-8.419743776321411133e-01 8.448395133018493652e-01 1.855995178222656250e+00 -1.016082167625427246e-01 -2.385030090808868408e-01 2.888195514678955078e-01 9.216156601905822754e-01
-8.581584095954895020e-01 8.393582105636596680e-01 1.849263548851013184e+00 -1.081727072596549988e-01 -2.421647906303405762e-01 2.818355858325958252e-01 9.220756888389587402e-01
-8.770762681961059570e-01 8.307784795761108398e-01 1.841981768608093262e+00 -1.150579750537872314e-01 -2.444685995578765869e-01 2.740449309349060059e-01 9.229822754859924316e-01
-8.963283896446228027e-01 8.218377828598022461e-01 1.833458423614501953e+00 -1.217916682362556458e-01 -2.465459555387496948e-01 2.671321332454681396e-01 9.235921502113342285e-01
-9.112854003906250000e-01 8.129730224609375000e-01 1.826317191123962402e+00 -1.290049701929092407e-01 -2.498205453157424927e-01 2.603036165237426758e-01 9.236825704574584961e-01
-9.310503005981445312e-01 8.057106733322143555e-01 1.817324995994567871e+00 -1.345047950744628906e-01 -2.516991198062896729e-01 2.544092237949371338e-01 9.240303635597229004e-01
-9.513496160507202148e-01 7.966350913047790527e-01 1.808879017829895020e+00 -1.405065357685089111e-01 -2.534651458263397217e-01 2.481067776679992676e-01 9.243681430816650391e-01
-9.724292755126953125e-01 7.869302034378051758e-01 1.799649953842163086e+00 -1.463460922241210938e-01 -2.548210322856903076e-01 2.420489192008972168e-01 9.246953129768371582e-01
-9.925798773765563965e-01 7.773679494857788086e-01 1.789519786834716797e+00 -1.518189162015914917e-01 -2.561570107936859131e-01 2.364802211523056030e-01 9.248847365379333496e-01
-1.011962652206420898e+00 7.654235363006591797e-01 1.778436660766601562e+00 -1.578258574008941650e-01 -2.575543820858001709e-01 2.308841943740844727e-01 9.249050021171569824e-01
-1.024760723114013672e+00 7.516053915023803711e-01 1.764585375785827637e+00 -1.641796976327896118e-01 -2.597761154174804688e-01 2.247350364923477173e-01 9.246921539306640625e-01
-1.036718130111694336e+00 7.379966974258422852e-01 1.746940135955810547e+00 -1.697198301553726196e-01 -2.608617842197418213e-01 2.190466374158859253e-01 9.247512817382812500e-01
-1.047040104866027832e+00 7.246897220611572266e-01 1.728591442108154297e+00 -1.753231734037399292e-01 -2.619679272174835205e-01 2.138462811708450317e-01 9.246103763580322266e-01
-1.056368589401245117e+00 7.113267183303833008e-01 1.710781931877136230e+00 -1.811946332454681396e-01 -2.628851234912872314e-01 2.082121074199676514e-01 9.245040416717529297e-01
-1.064399719238281250e+00 6.967260837554931641e-01 1.693501114845275879e+00 -1.876321285963058472e-01 -2.640142738819122314e-01 2.023335993289947510e-01 9.242033958435058594e-01
-1.072899222373962402e+00 6.816515922546386719e-01 1.675608038902282715e+00 -1.936686038970947266e-01 -2.645633518695831299e-01 1.961814463138580322e-01 9.241275191307067871e-01
-1.081131219863891602e+00 6.679105758666992188e-01 1.658554434776306152e+00 -1.994086503982543945e-01 -2.652987837791442871e-01 1.904944628477096558e-01 9.238856434822082520e-01
-1.088789105415344238e+00 6.524323225021362305e-01 1.642146348953247070e+00 -2.056317031383514404e-01 -2.656538188457489014e-01 1.840926408767700195e-01 9.237173199653625488e-01
-1.096296548843383789e+00 6.367398500442504883e-01 1.625627040863037109e+00 -2.116647660732269287e-01 -2.659222781658172607e-01 1.775762289762496948e-01 9.235529303550720215e-01
-1.104402899742126465e+00 6.190943121910095215e-01 1.609151482582092285e+00 -2.184957563877105713e-01 -2.657685577869415283e-01 1.702432632446289062e-01 9.233872890472412109e-01
-1.110222339630126953e+00 6.015778779983520508e-01 1.592931151390075684e+00 -2.250823676586151123e-01 -2.661970853805541992e-01 1.634816378355026245e-01 9.229035377502441406e-01
-1.117132186889648438e+00 5.842510461807250977e-01 1.577552556991577148e+00 -2.315876036882400513e-01 -2.663201689720153809e-01 1.564946621656417847e-01 9.224696755409240723e-01
-1.123978137969970703e+00 5.657567977905273438e-01 1.561569094657897949e+00 -2.383189499378204346e-01 -2.660227715969085693e-01 1.486931294202804565e-01 9.221314787864685059e-01
-1.129023194313049316e+00 5.460820794105529785e-01 1.546326160430908203e+00 -2.456998825073242188e-01 -2.659077346324920654e-01 1.406054943799972534e-01 9.214959144592285156e-01
-1.134415030479431152e+00 5.278225541114807129e-01 1.532014369964599609e+00 -2.526660561561584473e-01 -2.657293081283569336e-01 1.325172781944274902e-01 9.208621382713317871e-01
-1.139124989509582520e+00 5.091294646263122559e-01 1.518180131912231445e+00 -2.598211169242858887e-01 -2.655508220195770264e-01 1.241823509335517883e-01 9.200839400291442871e-01
-1.144875764846801758e+00 4.897280633449554443e-01 1.503942012786865234e+00 -2.673359215259552002e-01 -2.649336755275726318e-01 1.154837161302566528e-01 9.192416667938232422e-01
-1.149310231208801270e+00 4.712094962596893311e-01 1.490704536437988281e+00 -2.745257616043090820e-01 -2.647995650768280029e-01 1.067085340619087219e-01 9.182212352752685547e-01
-1.154087185859680176e+00 4.523504972457885742e-01 1.477261781692504883e+00 -2.818246185779571533e-01 -2.641299366950988770e-01 9.803624451160430908e-02 9.171691536903381348e-01
-1.159180641174316406e+00 4.328118860721588135e-01 1.464012145996093750e+00 -2.892720699310302734e-01 -2.633767426013946533e-01 8.864759653806686401e-02 9.160218238830566406e-01
-1.163902521133422852e+00 4.115632772445678711e-01 1.450551152229309082e+00 -2.973424494266510010e-01 -2.625720500946044922e-01 7.976207137107849121e-02 9.144842624664306641e-01
-1.168145775794982910e+00 3.928864896297454834e-01 1.437665462493896484e+00 -3.045134246349334717e-01 -2.618920803070068359e-01 7.087413966655731201e-02 9.130503535270690918e-01
-1.173030495643615723e+00 3.744142949581146240e-01 1.425121784210205078e+00 -3.118801414966583252e-01 -2.609848678112030029e-01 6.170963868498802185e-02 9.114875793457031250e-01
-1.176807641983032227e+00 3.552174270153045654e-01 1.413209915161132812e+00 -3.195944428443908691e-01 -2.603644430637359619e-01 5.244716629385948181e-02 9.095708131790161133e-01
-1.181623101234436035e+00 3.367530107498168945e-01 1.400575995445251465e+00 -3.266504108905792236e-01 -2.594231963157653809e-01 4.332298040390014648e-02 9.078118205070495605e-01
-1.185827612876892090e+00 3.170602321624755859e-01 1.388021945953369141e+00 -3.340678513050079346e-01 -2.586157023906707764e-01 3.405109420418739319e-02 9.057356715202331543e-01
-1.189872384071350098e+00 2.981448173522949219e-01 1.375675201416015625e+00 -3.412549495697021484e-01 -2.577226459980010986e-01 2.480543777346611023e-02 9.036087989807128906e-01
-1.193503379821777344e+00 2.806632220745086670e-01 1.364432573318481445e+00 -3.483991920948028564e-01 -2.569349706172943115e-01 1.568966917693614960e-02 9.013080596923828125e-01
