-0.000000000000000000e+00 -0.000000000000000000e+00 -0.000000000000000000e+00 -0.000000000000000000e+00 -0.000000000000000000e+00 -0.000000000000000000e+00 1.000000000000000000e+00
-0.000000000000000000e+00 -0.000000000000000000e+00 -0.000000000000000000e+00 -0.000000000000000000e+00 -0.000000000000000000e+00 -0.000000000000000000e+00 1.000000000000000000e+00
1.854182966053485870e-02 2.047086134552955627e-02 2.226671017706394196e-02 -2.814610255882143974e-03 -3.029468352906405926e-04 -1.537089934572577477e-03 9.999948143959045410e-01
1.854182966053485870e-02 2.047086134552955627e-02 2.226671017706394196e-02 -2.814610255882143974e-03 -3.029468352906405926e-04 -1.537089934572577477e-03 9.999948143959045410e-01
3.353223949670791626e-02 3.604111075401306152e-02 4.266420751810073853e-02 -6.745498627424240112e-03 3.771337913349270821e-03 -4.007237963378429413e-03 9.999621510505676270e-01
3.353223949670791626e-02 3.604111075401306152e-02 4.266420751810073853e-02 -6.745498627424240112e-03 3.771337913349270821e-03 -4.007237963378429413e-03 9.999621510505676270e-01
4.986726120114326477e-02 4.649257659912109375e-02 6.282214075326919556e-02 -1.135117281228303909e-02 1.049682032316923141e-02 -8.316678926348686218e-03 9.998459219932556152e-01
4.986726120114326477e-02 4.649257659912109375e-02 6.282214075326919556e-02 -1.135117281228303909e-02 1.049682032316923141e-02 -8.316678926348686218e-03 9.998459219932556152e-01
6.668026745319366455e-02 5.846225097775459290e-02 8.042048662900924683e-02 -1.529057044535875320e-02 1.881280727684497833e-02 -1.400395389646291733e-02 9.996080398559570312e-01
6.668026745319366455e-02 5.846225097775459290e-02 8.042048662900924683e-02 -1.529057044535875320e-02 1.881280727684497833e-02 -1.400395389646291733e-02 9.996080398559570312e-01
8.271390199661254883e-02 6.988672167062759399e-02 9.872992336750030518e-02 -1.977139525115489960e-02 2.874775975942611694e-02 -2.019826322793960571e-02 9.991869926452636719e-01
8.271390199661254883e-02 6.988672167062759399e-02 9.872992336750030518e-02 -1.977139525115489960e-02 2.874775975942611694e-02 -2.019826322793960571e-02 9.991869926452636719e-01
9.878329932689666748e-02 8.066357672214508057e-02 1.150145456194877625e-01 -2.417576685547828674e-02 3.848139196634292603e-02 -2.632239274680614471e-02 9.986199736595153809e-01
9.878329932689666748e-02 8.066357672214508057e-02 1.150145456194877625e-01 -2.417576685547828674e-02 3.848139196634292603e-02 -2.632239274680614471e-02 9.986199736595153809e-01
1.153728589415550232e-01 9.068149328231811523e-02 1.311057358980178833e-01 -2.879630401730537415e-02 4.886114224791526794e-02 -3.267443925142288208e-02 9.978556036949157715e-01
1.253301352262496948e-01 9.484872967004776001e-02 1.366851180791854858e-01 -3.027441911399364471e-02 5.276934430003166199e-02 -3.578056767582893372e-02 9.975062608718872070e-01
1.362983137369155884e-01 9.933863580226898193e-02 1.451518237590789795e-01 -3.257210925221443176e-02 5.637497082352638245e-02 -3.806839883327484131e-02 9.971517920494079590e-01
1.322641670703887939e-01 1.014094725251197815e-01 1.477790921926498413e-01 -3.415931388735771179e-02 6.450293213129043579e-02 -4.186129570007324219e-02 9.964538216590881348e-01
1.453010588884353638e-01 1.082502752542495728e-01 1.550931930541992188e-01 -3.462367504835128784e-02 6.753937155008316040e-02 -4.318279400467872620e-02 9.961802363395690918e-01
1.576706916093826294e-01 1.139261946082115173e-01 1.633985489606857300e-01 -3.556380793452262878e-02 7.059818506240844727e-02 -4.511101916432380676e-02 9.958494305610656738e-01
1.719428449869155884e-01 1.200299933552742004e-01 1.715004593133926392e-01 -3.616201505064964294e-02 7.288596034049987793e-02 -4.409274086356163025e-02 9.957087039947509766e-01
1.950156092643737793e-01 1.271116882562637329e-01 1.757316142320632935e-01 -3.424997255206108093e-02 7.061465829610824585e-02 -4.084947705268859863e-02 9.960782527923583984e-01
2.190055549144744873e-01 1.355004608631134033e-01 1.824772804975509644e-01 -3.281465917825698853e-02 6.594123691320419312e-02 -3.739272430539131165e-02 9.965825676918029785e-01
2.393762618303298950e-01 1.393320113420486450e-01 1.856687963008880615e-01 -3.230231255292892456e-02 6.424350291490554810e-02 -3.581102937459945679e-02 9.967682957649230957e-01
2.595762312412261963e-01 1.404263973236083984e-01 1.924242079257965088e-01 -3.243145346641540527e-02 6.295592337846755981e-02 -3.392561152577400208e-02 9.969121813774108887e-01
2.754354774951934814e-01 1.397333592176437378e-01 2.005903124809265137e-01 -3.216119855642318726e-02 6.434608995914459229e-02 -3.272159397602081299e-02 9.968724250793457031e-01
2.802025973796844482e-01 1.422902345657348633e-01 2.129071354866027832e-01 -3.041689842939376831e-02 6.794502586126327515e-02 -3.491398319602012634e-02 9.966139197349548340e-01
2.975963056087493896e-01 1.425809860229492188e-01 2.213596999645233154e-01 -3.013761900365352631e-02 6.785029172897338867e-02 -3.383365273475646973e-02 9.966661930084228516e-01
3.147999942302703857e-01 1.465478986501693726e-01 2.306262403726577759e-01 -2.921535260975360870e-02 6.783246248960494995e-02 -3.216660022735595703e-02 9.967499971389770508e-01
3.325924575328826904e-01 1.510512977838516235e-01 2.374773323535919189e-01 -2.852805331349372864e-02 6.745703518390655518e-02 -3.121737763285636902e-02 9.968255758285522461e-01
3.501616716384887695e-01 1.571645438671112061e-01 2.394434958696365356e-01 -2.662090770900249481e-02 6.815690547227859497e-02 -2.980106882750988007e-02 9.968740344047546387e-01
3.681294918060302734e-01 1.618082374334335327e-01 2.515727877616882324e-01 -2.698984555900096893e-02 6.802288442850112915e-02 -3.042437508702278137e-02 9.968544840812683105e-01
3.792538642883300781e-01 1.662159711122512817e-01 2.670295536518096924e-01 -2.866893634200096130e-02 6.868590414524078369e-02 -3.280502185225486755e-02 9.966866374015808105e-01
3.873442709445953369e-01 1.767196506261825562e-01 2.865912616252899170e-01 -3.038752079010009766e-02 6.767510622739791870e-02 -3.569515421986579895e-02 9.966055750846862793e-01
3.889534175395965576e-01 1.902492940425872803e-01 3.009805679321289062e-01 -3.015945293009281158e-02 6.750416755676269531e-02 -3.508706390857696533e-02 9.966456294059753418e-01
3.843600749969482422e-01 1.922821849584579468e-01 3.011485338211059570e-01 -3.049394302070140839e-02 6.757998466491699219e-02 -3.513124212622642517e-02 9.966287612915039062e-01
3.845968544483184814e-01 2.047855556011199951e-01 3.160596787929534912e-01 -3.052943199872970581e-02 6.741344928741455078e-02 -3.563948348164558411e-02 9.966208934783935547e-01
3.850267827510833740e-01 2.182904481887817383e-01 3.325980901718139648e-01 -3.046886622905731201e-02 6.719957292079925537e-02 -3.615548089146614075e-02 9.966186285018920898e-01
3.853902816772460938e-01 2.303509861230850220e-01 3.478874862194061279e-01 -3.067868947982788086e-02 6.683903187513351440e-02 -3.648382425308227539e-02 9.966245293617248535e-01
3.875711858272552490e-01 2.434862405061721802e-01 3.628011047840118408e-01 -3.058579750359058380e-02 6.644819676876068115e-02 -3.684624284505844116e-02 9.966401457786560059e-01
3.891128301620483398e-01 2.564631998538970947e-01 3.791160285472869873e-01 -3.213096037507057190e-02 6.541185081005096436e-02 -3.870110958814620972e-02 9.965897202491760254e-01
3.917793035507202148e-01 2.729880213737487793e-01 3.943527936935424805e-01 -3.126012533903121948e-02 6.502344459295272827e-02 -3.866457194089889526e-02 9.966443181037902832e-01
3.934963941574096680e-01 2.826641798019409180e-01 4.067908227443695068e-01 -3.173063695430755615e-02 6.671354174613952637e-02 -3.775662556290626526e-02 9.965525865554809570e-01
3.969844579696655273e-01 2.961209416389465332e-01 4.195755720138549805e-01 -3.224693611264228821e-02 6.672987341880798340e-02 -3.820868209004402161e-02 9.965176582336425781e-01
3.980645835399627686e-01 3.112769424915313721e-01 4.337991178035736084e-01 -3.175439313054084778e-02 6.726836413145065308e-02 -3.853274509310722351e-02 9.964848160743713379e-01
4.015141129493713379e-01 3.268439173698425293e-01 4.489974975585937500e-01 -3.160773590207099915e-02 6.705296784639358521e-02 -3.770024701952934265e-02 9.965357780456542969e-01
4.028701484203338623e-01 3.386447727680206299e-01 4.597915112972259521e-01 -3.152657672762870789e-02 6.716047972440719604e-02 -3.833720460534095764e-02 9.965068101882934570e-01
4.049430191516876221e-01 3.537763953208923340e-01 4.760231673717498779e-01 -3.111070394515991211e-02 6.757262349128723145e-02 -3.715460002422332764e-02 9.965368509292602539e-01
4.059248864650726318e-01 3.673873543739318848e-01 4.903452694416046143e-01 -3.094921633601188660e-02 6.764806807041168213e-02 -3.715534880757331848e-02 9.965367317199707031e-01
4.080444574356079102e-01 3.731977045536041260e-01 4.988661706447601318e-01 -3.460966423153877258e-02 6.510677933692932129e-02 -4.134369641542434692e-02 9.964206218719482422e-01
4.094396829605102539e-01 3.829115927219390869e-01 5.094784498214721680e-01 -3.474688529968261719e-02 6.533367931842803955e-02 -4.112952947616577148e-02 9.964098930358886719e-01
4.094925224781036377e-01 3.931750357151031494e-01 5.205914974212646484e-01 -3.419417142868041992e-02 6.627093255519866943e-02 -4.049237072467803955e-02 9.963932037353515625e-01
4.098184406757354736e-01 4.017452001571655273e-01 5.323401093482971191e-01 -3.465242311358451843e-02 6.622263789176940918e-02 -4.069735109806060791e-02 9.963722229003906250e-01
4.103932678699493408e-01 4.090886414051055908e-01 5.428918004035949707e-01 -3.536988049745559692e-02 6.531745940446853638e-02 -4.142816364765167236e-02 9.963765740394592285e-01
4.105392098426818848e-01 4.162597954273223877e-01 5.514099597930908203e-01 -3.499431163072586060e-02 6.555429100990295410e-02 -4.153387993574142456e-02 9.963699579238891602e-01
4.094148874282836914e-01 4.246281683444976807e-01 5.633524656295776367e-01 -3.423527628183364868e-02 6.614056229591369629e-02 -4.058919474482536316e-02 9.963964819908142090e-01
4.081026613712310791e-01 4.320777952671051025e-01 5.759224295616149902e-01 -3.493854776024818420e-02 6.561006605625152588e-02 -4.083108901977539062e-02 9.963972568511962891e-01
4.057593643665313721e-01 4.385182261466979980e-01 5.861265659332275391e-01 -3.241010010242462158e-02 6.640303134918212891e-02 -4.048221185803413391e-02 9.964444041252136230e-01
4.034675359725952148e-01 4.441280364990234375e-01 5.955527424812316895e-01 -3.076326660811901093e-02 6.742990016937255859e-02 -3.835928812623023987e-02 9.965116381645202637e-01
4.008407890796661377e-01 4.473631680011749268e-01 6.035194993019104004e-01 -3.018738515675067902e-02 6.777368485927581787e-02 -3.768568113446235657e-02 9.965316057205200195e-01
3.981910347938537598e-01 4.497219622135162354e-01 6.128651499748229980e-01 -3.037220239639282227e-02 6.787831336259841919e-02 -3.726642578840255737e-02 9.965346455574035645e-01
3.953518569469451904e-01 4.518747925758361816e-01 6.167218685150146484e-01 -2.987604029476642609e-02 6.838876754045486450e-02 -3.747282177209854126e-02 9.965070486068725586e-01
3.906133472919464111e-01 4.541411101818084717e-01 6.186355948448181152e-01 -2.805619500577449799e-02 7.222134619951248169e-02 -3.438830748200416565e-02 9.964007735252380371e-01
3.900828659534454346e-01 4.560667574405670166e-01 6.268481612205505371e-01 -3.311504051089286804e-02 6.585179269313812256e-02 -4.053945466876029968e-02 9.964554905891418457e-01
3.860868513584136963e-01 4.571438133716583252e-01 6.310391426086425781e-01 -3.488553687930107117e-02 6.318552047014236450e-02 -4.497587308287620544e-02 9.963773488998413086e-01
3.838750422000885010e-01 4.566568434238433838e-01 6.316716670989990234e-01 -3.434124216437339783e-02 6.461989879608154297e-02 -4.300505295395851135e-02 9.963912963867187500e-01
3.810190856456756592e-01 4.619348645210266113e-01 6.397437453269958496e-01 -3.286533802747726440e-02 6.520280241966247559e-02 -4.317085817456245422e-02 9.963958859443664551e-01
3.797244429588317871e-01 4.663440585136413574e-01 6.453588008880615234e-01 -3.537465259432792664e-02 6.356751918792724609e-02 -4.474775120615959167e-02 9.963460564613342285e-01
4.110257625579833984e-01 5.062284469604492188e-01 6.720789670944213867e-01 2.566332463175058365e-03 -2.594955032691359520e-03 6.439409404993057251e-02 9.979178905487060547e-01
4.075422585010528564e-01 5.108554959297180176e-01 6.798875331878662109e-01 3.466732101514935493e-03 -1.281480421312153339e-03 6.642838567495346069e-02 9.977843761444091797e-01
4.052193462848663330e-01 5.145347118377685547e-01 6.876493692398071289e-01 3.099804045632481575e-03 -3.058597678318619728e-03 6.728933751583099365e-02 9.977240562438964844e-01
4.020906090736389160e-01 5.209588408470153809e-01 6.976075172424316406e-01 4.831311758607625961e-03 -2.897015074267983437e-04 6.861011683940887451e-02 9.976318478584289551e-01
3.993675410747528076e-01 5.248619914054870605e-01 7.066062688827514648e-01 2.978627104312181473e-03 -8.547521429136395454e-04 6.578648835420608521e-02 9.978289604187011719e-01
3.993813693523406982e-01 5.304049253463745117e-01 7.094771862030029297e-01 5.942134652286767960e-03 3.050312167033553123e-03 7.203710824251174927e-02 9.973796606063842773e-01
3.965544998645782471e-01 5.374072790145874023e-01 7.238513231277465820e-01 3.151274751871824265e-03 -2.520366688258945942e-04 6.666866689920425415e-02 9.977701902389526367e-01
4.120377302169799805e-01 5.559840798377990723e-01 7.354341745376586914e-01 1.502714771777391434e-02 -5.398483201861381531e-02 1.372683644294738770e-01 9.889475703239440918e-01
4.114180207252502441e-01 5.622674226760864258e-01 7.445451617240905762e-01 1.494389213621616364e-02 -5.584199726581573486e-02 1.393389403820037842e-01 9.885560870170593262e-01
4.153275489807128906e-01 5.711988210678100586e-01 7.550436258316040039e-01 1.399518549442291260e-02 -5.881628766655921936e-02 1.333691030740737915e-01 9.892206788063049316e-01
4.125836789608001709e-01 5.789664387702941895e-01 7.682642340660095215e-01 1.485841348767280579e-02 -6.503769755363464355e-02 1.351896673440933228e-01 9.885712862014770508e-01
4.170237481594085693e-01 5.893334746360778809e-01 7.731271982192993164e-01 1.984904706478118896e-02 -7.370421290397644043e-02 1.493480503559112549e-01 9.858341217041015625e-01
4.170847833156585693e-01 5.995097160339355469e-01 7.870233058929443359e-01 4.145510494709014893e-03 -7.979981601238250732e-02 1.469559669494628906e-01 9.859101772308349609e-01
4.168975353240966797e-01 6.087316274642944336e-01 7.926478385925292969e-01 -1.178075652569532394e-02 -8.561873435974121094e-02 1.436374485492706299e-01 9.858494400978088379e-01
4.165766835212707520e-01 6.173229813575744629e-01 8.046308159828186035e-01 -3.181359916925430298e-02 -9.066774696111679077e-02 1.365282684564590454e-01 9.859651923179626465e-01
4.167546927928924561e-01 6.251345872879028320e-01 8.138997554779052734e-01 -5.357914417982101440e-02 -9.643711894750595093e-02 1.300010979175567627e-01 9.853572249412536621e-01
4.189446270465850830e-01 6.325014233589172363e-01 8.239694833755493164e-01 -7.713337242603302002e-02 -1.021340414881706238e-01 1.214809566736221313e-01 9.843076467514038086e-01
4.178217053413391113e-01 6.420934796333312988e-01 8.362222313880920410e-01 -1.023317351937294006e-01 -1.060704588890075684e-01 1.116734966635704041e-01 9.827545285224914551e-01
4.161639809608459473e-01 6.517223119735717773e-01 8.484058380126953125e-01 -1.273085176944732666e-01 -1.109687164425849915e-01 1.009964048862457275e-01 9.804479479789733887e-01
4.095030426979064941e-01 6.610556244850158691e-01 8.624069690704345703e-01 -1.539976745843887329e-01 -1.149501055479049683e-01 8.893802762031555176e-02 9.773235321044921875e-01
4.064565896987915039e-01 6.695654392242431641e-01 8.752921223640441895e-01 -1.812458932399749756e-01 -1.195237115025520325e-01 7.690225541591644287e-02 9.731135964393615723e-01
4.040472507476806641e-01 6.770581007003784180e-01 8.870912194252014160e-01 -2.089508026838302612e-01 -1.239681690931320190e-01 6.492321193218231201e-02 9.678617715835571289e-01
4.007607698440551758e-01 6.852726936340332031e-01 9.005854725837707520e-01 -2.361597120761871338e-01 -1.282161623239517212e-01 5.250005051493644714e-02 9.617863297462463379e-01
3.956024050712585449e-01 6.935417652130126953e-01 9.143632650375366211e-01 -2.632099092006683350e-01 -1.323868036270141602e-01 4.102114588022232056e-02 9.547311663627624512e-01
3.918928503990173340e-01 7.019512057304382324e-01 9.283559322357177734e-01 -2.893971800804138184e-01 -1.373271346092224121e-01 3.053009323775768280e-02 9.468148946762084961e-01
3.883835971355438232e-01 7.091246843338012695e-01 9.405800104141235352e-01 -3.148615062236785889e-01 -1.422383934259414673e-01 2.040513604879379272e-02 9.381972551345825195e-01
3.834856748580932617e-01 7.169573307037353516e-01 9.545942544937133789e-01 -3.391627371311187744e-01 -1.470081359148025513e-01 1.140848454087972641e-02 9.291002154350280762e-01
3.779962956905364990e-01 7.244560718536376953e-01 9.691835045814514160e-01 -3.621323704719543457e-01 -1.518755257129669189e-01 3.394213039427995682e-03 9.196643233299255371e-01
3.730067908763885498e-01 7.326564192771911621e-01 9.833576083183288574e-01 -3.835084736347198486e-01 -1.572264581918716431e-01 -2.760143717750906944e-03 9.100514054298400879e-01
3.684471845626831055e-01 7.402186393737792969e-01 9.975982904434204102e-01 -4.031864106655120850e-01 -1.628010123968124390e-01 -6.639199797064065933e-03 9.004957079887390137e-01
3.645449876785278320e-01 7.461478710174560547e-01 1.009933590888977051e+00 -4.210068285465240479e-01 -1.691173911094665527e-01 -8.452870883047580719e-03 8.911122679710388184e-01
3.589926660060882568e-01 7.538993358612060547e-01 1.024661302566528320e+00 -4.362201988697052002e-01 -1.759346425533294678e-01 -8.874820545315742493e-03 8.824285864830017090e-01
3.536212444305419922e-01 7.618692517280578613e-01 1.039945363998413086e+00 -4.492217004299163818e-01 -1.834044456481933594e-01 -6.120783276855945587e-03 8.743713498115539551e-01
3.481664955615997314e-01 7.700436711311340332e-01 1.055527210235595703e+00 -4.599745273590087891e-01 -1.916964948177337646e-01 -1.205485081300139427e-03 8.669916391372680664e-01
3.431324958801269531e-01 7.769450545310974121e-01 1.068601608276367188e+00 -4.682638347148895264e-01 -2.002266645431518555e-01 6.145631894469261169e-03 8.605815172195434570e-01
3.373523950576782227e-01 7.848728895187377930e-01 1.083709836006164551e+00 -4.746250212192535400e-01 -2.093481719493865967e-01 1.536276377737522125e-02 8.547914624214172363e-01
3.312125205993652344e-01 7.921433448791503906e-01 1.098859310150146484e+00 -4.791513681411743164e-01 -2.185796350240707397e-01 2.627854235470294952e-02 8.496742844581604004e-01
3.249972462654113770e-01 7.996335625648498535e-01 1.114102482795715332e+00 -4.815856814384460449e-01 -2.284291088581085205e-01 3.919197618961334229e-02 8.451978564262390137e-01
3.178230524063110352e-01 8.072630167007446289e-01 1.129449844360351562e+00 -4.820793569087982178e-01 -2.384998798370361328e-01 5.340611562132835388e-02 8.413471579551696777e-01
3.101395368576049805e-01 8.151311874389648438e-01 1.144812822341918945e+00 -4.806456565856933594e-01 -2.488906234502792358e-01 6.932764500379562378e-02 8.379898071289062500e-01
3.019112646579742432e-01 8.219470381736755371e-01 1.160336256027221680e+00 -4.778780639171600342e-01 -2.594125866889953613e-01 8.612229675054550171e-02 8.348177075386047363e-01
2.926932275295257568e-01 8.284801244735717773e-01 1.175691604614257812e+00 -4.733623564243316650e-01 -2.701873481273651123e-01 1.039538979530334473e-01 8.319377899169921875e-01
2.813909947872161865e-01 8.349877595901489258e-01 1.190027594566345215e+00 -4.667956531047821045e-01 -2.804053127765655518e-01 1.226249337196350098e-01 8.297215104103088379e-01
2.700774371623992920e-01 8.405997753143310547e-01 1.204563379287719727e+00 -4.590757191181182861e-01 -2.915098965167999268e-01 1.422079503536224365e-01 8.270722031593322754e-01
2.564759850502014160e-01 8.461953401565551758e-01 1.217919707298278809e+00 -4.495158195495605469e-01 -3.023014366626739502e-01 1.624598503112792969e-01 8.247158527374267578e-01
2.411310672760009766e-01 8.509405851364135742e-01 1.229938745498657227e+00 -4.386344552040100098e-01 -3.129559457302093506e-01 1.828597337007522583e-01 8.223264813423156738e-01
2.261342406272888184e-01 8.575824499130249023e-01 1.241231679916381836e+00 -4.264468848705291748e-01 -3.237688243389129639e-01 2.035795152187347412e-01 8.196781277656555176e-01
2.130180597305297852e-01 8.677786588668823242e-01 1.252352952957153320e+00 -4.129226803779602051e-01 -3.341362178325653076e-01 2.242977619171142578e-01 8.170301914215087891e-01
1.985515952110290527e-01 8.737393617630004883e-01 1.265357255935668945e+00 -3.986986577510833740e-01 -3.441375494003295898e-01 2.443626224994659424e-01 8.141840696334838867e-01
1.846426725387573242e-01 8.787121772766113281e-01 1.277388572692871094e+00 -3.835702538490295410e-01 -3.538250923156738281e-01 2.647854983806610107e-01 8.109071254730224609e-01
1.701669096946716309e-01 8.824877738952636719e-01 1.288163185119628906e+00 -3.670476973056793213e-01 -3.629949688911437988e-01 2.843010425567626953e-01 8.078882694244384766e-01
1.567064523696899414e-01 8.864147663116455078e-01 1.299001693725585938e+00 -3.500658869743347168e-01 -3.721610903739929199e-01 3.032920956611633301e-01 8.043406605720520020e-01
1.433014273643493652e-01 8.908361196517944336e-01 1.309272289276123047e+00 -3.323312699794769287e-01 -3.808645606040954590e-01 3.216480016708374023e-01 8.006501197814941406e-01
1.303880214691162109e-01 8.941737413406372070e-01 1.318835020065307617e+00 -3.142718970775604248e-01 -3.890331685543060303e-01 3.389368653297424316e-01 7.968741059303283691e-01
1.174697875976562500e-01 8.983507752418518066e-01 1.328198194503784180e+00 -2.954922616481781006e-01 -3.970741331577301025e-01 3.557401299476623535e-01 7.927581667900085449e-01
1.052477359771728516e-01 9.025419950485229492e-01 1.336598157882690430e+00 -2.760103940963745117e-01 -4.044888317584991455e-01 3.716451227664947510e-01 7.887249588966369629e-01
9.276092052459716797e-02 9.067445993423461914e-01 1.344468355178833008e+00 -2.551670074462890625e-01 -4.123696088790893555e-01 3.848331868648529053e-01 7.853308916091918945e-01
8.102345466613769531e-02 9.095690250396728516e-01 1.351949095726013184e+00 -2.344319224357604980e-01 -4.195784628391265869e-01 3.961050212383270264e-01 7.823659181594848633e-01
6.947529315948486328e-02 9.131153225898742676e-01 1.359516024589538574e+00 -2.135893404483795166e-01 -4.263354241847991943e-01 4.078246951103210449e-01 7.786505818367004395e-01
5.798208713531494141e-02 9.163469076156616211e-01 1.365827083587646484e+00 -1.932573169469833374e-01 -4.319401979446411133e-01 4.194371104240417480e-01 7.746947407722473145e-01
4.803800582885742188e-02 9.205617904663085938e-01 1.372794389724731445e+00 -1.732134819030761719e-01 -4.379186332225799561e-01 4.315547347068786621e-01 7.694055438041687012e-01
3.758680820465087891e-02 9.233647584915161133e-01 1.379102110862731934e+00 -1.538403481245040894e-01 -4.428943395614624023e-01 4.426999986171722412e-01 7.643262147903442383e-01
2.739036083221435547e-02 9.258387088775634766e-01 1.383800506591796875e+00 -1.350829303264617920e-01 -4.471901953220367432e-01 4.535713791847229004e-01 7.589773535728454590e-01
1.685357093811035156e-02 9.280294179916381836e-01 1.387219548225402832e+00 -1.170249432325363159e-01 -4.514735639095306396e-01 4.641450345516204834e-01 7.530246973037719727e-01
7.305383682250976562e-03 9.297482967376708984e-01 1.390708446502685547e+00 -9.994623810052871704e-02 -4.555864036083221436e-01 4.742082357406616211e-01 7.467117309570312500e-01
-2.199292182922363281e-03 9.318252205848693848e-01 1.394061684608459473e+00 -8.336008340120315552e-02 -4.591775536537170410e-01 4.844927191734313965e-01 7.399148344993591309e-01
-1.077842712402343750e-02 9.332103729248046875e-01 1.396783590316772461e+00 -6.756548583507537842e-02 -4.627891182899475098e-01 4.941055178642272949e-01 7.328853607177734375e-01
-1.934158802032470703e-02 9.345182180404663086e-01 1.398503184318542480e+00 -5.245346575975418091e-02 -4.658324122428894043e-01 5.035496950149536133e-01 7.257317304611206055e-01
-2.728021144866943359e-02 9.367553591728210449e-01 1.401102542877197266e+00 -3.723248839378356934e-02 -4.690820872783660889e-01 5.113631486892700195e-01 7.190852165222167969e-01
-3.483831882476806641e-02 9.387184381484985352e-01 1.402965068817138672e+00 -2.206323482096195221e-02 -4.722470343112945557e-01 5.178622603416442871e-01 7.129619717597961426e-01
-4.162728786468505859e-02 9.397813677787780762e-01 1.405444264411926270e+00 -8.648450486361980438e-03 -4.755565226078033447e-01 5.239700078964233398e-01 7.065597176551818848e-01
-4.652476310729980469e-02 9.422513842582702637e-01 1.408287048339843750e+00 4.252519458532333374e-03 -4.794714450836181641e-01 5.297145247459411621e-01 6.996367573738098145e-01
-5.357003211975097656e-02 9.435774683952331543e-01 1.410553336143493652e+00 5.739481188356876373e-03 -4.859873354434967041e-01 5.297629237174987793e-01 6.950789093971252441e-01
-6.108260154724121094e-02 9.431497454643249512e-01 1.411468982696533203e+00 6.889353040605783463e-03 -4.914822578430175781e-01 5.291295647621154785e-01 6.916788220405578613e-01
-6.667697429656982422e-02 9.448127150535583496e-01 1.413238167762756348e+00 8.700283244252204895e-03 -4.971615076065063477e-01 5.293977856636047363e-01 6.873811483383178711e-01
-6.878304481506347656e-02 9.477797150611877441e-01 1.415427684783935547e+00 1.001128461211919785e-02 -5.030390620231628418e-01 5.303762555122375488e-01 6.823140978813171387e-01
-7.246303558349609375e-02 9.482740759849548340e-01 1.417032361030578613e+00 1.109821908175945282e-02 -5.083015561103820801e-01 5.302407741546630859e-01 6.784917712211608887e-01
-7.595372200012207031e-02 9.480566978454589844e-01 1.418229341506958008e+00 1.199024729430675507e-02 -5.125828385353088379e-01 5.304754972457885742e-01 6.750635504722595215e-01
-7.884621620178222656e-02 9.486436843872070312e-01 1.419441819190979004e+00 1.291055046021938324e-02 -5.166502594947814941e-01 5.303701758384704590e-01 6.720218062400817871e-01
-8.050906658172607422e-02 9.489721059799194336e-01 1.420972585678100586e+00 1.341754198074340820e-02 -5.204467773437500000e-01 5.307348966598510742e-01 6.687867641448974609e-01
-8.274292945861816406e-02 9.493404030799865723e-01 1.422873377799987793e+00 1.363445725291967392e-02 -5.234507322311401367e-01 5.311466455459594727e-01 6.661056280136108398e-01
-8.474183082580566406e-02 9.500535726547241211e-01 1.424036860466003418e+00 1.407134253531694412e-02 -5.256532430648803711e-01 5.316681861877441406e-01 6.639425158500671387e-01
-8.632850646972656250e-02 9.506887793540954590e-01 1.424714207649230957e+00 1.456624828279018402e-02 -5.269349813461303711e-01 5.321689248085021973e-01 6.625131368637084961e-01
-8.729815483093261719e-02 9.506527185440063477e-01 1.425253272056579590e+00 1.452304981648921967e-02 -5.275662541389465332e-01 5.324445366859436035e-01 6.617898941040039062e-01
-8.873355388641357422e-02 9.512264132499694824e-01 1.425974011421203613e+00 1.427069492638111115e-02 -5.273172855377197266e-01 5.331266522407531738e-01 6.614446043968200684e-01
-9.016680717468261719e-02 9.514439105987548828e-01 1.426881790161132812e+00 1.366197131574153900e-02 -5.264043211936950684e-01 5.337873697280883789e-01 6.616516113281250000e-01
-9.065496921539306641e-02 9.524703621864318848e-01 1.428653240203857422e+00 1.290175877511501312e-02 -5.247992277145385742e-01 5.345588326454162598e-01 6.623188257217407227e-01
-9.062123298645019531e-02 9.522027969360351562e-01 1.427229762077331543e+00 1.220832765102386475e-02 -5.216523408889770508e-01 5.350109934806823730e-01 6.644493937492370605e-01
-9.150815010070800781e-02 9.520852565765380859e-01 1.427827954292297363e+00 1.155330426990985870e-02 -5.179961323738098145e-01 5.349690318107604980e-01 6.673490405082702637e-01
-9.306228160858154297e-02 9.525672197341918945e-01 1.428268432617187500e+00 1.051713619381189346e-02 -5.132499933242797852e-01 5.354530811309814453e-01 6.706369519233703613e-01
-9.315347671508789062e-02 9.522606730461120605e-01 1.429936408996582031e+00 9.121933020651340485e-03 -5.078955292701721191e-01 5.345427989959716797e-01 6.754427552223205566e-01
-9.447276592254638672e-02 9.521700143814086914e-01 1.429768562316894531e+00 8.269378915429115295e-03 -5.010404586791992188e-01 5.335450172424316406e-01 6.813368201255798340e-01
-9.585380554199218750e-02 9.526509046554565430e-01 1.431902766227722168e+00 -6.016472820192575455e-03 -4.982729554176330566e-01 5.247064232826232910e-01 6.901964545249938965e-01
-9.668719768524169922e-02 9.528661966323852539e-01 1.433011412620544434e+00 -2.113081514835357666e-02 -4.947838783264160156e-01 5.141969323158264160e-01 7.002456784248352051e-01
-9.911131858825683594e-02 9.540941119194030762e-01 1.434702157974243164e+00 -3.686517477035522461e-02 -4.908851087093353271e-01 5.029991269111633301e-01 7.103975415229797363e-01
-1.035043001174926758e-01 9.503296017646789551e-01 1.436182737350463867e+00 -5.528770014643669128e-02 -4.852673709392547607e-01 4.885578453540802002e-01 7.230284810066223145e-01
-1.059967279434204102e-01 9.500806331634521484e-01 1.438092708587646484e+00 -7.366965711116790771e-02 -4.794061779975891113e-01 4.747852683067321777e-01 7.343850731849670410e-01
-1.087716817855834961e-01 9.491786360740661621e-01 1.440246582031250000e+00 -9.305381774902343750e-02 -4.726837873458862305e-01 4.594043493270874023e-01 7.462297081947326660e-01
-1.119989156723022461e-01 9.486096501350402832e-01 1.442442178726196289e+00 -1.124099195003509521e-01 -4.656527042388916016e-01 4.430505037307739258e-01 7.577848434448242188e-01
-1.156311035156250000e-01 9.501619338989257812e-01 1.445914983749389648e+00 -1.319623887538909912e-01 -4.582685232162475586e-01 4.270033538341522217e-01 7.682734727859497070e-01
-1.192386150360107422e-01 9.496739506721496582e-01 1.448593854904174805e+00 -1.518285423517227173e-01 -4.501093924045562744e-01 4.092655479907989502e-01 7.790067195892333984e-01
-1.232280731201171875e-01 9.498627781867980957e-01 1.451967239379882812e+00 -1.716243475675582886e-01 -4.416843652725219727e-01 3.916707932949066162e-01 7.887040376663208008e-01
-1.264872550964355469e-01 9.488619565963745117e-01 1.454650640487670898e+00 -1.914473921060562134e-01 -4.324757158756256104e-01 3.730226457118988037e-01 7.982272505760192871e-01
-1.294437050819396973e-01 9.490494132041931152e-01 1.457406163215637207e+00 -2.108573913574218750e-01 -4.235392808914184570e-01 3.546393513679504395e-01 8.064643144607543945e-01
-1.325469017028808594e-01 9.486724138259887695e-01 1.459540843963623047e+00 -2.297440916299819946e-01 -4.142369627952575684e-01 3.359272778034210205e-01 8.141120076179504395e-01
-1.351962089538574219e-01 9.480960369110107422e-01 1.461523771286010742e+00 -2.479289621114730835e-01 -4.050389826297760010e-01 3.170852661132812500e-01 8.209334015846252441e-01
-1.374181509017944336e-01 9.476035237312316895e-01 1.463328242301940918e+00 -2.655681073665618896e-01 -3.958223462104797363e-01 2.986664772033691406e-01 8.267990946769714355e-01
-1.395235657691955566e-01 9.480604529380798340e-01 1.464401483535766602e+00 -2.816740274429321289e-01 -3.871398568153381348e-01 2.809415757656097412e-01 8.317778110504150391e-01
-1.413623094558715820e-01 9.479415416717529297e-01 1.465596914291381836e+00 -2.969955801963806152e-01 -3.788133561611175537e-01 2.637185752391815186e-01 8.359106779098510742e-01
-1.426744461059570312e-01 9.477295279502868652e-01 1.466486454010009766e+00 -3.113266229629516602e-01 -3.708426356315612793e-01 2.472437322139739990e-01 8.392985463142395020e-01
-1.438540220260620117e-01 9.477494955062866211e-01 1.467020273208618164e+00 -3.240380585193634033e-01 -3.635769784450531006e-01 2.318467348814010620e-01 8.420559763908386230e-01
-1.448516845703125000e-01 9.476037621498107910e-01 1.467500329017639160e+00 -3.355679810047149658e-01 -3.573248684406280518e-01 2.173612415790557861e-01 8.440777659416198730e-01
-1.452995538711547852e-01 9.475503563880920410e-01 1.467708230018615723e+00 -3.457731604576110840e-01 -3.520621955394744873e-01 2.041943520307540894e-01 8.454571962356567383e-01
-1.457315087318420410e-01 9.475104808807373047e-01 1.468091368675231934e+00 -3.542761504650115967e-01 -3.479317128658294678e-01 1.922370046377182007e-01 8.464496731758117676e-01
-1.461544036865234375e-01 9.475923180580139160e-01 1.468379497528076172e+00 -3.617874383926391602e-01 -3.447311818599700928e-01 1.821390688419342041e-01 8.468150496482849121e-01
-1.467018723487854004e-01 9.478141665458679199e-01 1.468479633331298828e+00 -3.677851259708404541e-01 -3.418268859386444092e-01 1.733385324478149414e-01 8.472557067871093750e-01
-1.473993062973022461e-01 9.475535154342651367e-01 1.468964576721191406e+00 -3.732188642024993896e-01 -3.396726250648498535e-01 1.649833619594573975e-01 8.474141955375671387e-01
-1.483276784420013428e-01 9.473268985748291016e-01 1.469455242156982422e+00 -3.777377903461456299e-01 -3.379364907741546631e-01 1.578878760337829590e-01 8.474577069282531738e-01
-1.495599746704101562e-01 9.472280144691467285e-01 1.469971776008605957e+00 -3.813627660274505615e-01 -3.364270329475402832e-01 1.513800919055938721e-01 8.476221561431884766e-01
-1.506992280483245850e-01 9.470184445381164551e-01 1.470783233642578125e+00 -3.845689296722412109e-01 -3.352561593055725098e-01 1.458394229412078857e-01 8.476089835166931152e-01
-1.520876586437225342e-01 9.469180703163146973e-01 1.471431732177734375e+00 -3.870187103748321533e-01 -3.338842988014221191e-01 1.407710164785385132e-01 8.478922843933105469e-01
-1.536438465118408203e-01 9.465866088867187500e-01 1.472215175628662109e+00 -3.892410397529602051e-01 -3.323772549629211426e-01 1.363225430250167847e-01 8.481940031051635742e-01
-1.553741693496704102e-01 9.462876319885253906e-01 1.473172426223754883e+00 -3.912013769149780273e-01 -3.307085931301116943e-01 1.322272121906280518e-01 8.485925793647766113e-01
-1.573398411273956299e-01 9.459011554718017578e-01 1.474034786224365234e+00 -3.927898705005645752e-01 -3.282899260520935059e-01 1.282097697257995605e-01 8.494139313697814941e-01
-1.593122482299804688e-01 9.454268813133239746e-01 1.475014686584472656e+00 -3.943495452404022217e-01 -3.253569006919860840e-01 1.245035529136657715e-01 8.503707051277160645e-01
-1.615281701087951660e-01 9.449458122253417969e-01 1.476062059402465820e+00 -3.959559500217437744e-01 -3.217495679855346680e-01 1.209519207477569580e-01 8.515085577964782715e-01
-1.639590263366699219e-01 9.443515539169311523e-01 1.477125406265258789e+00 -3.975878059864044189e-01 -3.170451521873474121e-01 1.173016130924224854e-01 8.530220985412597656e-01
-1.666246056556701660e-01 9.434969425201416016e-01 1.478328466415405273e+00 -3.996150195598602295e-01 -3.110567927360534668e-01 1.131162494421005249e-01 8.548428416252136230e-01
-1.691371500492095947e-01 9.428163766860961914e-01 1.479320883750915527e+00 -4.016714394092559814e-01 -3.039899468421936035e-01 1.089765056967735291e-01 8.569564819335937500e-01
-1.721210479736328125e-01 9.419267177581787109e-01 1.480847477912902832e+00 -4.044558405876159668e-01 -2.956316769123077393e-01 1.044074743986129761e-01 8.591370582580566406e-01
-1.750200390815734863e-01 9.410317540168762207e-01 1.482011795043945312e+00 -4.074581563472747803e-01 -2.854754924774169922e-01 9.953147917985916138e-02 8.617280125617980957e-01
-1.782313138246536255e-01 9.402186870574951172e-01 1.483035087585449219e+00 -4.107697308063507080e-01 -2.733674943447113037e-01 9.371469169855117798e-02 8.647288680076599121e-01
-1.810816824436187744e-01 9.394055604934692383e-01 1.484106063842773438e+00 -4.147526919841766357e-01 -2.597368061542510986e-01 8.711348474025726318e-02 8.677144646644592285e-01
-1.846667379140853882e-01 9.383427500724792480e-01 1.485430955886840820e+00 -4.192709326744079590e-01 -2.441381067037582397e-01 7.990559935569763184e-02 8.707603216171264648e-01
-1.884253472089767456e-01 9.371899962425231934e-01 1.486597299575805664e+00 -4.240029156208038330e-01 -2.269420474767684937e-01 7.216527312994003296e-02 8.737911581993103027e-01
-1.921696513891220093e-01 9.359832406044006348e-01 1.487939834594726562e+00 -4.289381802082061768e-01 -2.085108608007431030e-01 6.429185718297958374e-02 8.765853047370910645e-01
-1.961695551872253418e-01 9.348818063735961914e-01 1.489006757736206055e+00 -4.336602389812469482e-01 -1.889800727367401123e-01 5.598000437021255493e-02 8.792562484741210938e-01
-2.003376185894012451e-01 9.331938028335571289e-01 1.490270137786865234e+00 -4.386712908744812012e-01 -1.685818284749984741e-01 4.694958403706550598e-02 8.814439773559570312e-01
-2.044318914413452148e-01 9.322114586830139160e-01 1.491219997406005859e+00 -4.428397417068481445e-01 -1.478487700223922729e-01 3.816207870841026306e-02 8.835029602050781250e-01
-2.089148461818695068e-01 9.305398464202880859e-01 1.492377519607543945e+00 -4.472497999668121338e-01 -1.264941543340682983e-01 2.943542599678039551e-02 8.849295973777770996e-01
-2.135770618915557861e-01 9.289626479148864746e-01 1.493341684341430664e+00 -4.510032236576080322e-01 -1.052711382508277893e-01 2.079223096370697021e-02 8.860484361648559570e-01
-2.181482613086700439e-01 9.274199008941650391e-01 1.494352221488952637e+00 -4.542492032051086426e-01 -8.419348299503326416e-02 1.273669581860303879e-02 8.867958784103393555e-01
-2.230904400348663330e-01 9.253401160240173340e-01 1.495313763618469238e+00 -4.571584463119506836e-01 -6.358867883682250977e-02 4.852755926549434662e-03 8.870959281921386719e-01
-2.281268388032913208e-01 9.236314296722412109e-01 1.496181964874267578e+00 -4.591697752475738525e-01 -4.373846575617790222e-02 -2.682550344616174698e-03 8.872670531272888184e-01
-2.331848591566085815e-01 9.223930239677429199e-01 1.497054815292358398e+00 -4.607765972614288330e-01 -2.489477023482322693e-02 -9.521276690065860748e-03 8.871158361434936523e-01
-2.384244799613952637e-01 9.204477071762084961e-01 1.497800350189208984e+00 -4.615164697170257568e-01 -7.343384437263011932e-03 -1.526943314820528030e-02 8.869698643684387207e-01
-2.437756955623626709e-01 9.184607267379760742e-01 1.498613357543945312e+00 -4.618215262889862061e-01 8.996792137622833252e-03 -1.948035135865211487e-02 8.867132663726806641e-01
-2.492624521255493164e-01 9.164670705795288086e-01 1.499181270599365234e+00 -4.608697593212127686e-01 2.418222650885581970e-02 -2.131306193768978119e-02 8.868822455406188965e-01
-2.549386620521545410e-01 9.142886400222778320e-01 1.499814152717590332e+00 -4.593372046947479248e-01 3.676109015941619873e-02 -2.332330681383609772e-02 8.871945142745971680e-01
-2.607568800449371338e-01 9.127296209335327148e-01 1.500242233276367188e+00 -4.568567276000976562e-01 4.651401191949844360e-02 -2.503326721489429474e-02 8.879706263542175293e-01
-2.667415142059326172e-01 9.105501174926757812e-01 1.500782728195190430e+00 -4.538928568363189697e-01 5.299847945570945740e-02 -2.683923579752445221e-02 8.890737891197204590e-01
-2.728628814220428467e-01 9.082471728324890137e-01 1.501256942749023438e+00 -4.504289031028747559e-01 5.616853013634681702e-02 -2.776449546217918396e-02 8.906111121177673340e-01
-2.786739766597747803e-01 9.060720205307006836e-01 1.501924514770507812e+00 -4.460722208023071289e-01 5.739428848028182983e-02 -2.442505024373531342e-02 8.928207755088806152e-01
-2.847516238689422607e-01 9.038892388343811035e-01 1.502418041229248047e+00 -4.405500292778015137e-01 5.584622174501419067e-02 -1.934501342475414276e-02 8.957805037498474121e-01
-2.915932834148406982e-01 9.012662172317504883e-01 1.503190398216247559e+00 -4.343487024307250977e-01 5.205465108156204224e-02 -1.358930300921201706e-02 8.991367816925048828e-01
-2.994768023490905762e-01 8.990593552589416504e-01 1.503789544105529785e+00 -4.271143972873687744e-01 4.653787612915039062e-02 -6.573112215846776962e-03 9.029752612113952637e-01
-3.063288927078247070e-01 8.963060379028320312e-01 1.504542231559753418e+00 -4.193030595779418945e-01 3.798500820994377136e-02 2.337571699172258377e-03 9.070483446121215820e-01
-3.134838938713073730e-01 8.935821652412414551e-01 1.505363464355468750e+00 -4.105853140354156494e-01 2.786284126341342926e-02 1.227709371596574783e-02 9.113137125968933105e-01
-3.211621642112731934e-01 8.906497955322265625e-01 1.506073951721191406e+00 -4.009259045124053955e-01 1.650576665997505188e-02 2.293044328689575195e-02 9.156747460365295410e-01
-3.286925554275512695e-01 8.875563144683837891e-01 1.507436037063598633e+00 -3.910628557205200195e-01 2.999318297952413559e-03 3.457506373524665833e-02 9.197095036506652832e-01
-3.360391259193420410e-01 8.849933743476867676e-01 1.508653402328491211e+00 -3.797174990177154541e-01 -1.166345365345478058e-02 4.738517105579376221e-02 9.238144755363464355e-01
-3.436145484447479248e-01 8.815517425537109375e-01 1.509960174560546875e+00 -3.679259121417999268e-01 -2.699879556894302368e-02 6.132309883832931519e-02 9.274379014968872070e-01
-3.515467047691345215e-01 8.776463270187377930e-01 1.511338472366333008e+00 -3.556998968124389648e-01 -4.284709692001342773e-02 7.570939511060714722e-02 9.305427670478820801e-01
-3.596994280815124512e-01 8.742196559906005859e-01 1.513336539268493652e+00 -3.426583707332611084e-01 -5.902609974145889282e-02 9.038852155208587646e-02 9.332369565963745117e-01
-3.675501942634582520e-01 8.707507252693176270e-01 1.515613794326782227e+00 -3.290695250034332275e-01 -7.568870484828948975e-02 1.061254441738128662e-01 9.352656602859497070e-01
-3.750256299972534180e-01 8.671038746833801270e-01 1.518038630485534668e+00 -3.147768080234527588e-01 -9.261651337146759033e-02 1.222484633326530457e-01 9.366926550865173340e-01
-3.835065960884094238e-01 8.636488914489746094e-01 1.520737409591674805e+00 -2.998428046703338623e-01 -1.085998564958572388e-01 1.385165601968765259e-01 9.376106262207031250e-01
-3.914709389209747314e-01 8.597683310508728027e-01 1.523574829101562500e+00 -2.846759557723999023e-01 -1.241930946707725525e-01 1.551070213317871094e-01 9.378046393394470215e-01
-3.993416428565979004e-01 8.556340932846069336e-01 1.526741266250610352e+00 -2.695103287696838379e-01 -1.391486972570419312e-01 1.720371097326278687e-01 9.372326731681823730e-01
-4.078441262245178223e-01 8.521195054054260254e-01 1.530179738998413086e+00 -2.533471584320068359e-01 -1.529977023601531982e-01 1.889041066169738770e-01 9.363344907760620117e-01
-4.153069257736206055e-01 8.487688302993774414e-01 1.533157110214233398e+00 -2.373621761798858643e-01 -1.655625104904174805e-01 2.055092900991439819e-01 9.348872900009155273e-01
-4.215314984321594238e-01 8.448302149772644043e-01 1.535846829414367676e+00 -2.215500473976135254e-01 -1.767414361238479614e-01 2.223816365003585815e-01 9.328582882881164551e-01
-4.278123676776885986e-01 8.410448431968688965e-01 1.538085222244262695e+00 -2.057651877403259277e-01 -1.860172301530838013e-01 2.384882271289825439e-01 9.306887984275817871e-01
-4.338041245937347412e-01 8.383588790893554688e-01 1.540807723999023438e+00 -1.899236738681793213e-01 -1.938669979572296143e-01 2.547188401222229004e-01 9.281502962112426758e-01
-4.391772150993347168e-01 8.356904983520507812e-01 1.543054223060607910e+00 -1.744225323200225830e-01 -1.999883949756622314e-01 2.704507112503051758e-01 9.254393577575683594e-01
-4.432285428047180176e-01 8.330309987068176270e-01 1.545399188995361328e+00 -1.595285087823867798e-01 -2.052007317543029785e-01 2.861314415931701660e-01 9.222646951675415039e-01
-4.468308985233306885e-01 8.314765691757202148e-01 1.547129273414611816e+00 -1.443396806716918945e-01 -2.092313468456268311e-01 3.015103042125701904e-01 9.189559221267700195e-01
-4.489198923110961914e-01 8.318495750427246094e-01 1.548225283622741699e+00 -1.289029568433761597e-01 -2.128161638975143433e-01 3.165262639522552490e-01 9.153712987899780273e-01
-4.514126777648925781e-01 8.295511007308959961e-01 1.549611806869506836e+00 -1.150894314050674438e-01 -2.145634889602661133e-01 3.304124772548675537e-01 9.118906259536743164e-01
-4.537507593631744385e-01 8.274344205856323242e-01 1.550945758819580078e+00 -1.017433628439903259e-01 -2.154620587825775146e-01 3.433761298656463623e-01 9.084697365760803223e-01
-4.555893838405609131e-01 8.255537152290344238e-01 1.551927685737609863e+00 -8.900669217109680176e-02 -2.154643237590789795e-01 3.560760319232940674e-01 9.049104452133178711e-01
-4.557996988296508789e-01 8.245749473571777344e-01 1.552435517311096191e+00 -7.686163485050201416e-02 -2.151309549808502197e-01 3.680959045886993408e-01 9.012859463691711426e-01
-4.575009644031524658e-01 8.226060867309570312e-01 1.552367091178894043e+00 -6.578316539525985718e-02 -2.132655978202819824e-01 3.787960410118103027e-01 8.981670141220092773e-01
-4.586132764816284180e-01 8.208086490631103516e-01 1.552237868309020996e+00 -5.527989566326141357e-02 -2.113104611635208130e-01 3.887232244014739990e-01 8.950901627540588379e-01
-4.588447809219360352e-01 8.194471597671508789e-01 1.552614569664001465e+00 -4.534155502915382385e-02 -2.097024470567703247e-01 3.980285227298736572e-01 8.919317722320556641e-01
-4.596309065818786621e-01 8.182630538940429688e-01 1.553041458129882812e+00 -3.591362014412879944e-02 -2.079715281724929810e-01 4.063241183757781982e-01 8.890212774276733398e-01
-4.620197117328643799e-01 8.186535835266113281e-01 1.554398059844970703e+00 -2.712951041758060455e-02 -2.061545699834823608e-01 4.138186573982238770e-01 8.862948417663574219e-01
-4.631288647651672363e-01 8.165282011032104492e-01 1.556214451789855957e+00 -2.033330127596855164e-02 -2.046794444322586060e-01 4.202738106250762939e-01 8.837775588035583496e-01
-4.653701186180114746e-01 8.144223690032958984e-01 1.557318449020385742e+00 -1.433611754328012466e-02 -2.028342038393020630e-01 4.251413047313690186e-01 8.819907903671264648e-01
-4.690134525299072266e-01 8.123136758804321289e-01 1.559351801872253418e+00 -8.995681069791316986e-03 -2.012249976396560669e-01 4.294380545616149902e-01 8.803468942642211914e-01
-4.709838330745697021e-01 8.103210926055908203e-01 1.560817122459411621e+00 -5.180093925446271896e-03 -2.006481587886810303e-01 4.323360025882720947e-01 8.790898919105529785e-01
-4.726080894470214844e-01 8.080452680587768555e-01 1.563401818275451660e+00 -2.834213199093937874e-03 -2.007489502429962158e-01 4.339044094085693359e-01 8.783046007156372070e-01
-4.772384464740753174e-01 8.057359457015991211e-01 1.565474510192871094e+00 -2.909981878474354744e-03 -2.009848654270172119e-01 4.337031543254852295e-01 8.783497214317321777e-01
-4.821624755859375000e-01 8.044335842132568359e-01 1.567361354827880859e+00 -2.308743074536323547e-03 -2.017597109079360962e-01 4.329724311828613281e-01 8.785343766212463379e-01
-4.872126281261444092e-01 8.014662265777587891e-01 1.569523334503173828e+00 -2.033893251791596413e-03 -2.032285332679748535e-01 4.310336709022521973e-01 8.791496157646179199e-01
-4.936450421810150146e-01 7.985109686851501465e-01 1.570022344589233398e+00 -1.452481839805841446e-03 -2.044127881526947021e-01 4.285499155521392822e-01 8.800899386405944824e-01
-5.013514757156372070e-01 7.922718524932861328e-01 1.572329640388488770e+00 -4.452686756849288940e-03 -2.060678899288177490e-01 4.239610731601715088e-01 8.819144964218139648e-01
-5.095099210739135742e-01 7.863349318504333496e-01 1.573223352432250977e+00 -8.330093696713447571e-03 -2.081135064363479614e-01 4.193235635757446289e-01 8.836216330528259277e-01
-5.191503167152404785e-01 7.814400196075439453e-01 1.571026325225830078e+00 -1.163452491164207458e-02 -2.100967615842819214e-01 4.138532876968383789e-01 8.856915235519409180e-01
-5.280689001083374023e-01 7.790355086326599121e-01 1.568178653717041016e+00 -1.465943921357393265e-02 -2.127683907747268677e-01 4.083069860935211182e-01 8.875811100006103516e-01
-5.354878306388854980e-01 7.745035886764526367e-01 1.568013668060302734e+00 -2.011299319565296173e-02 -2.168152928352355957e-01 4.015590548515319824e-01 8.895712494850158691e-01
-5.450742244720458984e-01 7.673830986022949219e-01 1.565088868141174316e+00 -2.612667158246040344e-02 -2.199357450008392334e-01 3.940735459327697754e-01 8.919931650161743164e-01
-5.495569705963134766e-01 7.667977809906005859e-01 1.563856124877929688e+00 -3.117943741381168365e-02 -2.261122614145278931e-01 3.871206343173980713e-01 8.933301568031311035e-01
-5.602077841758728027e-01 7.634363770484924316e-01 1.559927582740783691e+00 -3.639771416783332825e-02 -2.297538667917251587e-01 3.793879747390747070e-01 8.955184221267700195e-01
-5.696678757667541504e-01 7.574573159217834473e-01 1.557061791419982910e+00 -4.328374564647674561e-02 -2.337350547313690186e-01 3.705427646636962891e-01 8.978822827339172363e-01
-5.787122249603271484e-01 7.497528791427612305e-01 1.555530071258544922e+00 -5.164201557636260986e-02 -2.383095026016235352e-01 3.616651892662048340e-01 8.998555541038513184e-01
-5.914143323898315430e-01 7.451767325401306152e-01 1.551576375961303711e+00 -5.821483209729194641e-02 -2.419911026954650879e-01 3.530161082744598389e-01 9.019041061401367188e-01
-6.031680703163146973e-01 7.374130487442016602e-01 1.548520088195800781e+00 -6.670740991830825806e-02 -2.460476905107498169e-01 3.433731198310852051e-01 9.039389491081237793e-01
-6.155469417572021484e-01 7.308828830718994141e-01 1.545325517654418945e+00 -7.501824945211410522e-02 -2.497244328260421753e-01 3.338127732276916504e-01 9.058582186698913574e-01
-6.274907588958740234e-01 7.293885350227355957e-01 1.540708303451538086e+00 -8.138510584831237793e-02 -2.540123760700225830e-01 3.251975178718566895e-01 9.072490334510803223e-01
-6.411589384078979492e-01 7.252649068832397461e-01 1.535514116287231445e+00 -8.834517747163772583e-02 -2.575106620788574219e-01 3.168202638626098633e-01 9.085749387741088867e-01
-6.543860435485839844e-01 7.205753922462463379e-01 1.530119419097900391e+00 -9.525842219591140747e-02 -2.609576582908630371e-01 3.084113299846649170e-01 9.097853899002075195e-01
-6.694955825805664062e-01 7.150815725326538086e-01 1.523721814155578613e+00 -1.018557548522949219e-01 -2.634285092353820801e-01 3.002744317054748535e-01 9.110796451568603516e-01
-6.814891099929809570e-01 7.083375453948974609e-01 1.517831444740295410e+00 -1.090051010251045227e-01 -2.670991420745849609e-01 2.925080657005310059e-01 9.117099046707153320e-01
-6.965125799179077148e-01 7.023037075996398926e-01 1.510050058364868164e+00 -1.149331033229827881e-01 -2.693003118038177490e-01 2.854130566120147705e-01 9.125826954841613770e-01
-7.101612687110900879e-01 6.949816942214965820e-01 1.503834605216979980e+00 -1.216845512390136719e-01 -2.722498476505279541e-01 2.779391109943389893e-01 9.131389856338500977e-01
-7.244936227798461914e-01 6.884994506835937500e-01 1.496289968490600586e+00 -1.275878697633743286e-01 -2.744639217853546143e-01 2.714613974094390869e-01 9.136189818382263184e-01
-7.383590936660766602e-01 6.816165447235107422e-01 1.489259719848632812e+00 -1.334579885005950928e-01 -2.770858108997344971e-01 2.652222514152526855e-01 9.138214588165283203e-01
-7.535440921783447266e-01 6.740379333496093750e-01 1.481149196624755859e+00 -1.391765475273132324e-01 -2.791880369186401367e-01 2.586524784564971924e-01 9.142116308212280273e-01
-7.687678933143615723e-01 6.656275391578674316e-01 1.473333358764648438e+00 -1.452025771141052246e-01 -2.809345126152038574e-01 2.525501251220703125e-01 9.144454598426818848e-01
-7.839154005050659180e-01 6.567999124526977539e-01 1.464937090873718262e+00 -1.509635299444198608e-01 -2.824544608592987061e-01 2.464765608310699463e-01 9.147014617919921875e-01
-7.977936267852783203e-01 6.484389901161193848e-01 1.455728530883789062e+00 -1.560368537902832031e-01 -2.847175300121307373e-01 2.411307841539382935e-01 9.145733714103698730e-01
-8.094994425773620605e-01 6.375198960304260254e-01 1.443209290504455566e+00 -1.616183817386627197e-01 -2.857673764228820801e-01 2.352114915847778320e-01 9.148180484771728516e-01
-8.182431459426879883e-01 6.259919404983520508e-01 1.428981900215148926e+00 -1.673340201377868652e-01 -2.869769036769866943e-01 2.292313575744628906e-01 9.149298667907714844e-01
-8.256257772445678711e-01 6.154224276542663574e-01 1.414216160774230957e+00 -1.727878004312515259e-01 -2.878670990467071533e-01 2.236522734165191650e-01 9.150172472000122070e-01
-8.314393162727355957e-01 6.040276288986206055e-01 1.399797916412353516e+00 -1.787923574447631836e-01 -2.894203960895538330e-01 2.179307043552398682e-01 9.147542715072631836e-01
-8.375167250633239746e-01 5.926884412765502930e-01 1.385434508323669434e+00 -1.845486909151077271e-01 -2.905474007129669189e-01 2.119116187095642090e-01 9.146679639816284180e-01
-8.431332707405090332e-01 5.811848044395446777e-01 1.370413780212402344e+00 -1.904812902212142944e-01 -2.910228669643402100e-01 2.057873457670211792e-01 9.146989583969116211e-01
-8.482003808021545410e-01 5.687674283981323242e-01 1.356411695480346680e+00 -1.965528428554534912e-01 -2.916480600833892822e-01 1.995058059692382812e-01 9.146069884300231934e-01
-8.527024984359741211e-01 5.562595129013061523e-01 1.343181729316711426e+00 -2.027460187673568726e-01 -2.923014760017395020e-01 1.931304484605789185e-01 9.144148826599121094e-01
-8.574556112289428711e-01 5.432949662208557129e-01 1.329659938812255859e+00 -2.089094221591949463e-01 -2.928884625434875488e-01 1.863272935152053833e-01 9.142513275146484375e-01
-8.614771366119384766e-01 5.293002724647521973e-01 1.316187858581542969e+00 -2.153673470020294189e-01 -2.933514416217803955e-01 1.792744249105453491e-01 9.140145778656005859e-01
-8.655554056167602539e-01 5.152776241302490234e-01 1.302881717681884766e+00 -2.215031236410140991e-01 -2.937774062156677246e-01 1.717862486839294434e-01 9.138494729995727539e-01
-8.699282407760620117e-01 5.014808177947998047e-01 1.289959430694580078e+00 -2.278848886489868164e-01 -2.937611043453216553e-01 1.644496321678161621e-01 9.136351943016052246e-01
-8.739207983016967773e-01 4.870095252990722656e-01 1.277102351188659668e+00 -2.342967242002487183e-01 -2.935978472232818604e-01 1.565553396940231323e-01 9.134527444839477539e-01
-8.774353265762329102e-01 4.721224904060363770e-01 1.265441417694091797e+00 -2.412353605031967163e-01 -2.936788797378540039e-01 1.484729349613189697e-01 9.129698872566223145e-01
-8.811379075050354004e-01 4.570377767086029053e-01 1.253437280654907227e+00 -2.481075823307037354e-01 -2.933571636676788330e-01 1.401470005512237549e-01 9.125475883483886719e-01
-8.845690488815307617e-01 4.415175914764404297e-01 1.241539120674133301e+00 -2.551580369472503662e-01 -2.927536070346832275e-01 1.314094811677932739e-01 9.120972156524658203e-01
-8.881658911705017090e-01 4.263132810592651367e-01 1.230119228363037109e+00 -2.623553872108459473e-01 -2.921860814094543457e-01 1.227459162473678589e-01 9.114441871643066406e-01
-8.908827304840087891e-01 4.106892049312591553e-01 1.218985438346862793e+00 -2.697533667087554932e-01 -2.917131483554840088e-01 1.134586557745933533e-01 9.106391668319702148e-01
-8.938806056976318359e-01 3.957672119140625000e-01 1.207853555679321289e+00 -2.767024934291839600e-01 -2.911120057106018066e-01 1.044123247265815735e-01 9.098284244537353516e-01
-8.964546918869018555e-01 3.802532851696014404e-01 1.197359085083007812e+00 -2.840911746025085449e-01 -2.906292676925659180e-01 9.510510414838790894e-02 9.087254405021667480e-01
-8.992921113967895508e-01 3.657087087631225586e-01 1.186713337898254395e+00 -2.909805476665496826e-01 -2.900353968143463135e-01 8.590418100357055664e-02 9.076510071754455566e-01
-9.017193317413330078e-01 3.502269685268402100e-01 1.176183223724365234e+00 -2.982311248779296875e-01 -2.894067764282226562e-01 7.643700391054153442e-02 9.063439369201660156e-01
-9.046795368194580078e-01 3.347830176353454590e-01 1.165581941604614258e+00 -3.054813444614410400e-01 -2.884565591812133789e-01 6.700440496206283569e-02 9.049775600433349609e-01
-9.068358540534973145e-01 3.191270828247070312e-01 1.155086636543273926e+00 -3.126866221427917480e-01 -2.878984510898590088e-01 5.757400393486022949e-02 9.033420681953430176e-01
-9.092939496040344238e-01 3.045208156108856201e-01 1.144734621047973633e+00 -3.195644617080688477e-01 -2.870221436023712158e-01 4.821912944316864014e-02 9.017604589462280273e-01
-9.116839766502380371e-01 2.898938953876495361e-01 1.134622335433959961e+00 -3.264692723751068115e-01 -2.862898409366607666e-01 3.879744186997413635e-02 8.999726772308349609e-01
-9.135636091232299805e-01 2.748017013072967529e-01 1.124609589576721191e+00 -3.333718478679656982e-01 -2.855615317821502686e-01 2.952709794044494629e-02 8.980233669281005859e-01
-9.153838157653808594e-01 2.608601450920104980e-01 1.115441322326660156e+00 -3.403533399105072021e-01 -2.847271263599395752e-01 2.045820280909538269e-02 8.959194421768188477e-01
