-0.000000000000000000e+00 -0.000000000000000000e+00 -0.000000000000000000e+00 -0.000000000000000000e+00 -0.000000000000000000e+00 -0.000000000000000000e+00 1.000000000000000000e+00
-0.000000000000000000e+00 -0.000000000000000000e+00 -0.000000000000000000e+00 -0.000000000000000000e+00 -0.000000000000000000e+00 -0.000000000000000000e+00 1.000000000000000000e+00
1.319617033004760742e-02 1.622996479272842407e-02 1.965194381773471832e-02 -3.114091698080301285e-03 -5.297371899359859526e-05 -2.394133713096380234e-03 9.999923110008239746e-01
1.319617033004760742e-02 1.622996479272842407e-02 1.965194381773471832e-02 -3.114091698080301285e-03 -5.297371899359859526e-05 -2.394133713096380234e-03 9.999923110008239746e-01
2.495482377707958221e-02 2.778710424900054932e-02 3.539690747857093811e-02 -7.194130215793848038e-03 4.369343165308237076e-03 -5.263403523713350296e-03 9.999507665634155273e-01
2.495482377707958221e-02 2.778710424900054932e-02 3.539690747857093811e-02 -7.194130215793848038e-03 4.369343165308237076e-03 -5.263403523713350296e-03 9.999507665634155273e-01
3.867591172456741333e-02 3.614202141761779785e-02 5.185103788971900940e-02 -1.159823685884475708e-02 1.080403756350278854e-02 -9.385745041072368622e-03 9.998303651809692383e-01
3.867591172456741333e-02 3.614202141761779785e-02 5.185103788971900940e-02 -1.159823685884475708e-02 1.080403756350278854e-02 -9.385745041072368622e-03 9.998303651809692383e-01
5.114565044641494751e-02 4.479372501373291016e-02 6.495358049869537354e-02 -1.581897959113121033e-02 1.927716284990310669e-02 -1.518260780721902847e-02 9.995737671852111816e-01
5.114565044641494751e-02 4.479372501373291016e-02 6.495358049869537354e-02 -1.581897959113121033e-02 1.927716284990310669e-02 -1.518260780721902847e-02 9.995737671852111816e-01
6.306920945644378662e-02 5.375865474343299866e-02 8.039784431457519531e-02 -2.053733728826045990e-02 2.971003018319606781e-02 -2.200144901871681213e-02 9.991053938865661621e-01
6.306920945644378662e-02 5.375865474343299866e-02 8.039784431457519531e-02 -2.053733728826045990e-02 2.971003018319606781e-02 -2.200144901871681213e-02 9.991053938865661621e-01
7.501371204853057861e-02 6.245781853795051575e-02 9.293470531702041626e-02 -2.474807575345039368e-02 4.005085304379463196e-02 -2.873319573700428009e-02 9.984778165817260742e-01
7.501371204853057861e-02 6.245781853795051575e-02 9.293470531702041626e-02 -2.474807575345039368e-02 4.005085304379463196e-02 -2.873319573700428009e-02 9.984778165817260742e-01
8.341918140649795532e-02 7.035564631223678589e-02 1.051702201366424561e-01 -2.900072000920772552e-02 5.261218175292015076e-02 -3.635357320308685303e-02 9.975316524505615234e-01
9.023294597864151001e-02 7.317416369915008545e-02 1.115052327513694763e-01 -3.121242672204971313e-02 5.729693546891212463e-02 -3.995952382683753967e-02 9.970688223838806152e-01
9.684927761554718018e-02 7.734154909849166870e-02 1.169304177165031433e-01 -3.289883583784103394e-02 6.253134459257125854e-02 -4.243845865130424500e-02 9.965975284576416016e-01
1.045433059334754944e-01 8.154954761266708374e-02 1.236024424433708191e-01 -3.443434834480285645e-02 6.680413335561752319e-02 -4.538179188966751099e-02 9.961385726928710938e-01
1.127411425113677979e-01 9.091436117887496948e-02 1.281687766313552856e-01 -3.241113573312759399e-02 6.600717455148696899e-02 -4.281065240502357483e-02 9.963734149932861328e-01
1.216780692338943481e-01 9.567923098802566528e-02 1.360937952995300293e-01 -3.384818136692047119e-02 6.921566277742385864e-02 -4.486863315105438232e-02 9.960172176361083984e-01
1.334099173545837402e-01 9.978186339139938354e-02 1.421416848897933960e-01 -3.418479859828948975e-02 7.017014920711517334e-02 -4.432278499007225037e-02 9.959634542465209961e-01
1.476728320121765137e-01 1.061907783150672913e-01 1.468337923288345337e-01 -3.274843469262123108e-02 7.012490928173065186e-02 -4.205077514052391052e-02 9.961133599281311035e-01
1.626005619764328003e-01 1.116409525275230408e-01 1.515412479639053345e-01 -3.159425035119056702e-02 6.951236724853515625e-02 -3.904250636696815491e-02 9.963160157203674316e-01
1.759629547595977783e-01 1.160164251923561096e-01 1.542510688304901123e-01 -3.008377552032470703e-02 6.935230642557144165e-02 -3.743667900562286377e-02 9.964355230331420898e-01
1.910866200923919678e-01 1.180890724062919617e-01 1.579718589782714844e-01 -2.901800349354743958e-02 6.847915798425674438e-02 -3.436287865042686462e-02 9.966382384300231934e-01
2.046552747488021851e-01 1.172611191868782043e-01 1.642970293760299683e-01 -2.921415865421295166e-02 6.824690848588943481e-02 -3.272421285510063171e-02 9.967036247253417969e-01
2.122222483158111572e-01 1.160190850496292114e-01 1.790719330310821533e-01 -3.028978593647480011e-02 6.887943297624588013e-02 -3.940644115209579468e-02 9.963861703872680664e-01
2.251510769128799438e-01 1.166457310318946838e-01 1.855969578027725220e-01 -3.001687489449977875e-02 6.884934008121490479e-02 -3.868469968438148499e-02 9.964247941970825195e-01
2.386262416839599609e-01 1.180702745914459229e-01 1.925887763500213623e-01 -2.984640002250671387e-02 6.829480826854705811e-02 -3.839637711644172668e-02 9.964792132377624512e-01
2.511067688465118408e-01 1.203551813960075378e-01 1.988535523414611816e-01 -2.995610423386096954e-02 6.811244785785675049e-02 -3.822043910622596741e-02 9.964951872825622559e-01
2.642519176006317139e-01 1.233809813857078552e-01 2.052611559629440308e-01 -3.043511323630809784e-02 6.745003908872604370e-02 -3.831531107425689697e-02 9.965220093727111816e-01
2.762320041656494141e-01 1.278444975614547729e-01 2.112735807895660400e-01 -2.930892072618007660e-02 6.861641258001327515e-02 -3.735189884901046753e-02 9.965127706527709961e-01
2.862807810306549072e-01 1.339448243379592896e-01 2.206925898790359497e-01 -2.867522463202476501e-02 6.829179078340530396e-02 -3.714498132467269897e-02 9.965612292289733887e-01
2.889693081378936768e-01 1.430135369300842285e-01 2.304474264383316040e-01 -2.943251468241214752e-02 6.639134883880615234e-02 -3.847805410623550415e-02 9.966170191764831543e-01
2.904181182384490967e-01 1.514219939708709717e-01 2.409651726484298706e-01 -2.956753969192504883e-02 6.619180738925933838e-02 -3.845490142703056335e-02 9.966271519660949707e-01
2.882999479770660400e-01 1.623584330081939697e-01 2.529936730861663818e-01 -2.856834791600704193e-02 6.778675317764282227e-02 -3.905376791954040527e-02 9.965258240699768066e-01
2.903600037097930908e-01 1.702390760183334351e-01 2.639640271663665771e-01 -2.963330969214439392e-02 6.608154624700546265e-02 -3.813223913311958313e-02 9.966449737548828125e-01
2.906697094440460205e-01 1.787163168191909790e-01 2.735925018787384033e-01 -2.987895347177982330e-02 6.625100225210189819e-02 -3.938591480255126953e-02 9.965775609016418457e-01
2.905456125736236572e-01 1.884959042072296143e-01 2.869260609149932861e-01 -2.972487360239028931e-02 6.613325327634811401e-02 -3.926950320601463318e-02 9.965945482254028320e-01
2.917502224445343018e-01 1.990034878253936768e-01 2.973151206970214844e-01 -2.899043634533882141e-02 6.664301455020904541e-02 -3.847424685955047607e-02 9.966132640838623047e-01
2.923635840415954590e-01 2.046623528003692627e-01 3.037943542003631592e-01 -2.993910945951938629e-02 6.789080798625946045e-02 -4.085163027048110962e-02 9.964063763618469238e-01
2.944393157958984375e-01 2.144741714000701904e-01 3.134328126907348633e-01 -3.038910403847694397e-02 6.742630153894424438e-02 -4.125624150037765503e-02 9.964076280593872070e-01
2.953294813632965088e-01 2.263585925102233887e-01 3.247803151607513428e-01 -2.967645786702632904e-02 6.753952801227569580e-02 -4.121569171547889709e-02 9.964231252670288086e-01
2.973314523696899414e-01 2.359204441308975220e-01 3.346555233001708984e-01 -3.018353134393692017e-02 6.730978935956954956e-02 -4.146334528923034668e-02 9.964131712913513184e-01
2.993770837783813477e-01 2.469464391469955444e-01 3.448961377143859863e-01 -2.984435297548770905e-02 6.764021515846252441e-02 -4.163746908307075500e-02 9.963937401771545410e-01
3.010130226612091064e-01 2.588523328304290771e-01 3.559501171112060547e-01 -2.934270538389682770e-02 6.885595619678497314e-02 -4.007554799318313599e-02 9.963894486427307129e-01
3.010092377662658691e-01 2.659232318401336670e-01 3.689112067222595215e-01 -3.127582371234893799e-02 6.733138114213943481e-02 -4.308632016181945801e-02 9.963091015815734863e-01
3.025308251380920410e-01 2.747368216514587402e-01 3.776983320713043213e-01 -3.109750524163246155e-02 6.714711338281631470e-02 -4.267859831452369690e-02 9.963446855545043945e-01
3.036869168281555176e-01 2.823255658149719238e-01 3.854863643646240234e-01 -3.106726892292499542e-02 6.765072047710418701e-02 -4.266485199332237244e-02 9.963122010231018066e-01
3.038483262062072754e-01 2.906476557254791260e-01 3.944747745990753174e-01 -3.109753504395484924e-02 6.774387508630752563e-02 -4.295179620385169983e-02 9.962925910949707031e-01
3.052912950515747070e-01 2.976399660110473633e-01 4.035787880420684814e-01 -3.167320787906646729e-02 6.664665788412094116e-02 -4.366067051887512207e-02 9.963176250457763672e-01
3.058659434318542480e-01 3.040412366390228271e-01 4.124965667724609375e-01 -3.327836841344833374e-02 6.571232527494430542e-02 -4.513185843825340271e-02 9.962618350982666016e-01
3.058878183364868164e-01 3.105740845203399658e-01 4.205791354179382324e-01 -3.312402591109275818e-02 6.559633463621139526e-02 -4.519455507397651672e-02 9.962717890739440918e-01
3.042451441287994385e-01 3.126466274261474609e-01 4.279268085956573486e-01 -3.372527286410331726e-02 6.440748274326324463e-02 -4.612367600202560425e-02 9.962865710258483887e-01
3.040310442447662354e-01 3.186770677566528320e-01 4.354768693447113037e-01 -3.350749611854553223e-02 6.464532017707824707e-02 -4.592330381274223328e-02 9.962877631187438965e-01
3.033656775951385498e-01 3.243767321109771729e-01 4.436669647693634033e-01 -3.342846781015396118e-02 6.502234190702438354e-02 -4.518276825547218323e-02 9.962997436523437500e-01
3.024759590625762939e-01 3.290963768959045410e-01 4.505608379840850830e-01 -3.312662616372108459e-02 6.565073132514953613e-02 -4.455729573965072632e-02 9.962968230247497559e-01
3.016532361507415771e-01 3.327708244323730469e-01 4.593669176101684570e-01 -3.520531952381134033e-02 6.342725455760955811e-02 -4.745268076658248901e-02 9.962358474731445312e-01
3.009626865386962891e-01 3.336996138095855713e-01 4.632472693920135498e-01 -3.632569313049316406e-02 6.203810125589370728e-02 -5.000150948762893677e-02 9.961584210395812988e-01
2.987700700759887695e-01 3.371078968048095703e-01 4.707044959068298340e-01 -3.524177148938179016e-02 6.291435658931732178e-02 -4.785036295652389526e-02 9.962481260299682617e-01
2.976180613040924072e-01 3.373350203037261963e-01 4.740977585315704346e-01 -3.589033707976341248e-02 6.195217743515968323e-02 -4.927597194910049438e-02 9.962157011032104492e-01
2.956900298595428467e-01 3.383122384548187256e-01 4.773394763469696045e-01 -3.592364117503166199e-02 6.220155581831932068e-02 -5.018363893032073975e-02 9.961537122726440430e-01
3.045185208320617676e-01 3.549169898033142090e-01 4.832084774971008301e-01 -7.205043453723192215e-03 3.815818578004837036e-02 -7.589194457978010178e-03 9.992169737815856934e-01
3.010937273502349854e-01 3.574905693531036377e-01 4.871453642845153809e-01 -5.552998743951320648e-03 3.991533070802688599e-02 -5.040115211158990860e-03 9.991749525070190430e-01
2.973036170005798340e-01 3.594382703304290771e-01 4.914971292018890381e-01 -4.890535492449998856e-03 4.079769551753997803e-02 -4.213061183691024780e-03 9.991466403007507324e-01
2.944753468036651611e-01 3.614446818828582764e-01 4.940659403800964355e-01 -3.684872994199395180e-03 4.243602603673934937e-02 -1.103515271097421646e-03 9.990918636322021484e-01
2.913889884948730469e-01 3.631208240985870361e-01 4.997255802154541016e-01 -4.701407626271247864e-03 4.198355972766876221e-02 -5.323616322129964828e-03 9.990931153297424316e-01
2.901956140995025635e-01 3.631129264831542969e-01 5.039694309234619141e-01 -8.828137069940567017e-03 3.643680736422538757e-02 -8.415288291871547699e-03 9.992615580558776855e-01
2.880657315254211426e-01 3.658235669136047363e-01 5.087771415710449219e-01 -8.427906781435012817e-03 3.699984401464462280e-02 -1.112047117203474045e-02 9.992179274559020996e-01
2.869627773761749268e-01 3.690178990364074707e-01 5.135813355445861816e-01 -6.675330456346273422e-03 3.800509497523307800e-02 -7.183950394392013550e-03 9.992294907569885254e-01
2.868532538414001465e-01 3.697564005851745605e-01 5.154200792312622070e-01 -7.938587106764316559e-03 3.839706629514694214e-02 -1.027615461498498917e-02 9.991782307624816895e-01
2.838396430015563965e-01 3.732515573501586914e-01 5.167207717895507812e-01 -8.489217609167098999e-03 3.733196854591369629e-02 -9.224037639796733856e-03 9.992243051528930664e-01
2.854434251785278320e-01 3.775847256183624268e-01 5.269568562507629395e-01 -1.087404787540435791e-02 3.562325984239578247e-02 -1.365768071264028549e-02 9.992128610610961914e-01
3.054919540882110596e-01 4.009228646755218506e-01 5.430876612663269043e-01 1.883785612881183624e-02 -4.868728667497634888e-02 1.174354925751686096e-01 9.917074441909790039e-01
3.041225671768188477e-01 4.044773280620574951e-01 5.486435294151306152e-01 1.889692805707454681e-02 -4.919237643480300903e-02 1.189081221818923950e-01 9.915059208869934082e-01
3.031694293022155762e-01 4.095655977725982666e-01 5.606101155281066895e-01 2.009094879031181335e-02 -5.164748057723045349e-02 1.189296022057533264e-01 9.913550019264221191e-01
3.017372190952301025e-01 4.135423004627227783e-01 5.699546337127685547e-01 2.167638018727302551e-02 -5.893722921609878540e-02 1.309982687234878540e-01 9.893918037414550781e-01
3.057826757431030273e-01 4.219919741153717041e-01 5.678986310958862305e-01 2.495298348367214203e-02 -7.263521105051040649e-02 1.441707015037536621e-01 9.865679144859313965e-01
3.059036135673522949e-01 4.273781776428222656e-01 5.753213167190551758e-01 2.577341347932815552e-02 -7.605408132076263428e-02 1.459029614925384521e-01 9.860343933105468750e-01
3.053996562957763672e-01 4.336962103843688965e-01 5.846477150917053223e-01 2.637334540486335754e-02 -8.116627484560012817e-02 1.459277719259262085e-01 9.856072664260864258e-01
3.064283728599548340e-01 4.390276670455932617e-01 5.880810618400573730e-01 1.333705428987741470e-02 -8.771179616451263428e-02 1.446787118911743164e-01 9.854931831359863281e-01
3.056380152702331543e-01 4.443413913249969482e-01 5.967854857444763184e-01 -3.829965367913246155e-03 -9.342011064291000366e-02 1.394987851381301880e-01 9.857982397079467773e-01
3.053208291530609131e-01 4.487120509147644043e-01 6.042180061340332031e-01 -2.483535185456275940e-02 -9.780881553888320923e-02 1.341089904308319092e-01 9.858151078224182129e-01
3.024777472019195557e-01 4.570002853870391846e-01 6.116305589675903320e-01 -4.518221318721771240e-02 -1.027756333351135254e-01 1.261243522167205811e-01 9.856411218643188477e-01
3.055242300033569336e-01 4.601039886474609375e-01 6.190320849418640137e-01 -6.874701380729675293e-02 -1.096209362149238586e-01 1.175571978092193604e-01 9.846001267433166504e-01
3.042963147163391113e-01 4.660567045211791992e-01 6.270442605018615723e-01 -9.335801005363464355e-02 -1.135618612170219421e-01 1.071885228157043457e-01 9.833100438117980957e-01
3.017262518405914307e-01 4.718665480613708496e-01 6.357626914978027344e-01 -1.193997636437416077e-01 -1.174615174531936646e-01 9.529432654380798340e-02 9.812571406364440918e-01
2.999171912670135498e-01 4.767174422740936279e-01 6.442133188247680664e-01 -1.464450508356094360e-01 -1.216892674565315247e-01 8.389016985893249512e-02 9.781145453453063965e-01
3.018887042999267578e-01 4.825256168842315674e-01 6.507251262664794922e-01 -1.729560494422912598e-01 -1.283035874366760254e-01 7.199791818857192993e-02 9.738792181015014648e-01
2.997979819774627686e-01 4.879406988620758057e-01 6.593725085258483887e-01 -2.003037035465240479e-01 -1.323861777782440186e-01 5.987951904535293579e-02 9.688997864723205566e-01
2.985760867595672607e-01 4.935278594493865967e-01 6.682974696159362793e-01 -2.275144755840301514e-01 -1.371217370033264160e-01 4.819945245981216431e-02 9.628663659095764160e-01
2.957081794738769531e-01 4.995113015174865723e-01 6.770915985107421875e-01 -2.537050843238830566e-01 -1.415442973375320435e-01 3.646794706583023071e-02 9.561741948127746582e-01
2.937012612819671631e-01 5.024568438529968262e-01 6.842107772827148438e-01 -2.807349264621734619e-01 -1.460471302270889282e-01 2.523708902299404144e-02 9.482727646827697754e-01
2.906292378902435303e-01 5.072127580642700195e-01 6.937124729156494141e-01 -3.063398897647857666e-01 -1.509034782648086548e-01 1.467957627028226852e-02 9.397704601287841797e-01
2.875648140907287598e-01 5.125007033348083496e-01 7.026538252830505371e-01 -3.302213251590728760e-01 -1.555998474359512329e-01 5.778682883828878403e-03 9.309721589088439941e-01
2.842817008495330811e-01 5.168198943138122559e-01 7.117384672164916992e-01 -3.533677458763122559e-01 -1.608012467622756958e-01 -2.610500436276197433e-03 9.215570688247680664e-01
2.812232971191406250e-01 5.210804939270019531e-01 7.200442552566528320e-01 -3.752855062484741211e-01 -1.654804199934005737e-01 -8.700883015990257263e-03 9.119766354560852051e-01
2.779319286346435547e-01 5.256146192550659180e-01 7.288825511932373047e-01 -3.949445486068725586e-01 -1.712074875831604004e-01 -1.333868689835071564e-02 9.025125503540039062e-01
2.749026417732238770e-01 5.303383469581604004e-01 7.378327846527099609e-01 -4.124461710453033447e-01 -1.771694421768188477e-01 -1.516652107238769531e-02 8.934590816497802734e-01
2.714978456497192383e-01 5.349331498146057129e-01 7.465101480484008789e-01 -4.272412359714508057e-01 -1.839689612388610840e-01 -1.588688604533672333e-02 8.850808143615722656e-01
2.678014039993286133e-01 5.400738716125488281e-01 7.566825151443481445e-01 -4.405472278594970703e-01 -1.914058476686477661e-01 -1.326167676597833633e-02 8.769869804382324219e-01
2.634877264499664307e-01 5.454157590866088867e-01 7.674818634986877441e-01 -4.515219628810882568e-01 -1.991317868232727051e-01 -8.796491660177707672e-03 8.697109222412109375e-01
2.598176002502441406e-01 5.501809716224670410e-01 7.770709395408630371e-01 -4.601454734802246094e-01 -2.080606073141098022e-01 -1.762690255418419838e-03 8.631187081336975098e-01
2.558345198631286621e-01 5.551961660385131836e-01 7.868282198905944824e-01 -4.665108323097229004e-01 -2.169596254825592041e-01 7.166353054344654083e-03 8.574641942977905273e-01
2.516299486160278320e-01 5.599302053451538086e-01 7.968987226486206055e-01 -4.710730016231536865e-01 -2.265869677066802979e-01 1.789560168981552124e-02 8.523076772689819336e-01
2.475357055664062500e-01 5.645078420639038086e-01 8.072495460510253906e-01 -4.740684330463409424e-01 -2.367369979619979858e-01 3.071603365242481232e-02 8.475089073181152344e-01
2.429053783416748047e-01 5.685718655586242676e-01 8.170851469039916992e-01 -4.748881459236145020e-01 -2.470999360084533691e-01 4.450110346078872681e-02 8.434705138206481934e-01
2.377640604972839355e-01 5.731880664825439453e-01 8.273849487304687500e-01 -4.738946259021759033e-01 -2.575981020927429199e-01 6.010282412171363831e-02 8.399135470390319824e-01
2.319420874118804932e-01 5.778280496597290039e-01 8.379387259483337402e-01 -4.713168740272521973e-01 -2.682671546936035156e-01 7.685076445341110229e-02 8.366523385047912598e-01
2.258866131305694580e-01 5.820257067680358887e-01 8.471800684928894043e-01 -4.666434824466705322e-01 -2.791501283645629883e-01 9.490323811769485474e-02 8.338539600372314453e-01
2.186592221260070801e-01 5.864033699035644531e-01 8.571654558181762695e-01 -4.604240655899047852e-01 -2.903892695903778076e-01 1.135807260870933533e-01 8.311336636543273926e-01
2.109479010105133057e-01 5.899050831794738770e-01 8.661293983459472656e-01 -4.528684914112091064e-01 -3.011264204978942871e-01 1.333408057689666748e-01 8.285247683525085449e-01
2.022041678428649902e-01 5.931093692779541016e-01 8.747742176055908203e-01 -4.438298046588897705e-01 -3.123058080673217773e-01 1.535699069499969482e-01 8.257702589035034180e-01
1.922206878662109375e-01 5.959894657135009766e-01 8.825933933258056641e-01 -4.334646165370941162e-01 -3.230932950973510742e-01 1.739629507064819336e-01 8.230772018432617188e-01
1.823919117450714111e-01 6.003385186195373535e-01 8.895891904830932617e-01 -4.215022027492523193e-01 -3.338787257671356201e-01 1.948981881141662598e-01 8.202899694442749023e-01
1.735612154006958008e-01 6.064502000808715820e-01 8.969004154205322266e-01 -4.085476398468017578e-01 -3.442934453487396240e-01 2.152511775493621826e-01 8.174459338188171387e-01
1.646770834922790527e-01 6.107038259506225586e-01 9.049229621887207031e-01 -3.942300379276275635e-01 -3.546132743358612061e-01 2.359903454780578613e-01 8.143345117568969727e-01
1.552955508232116699e-01 6.133660078048706055e-01 9.125918149948120117e-01 -3.792439401149749756e-01 -3.645840287208557129e-01 2.561115026473999023e-01 8.109620809555053711e-01
1.460008025169372559e-01 6.160823106765747070e-01 9.198100566864013672e-01 -3.631412982940673828e-01 -3.742717802524566650e-01 2.758132517337799072e-01 8.074502944946289062e-01
1.373980641365051270e-01 6.187454462051391602e-01 9.267240762710571289e-01 -3.462665975093841553e-01 -3.836495578289031982e-01 2.953404486179351807e-01 8.035462498664855957e-01
1.284198164939880371e-01 6.212192177772521973e-01 9.331897497177124023e-01 -3.289927542209625244e-01 -3.923676609992980957e-01 3.139114379882812500e-01 7.995443344116210938e-01
1.196531653404235840e-01 6.239881515502929688e-01 9.393713474273681641e-01 -3.106917142868041992e-01 -4.008969664573669434e-01 3.317793607711791992e-01 7.954086065292358398e-01
1.112377643585205078e-01 6.265578866004943848e-01 9.452592730522155762e-01 -2.919142246246337891e-01 -4.090769886970520020e-01 3.485492467880249023e-01 7.911735177040100098e-01
1.026463508605957031e-01 6.292849779129028320e-01 9.505472183227539062e-01 -2.722337543964385986e-01 -4.169073998928070068e-01 3.640098869800567627e-01 7.871301174163818359e-01
9.449303150177001953e-02 6.319128274917602539e-01 9.555940628051757812e-01 -2.516984045505523682e-01 -4.248164892196655273e-01 3.771708011627197266e-01 7.835311889648437500e-01
8.677113056182861328e-02 6.342419385910034180e-01 9.605097174644470215e-01 -2.306912541389465332e-01 -4.324642717838287354e-01 3.889541029930114746e-01 7.800455093383789062e-01
7.898664474487304688e-02 6.362251043319702148e-01 9.648599028587341309e-01 -2.101034075021743774e-01 -4.389518797397613525e-01 4.007747769355773926e-01 7.762457728385925293e-01
7.231748104095458984e-02 6.378985047340393066e-01 9.690350294113159180e-01 -1.901904940605163574e-01 -4.449747204780578613e-01 4.124802052974700928e-01 7.718064785003662109e-01
6.548100709915161133e-02 6.395119428634643555e-01 9.730340242385864258e-01 -1.705406308174133301e-01 -4.503311216831207275e-01 4.239562749862670898e-01 7.670586109161376953e-01
5.876743793487548828e-02 6.411032676696777344e-01 9.768913388252258301e-01 -1.515438407659530640e-01 -4.553194642066955566e-01 4.351651370525360107e-01 7.618070840835571289e-01
5.242967605590820312e-02 6.432173252105712891e-01 9.804176688194274902e-01 -1.328552514314651489e-01 -4.603030681610107422e-01 4.460416734218597412e-01 7.559877634048461914e-01
4.550641775131225586e-02 6.449605226516723633e-01 9.824858903884887695e-01 -1.148632466793060303e-01 -4.646295309066772461e-01 4.569253027439117432e-01 7.497633695602416992e-01
3.860425949096679688e-02 6.480010151863098145e-01 9.850958585739135742e-01 -9.718860685825347900e-02 -4.687836468219757080e-01 4.690523743629455566e-01 7.421497702598571777e-01
3.272914886474609375e-02 6.488852500915527344e-01 9.869344234466552734e-01 -8.097124844789505005e-02 -4.724144339561462402e-01 4.792248308658599854e-01 7.352631688117980957e-01
2.712178230285644531e-02 6.494171023368835449e-01 9.884151816368103027e-01 -6.520436704158782959e-02 -4.758644402027130127e-01 4.887322485446929932e-01 7.283146381378173828e-01
2.197420597076416016e-02 6.505742073059082031e-01 9.900826215744018555e-01 -5.039541050791740417e-02 -4.795129001140594482e-01 4.979611337184906006e-01 7.208068370819091797e-01
1.791143417358398438e-02 6.517599225044250488e-01 9.917460680007934570e-01 -3.537238761782646179e-02 -4.830129444599151611e-01 5.057203769683837891e-01 7.139287590980529785e-01
1.193952560424804688e-02 6.533653140068054199e-01 9.932344555854797363e-01 -1.998032443225383759e-02 -4.865624308586120605e-01 5.124869942665100098e-01 7.072587609291076660e-01
7.884263992309570312e-03 6.543167233467102051e-01 9.946978688240051270e-01 -6.519360933452844620e-03 -4.898594021797180176e-01 5.187213420867919922e-01 7.006593942642211914e-01
2.005815505981445312e-03 6.551806330680847168e-01 9.951685070991516113e-01 6.185015197843313217e-03 -4.918916821479797363e-01 5.247992873191833496e-01 6.946870684623718262e-01
-1.761198043823242188e-03 6.556491255760192871e-01 9.961266517639160156e-01 7.653633598238229752e-03 -4.982300102710723877e-01 5.244448781013488770e-01 6.904099583625793457e-01
-5.006194114685058594e-03 6.564339995384216309e-01 9.971529841423034668e-01 8.935438469052314758e-03 -5.043887495994567871e-01 5.243820548057556152e-01 6.859560608863830566e-01
-8.583307266235351562e-03 6.579995751380920410e-01 9.989644289016723633e-01 1.050350908190011978e-02 -5.105072259902954102e-01 5.248857736587524414e-01 6.810044050216674805e-01
-1.137042045593261719e-02 6.578557491302490234e-01 9.996145963668823242e-01 1.122760679572820663e-02 -5.155494213104248047e-01 5.248764157295227051e-01 6.771909594535827637e-01
-1.374924182891845703e-02 6.584360599517822266e-01 1.001233696937561035e+00 1.265560369938611984e-02 -5.213352441787719727e-01 5.244904160499572754e-01 6.730224490165710449e-01
-1.601326465606689453e-02 6.586228609085083008e-01 1.002207040786743164e+00 1.346622034907341003e-02 -5.260753035545349121e-01 5.244553685188293457e-01 6.693354845046997070e-01
-1.803696155548095703e-02 6.590558290481567383e-01 1.002992749214172363e+00 1.479991339147090912e-02 -5.302389860153198242e-01 5.242694020271301270e-01 6.661599874496459961e-01
-1.915013790130615234e-02 6.587912440299987793e-01 1.003785967826843262e+00 1.512130908668041229e-02 -5.339221954345703125e-01 5.238839983940124512e-01 6.635088324546813965e-01
-2.117395401000976562e-02 6.587101221084594727e-01 1.004884243011474609e+00 1.551884226500988007e-02 -5.369021296501159668e-01 5.238118171691894531e-01 6.611478924751281738e-01
-2.230739593505859375e-02 6.583977937698364258e-01 1.005186438560485840e+00 1.552666909992694855e-02 -5.388783812522888184e-01 5.241366624832153320e-01 6.592798233032226562e-01
-2.335500717163085938e-02 6.590817570686340332e-01 1.005885243415832520e+00 1.560100819915533066e-02 -5.401199460029602051e-01 5.252268314361572266e-01 6.573916673660278320e-01
-2.422642707824707031e-02 6.594613790512084961e-01 1.006048321723937988e+00 1.585829630494117737e-02 -5.403978824615478516e-01 5.258657336235046387e-01 6.566460132598876953e-01
-2.465844154357910156e-02 6.595718264579772949e-01 1.006527781486511230e+00 1.525116059929132462e-02 -5.405554771423339844e-01 5.260824561119079590e-01 6.563569307327270508e-01
-2.419567108154296875e-02 6.599515676498413086e-01 1.007248878479003906e+00 1.472719479352235794e-02 -5.395888090133666992e-01 5.269411802291870117e-01 6.564754843711853027e-01
-2.455604076385498047e-02 6.600371003150939941e-01 1.007476329803466797e+00 1.411286462098360062e-02 -5.378467440605163574e-01 5.272316336631774902e-01 6.576842069625854492e-01
-2.539157867431640625e-02 6.606941819190979004e-01 1.007691621780395508e+00 1.364760752767324448e-02 -5.352045297622680664e-01 5.277285575866699219e-01 6.594486236572265625e-01
-2.665567398071289062e-02 6.608263254165649414e-01 1.007861971855163574e+00 1.287688314914703369e-02 -5.310724973678588867e-01 5.282520651817321777e-01 6.623790264129638672e-01
-2.680313587188720703e-02 6.606251001358032227e-01 1.008673548698425293e+00 1.172360498458147049e-02 -5.266499519348144531e-01 5.279989242553710938e-01 6.661227345466613770e-01
-2.699768543243408203e-02 6.606881618499755859e-01 1.009583592414855957e+00 1.056822203099727631e-02 -5.216258168220520020e-01 5.277366042137145996e-01 6.702901721000671387e-01
-2.737796306610107422e-02 6.599929332733154297e-01 1.009941339492797852e+00 9.208472445607185364e-03 -5.145297050476074219e-01 5.270048379898071289e-01 6.763433218002319336e-01
-2.819156646728515625e-02 6.601199507713317871e-01 1.010359168052673340e+00 -4.576891660690307617e-03 -5.114710330963134766e-01 5.182493329048156738e-01 6.854152679443359375e-01
-3.053712844848632812e-02 6.604734659194946289e-01 1.010899186134338379e+00 -1.911279745399951935e-02 -5.077896714210510254e-01 5.079005360603332520e-01 6.955727338790893555e-01
-3.204309940338134766e-02 6.603528857231140137e-01 1.012432932853698730e+00 -3.503192588686943054e-02 -5.035344958305358887e-01 4.957322180271148682e-01 7.067357301712036133e-01
-3.364825248718261719e-02 6.617136001586914062e-01 1.013696908950805664e+00 -5.222442001104354858e-02 -4.988813698291778564e-01 4.835691154003143311e-01 7.173221111297607422e-01
-3.584480285644531250e-02 6.612191200256347656e-01 1.014747381210327148e+00 -7.042395323514938354e-02 -4.927618205547332764e-01 4.695661365985870361e-01 7.292009592056274414e-01
-3.755974769592285156e-02 6.610235571861267090e-01 1.016314983367919922e+00 -8.904985338449478149e-02 -4.864840805530548096e-01 4.542992115020751953e-01 7.409558892250061035e-01
-3.960740566253662109e-02 6.604953408241271973e-01 1.017289996147155762e+00 -1.082913130521774292e-01 -4.790522158145904541e-01 4.381142556667327881e-01 7.528864145278930664e-01
-4.241323471069335938e-02 6.609081625938415527e-01 1.019524216651916504e+00 -1.276207268238067627e-01 -4.714943766593933105e-01 4.212173223495483398e-01 7.641872167587280273e-01
-4.500848054885864258e-02 6.605634689331054688e-01 1.021384716033935547e+00 -1.472848802804946899e-01 -4.633937478065490723e-01 4.035202562808990479e-01 7.750772833824157715e-01
-4.788362979888916016e-02 6.602756381034851074e-01 1.023237824440002441e+00 -1.667770147323608398e-01 -4.545653164386749268e-01 3.853814601898193359e-01 7.855169773101806641e-01
-4.981422424316406250e-02 6.596027016639709473e-01 1.024966716766357422e+00 -1.865218132734298706e-01 -4.454958140850067139e-01 3.668549954891204834e-01 7.950852513313293457e-01
-5.192947387695312500e-02 6.590523123741149902e-01 1.026494503021240234e+00 -2.059170007705688477e-01 -4.360025525093078613e-01 3.478853106498718262e-01 8.040372133255004883e-01
-5.398726463317871094e-02 6.586837172508239746e-01 1.027966380119323730e+00 -2.244105488061904907e-01 -4.266770184040069580e-01 3.288015723228454590e-01 8.120814561843872070e-01
-5.556815862655639648e-02 6.583096385002136230e-01 1.028909921646118164e+00 -2.423370927572250366e-01 -4.171153306961059570e-01 3.100609481334686279e-01 8.192373514175415039e-01
-5.717438459396362305e-02 6.580659151077270508e-01 1.029936432838439941e+00 -2.595358192920684814e-01 -4.077552258968353271e-01 2.915758192539215088e-01 8.254456520080566406e-01
-5.881369113922119141e-02 6.580342054367065430e-01 1.030907869338989258e+00 -2.757146954536437988e-01 -3.987592756748199463e-01 2.736046910285949707e-01 8.307304382324218750e-01
-5.992662906646728516e-02 6.580042243003845215e-01 1.031471252441406250e+00 -2.908369600772857666e-01 -3.901302516460418701e-01 2.562458515167236328e-01 8.351948261260986328e-01
-6.086248159408569336e-02 6.578848958015441895e-01 1.032154679298400879e+00 -3.051295280456542969e-01 -3.822037577629089355e-01 2.396520972251892090e-01 8.386794328689575195e-01
-6.166437268257141113e-02 6.577866077423095703e-01 1.032545685768127441e+00 -3.178159892559051514e-01 -3.748276531696319580e-01 2.239934653043746948e-01 8.416199684143066406e-01
-6.219869852066040039e-02 6.577657461166381836e-01 1.032704830169677734e+00 -3.289767801761627197e-01 -3.683697581291198730e-01 2.096191197633743286e-01 8.438826203346252441e-01
-6.258034706115722656e-02 6.579650044441223145e-01 1.032829284667968750e+00 -3.387017250061035156e-01 -3.631297647953033447e-01 1.967529803514480591e-01 8.454029560089111328e-01
-6.286120414733886719e-02 6.579195261001586914e-01 1.032912731170654297e+00 -3.471634387969970703e-01 -3.587017357349395752e-01 1.850061565637588501e-01 8.465124964714050293e-01
-6.314924359321594238e-02 6.577078104019165039e-01 1.033193707466125488e+00 -3.546911180019378662e-01 -3.552129864692687988e-01 1.744130104780197144e-01 8.471116423606872559e-01
-6.364902853965759277e-02 6.577483415603637695e-01 1.033431529998779297e+00 -3.608564138412475586e-01 -3.523178100585937500e-01 1.652822196483612061e-01 8.475474715232849121e-01
-6.412434577941894531e-02 6.576399207115173340e-01 1.033659696578979492e+00 -3.658738434314727783e-01 -3.502503037452697754e-01 1.570006608963012695e-01 8.478277921676635742e-01
-6.464684009552001953e-02 6.576172113418579102e-01 1.033968687057495117e+00 -3.703985512256622314e-01 -3.481878042221069336e-01 1.501505225896835327e-01 8.479534387588500977e-01
-6.539395451545715332e-02 6.574881076812744141e-01 1.034350752830505371e+00 -3.741591572761535645e-01 -3.467175066471099854e-01 1.435523033142089844e-01 8.480476140975952148e-01
-6.611084938049316406e-02 6.572168469429016113e-01 1.034832954406738281e+00 -3.773016035556793213e-01 -3.454080820083618164e-01 1.377578377723693848e-01 8.481507301330566406e-01
-6.708768010139465332e-02 6.570990681648254395e-01 1.035195112228393555e+00 -3.797469735145568848e-01 -3.439089953899383545e-01 1.327758878469467163e-01 8.484629988670349121e-01
-6.811818480491638184e-02 6.569626331329345703e-01 1.035693764686584473e+00 -3.818942010402679443e-01 -3.423234820365905762e-01 1.284251809120178223e-01 8.488100767135620117e-01
-6.919646263122558594e-02 6.566830277442932129e-01 1.036232829093933105e+00 -3.837318420410156250e-01 -3.405246734619140625e-01 1.241922378540039062e-01 8.493345975875854492e-01
-7.043212652206420898e-02 6.564064025878906250e-01 1.036768913269042969e+00 -3.852990567684173584e-01 -3.381017148494720459e-01 1.204555481672286987e-01 8.501308560371398926e-01
-7.169789075851440430e-02 6.560741066932678223e-01 1.037426233291625977e+00 -3.869089186191558838e-01 -3.352276980876922607e-01 1.167005524039268494e-01 8.510610461235046387e-01
-7.317927479743957520e-02 6.558607816696166992e-01 1.037966609001159668e+00 -3.881983757019042969e-01 -3.315227031707763672e-01 1.129505336284637451e-01 8.524300456047058105e-01
-7.458350062370300293e-02 6.553614735603332520e-01 1.038607120513916016e+00 -3.899258077144622803e-01 -3.268581032752990723e-01 1.091604381799697876e-01 8.539354205131530762e-01
-7.621137797832489014e-02 6.549632549285888672e-01 1.039276599884033203e+00 -3.918986618518829346e-01 -3.209118843078613281e-01 1.053967848420143127e-01 8.557585477828979492e-01
-7.795782387256622314e-02 6.545009613037109375e-01 1.039982557296752930e+00 -3.939130008220672607e-01 -3.139314949512481689e-01 1.012965291738510132e-01 8.579153418540954590e-01
-7.975724339485168457e-02 6.540302038192749023e-01 1.040737867355346680e+00 -3.963830471038818359e-01 -3.054932653903961182e-01 9.696763753890991211e-02 8.603206872940063477e-01
-8.173559606075286865e-02 6.534742116928100586e-01 1.041429519653320312e+00 -3.990726172924041748e-01 -2.953310310840606689e-01 9.179636090993881226e-02 8.631883263587951660e-01
-8.399415016174316406e-02 6.529447436332702637e-01 1.042173147201538086e+00 -4.023379981517791748e-01 -2.832655906677246094e-01 8.600758016109466553e-02 8.663068413734436035e-01
-8.618754148483276367e-02 6.522805690765380859e-01 1.042883872985839844e+00 -4.063323140144348145e-01 -2.692145109176635742e-01 7.935497164726257324e-02 8.695518970489501953e-01
-8.843395113945007324e-02 6.516049504280090332e-01 1.043663740158081055e+00 -4.107267558574676514e-01 -2.536372542381286621e-01 7.246838510036468506e-02 8.727657794952392578e-01
-9.075817465782165527e-02 6.507704854011535645e-01 1.044410943984985352e+00 -4.154947698116302490e-01 -2.364348322153091431e-01 6.491225212812423706e-02 8.759276270866394043e-01
-9.322722256183624268e-02 6.500167250633239746e-01 1.045105576515197754e+00 -4.201308786869049072e-01 -2.177775353193283081e-01 5.695591121912002563e-02 8.791012763977050781e-01
-9.576777368783950806e-02 6.491864919662475586e-01 1.045815467834472656e+00 -4.249415993690490723e-01 -1.984520852565765381e-01 4.878430068492889404e-02 8.818511962890625000e-01
-9.850123524665832520e-02 6.483170390129089355e-01 1.046532750129699707e+00 -4.296244084835052490e-01 -1.779835969209671021e-01 4.019579663872718811e-02 8.843805789947509766e-01
-1.013200655579566956e-01 6.474690437316894531e-01 1.047184467315673828e+00 -4.339807033538818359e-01 -1.572636216878890991e-01 3.133071586489677429e-02 8.865367770195007324e-01
-1.042132973670959473e-01 6.464617252349853516e-01 1.047823905944824219e+00 -4.380711615085601807e-01 -1.359790414571762085e-01 2.272739075124263763e-02 8.883056640625000000e-01
-1.072106212377548218e-01 6.454181671142578125e-01 1.048366308212280273e+00 -4.417371153831481934e-01 -1.144512891769409180e-01 1.437304168939590454e-02 8.896980881690979004e-01
-1.102831810712814331e-01 6.444500088691711426e-01 1.048931598663330078e+00 -4.448981583118438721e-01 -9.333353489637374878e-02 6.277733016759157181e-03 8.906823396682739258e-01
-1.133890450000762939e-01 6.433271169662475586e-01 1.049443602561950684e+00 -4.476514458656311035e-01 -7.277641445398330688e-02 -1.334439730271697044e-03 8.912407755851745605e-01
-1.167301535606384277e-01 6.421675682067871094e-01 1.049890875816345215e+00 -4.495636820793151855e-01 -5.287227779626846313e-02 -8.616199716925621033e-03 8.916405439376831055e-01
-1.198604553937911987e-01 6.410673260688781738e-01 1.050349235534667969e+00 -4.511648118495941162e-01 -3.408886492252349854e-02 -1.477233413606882095e-02 8.916669487953186035e-01
-1.232594326138496399e-01 6.398000121116638184e-01 1.050770878791809082e+00 -4.519627988338470459e-01 -1.656580902636051178e-02 -2.046442963182926178e-02 8.916481733322143555e-01
-1.267724335193634033e-01 6.384592056274414062e-01 1.051075696945190430e+00 -4.519634544849395752e-01 -1.203607971547171474e-04 -2.433544397354125977e-02 8.917044401168823242e-01
-1.302846223115921021e-01 6.371901035308837891e-01 1.051416873931884766e+00 -4.511080086231231689e-01 1.498318370431661606e-02 -2.589642629027366638e-02 8.919677734375000000e-01
-1.340320557355880737e-01 6.360551118850708008e-01 1.051644325256347656e+00 -4.492929577827453613e-01 2.751320227980613708e-02 -2.768260240554809570e-02 8.925315737724304199e-01
-1.377655267715454102e-01 6.347930431365966797e-01 1.051853775978088379e+00 -4.468859136104583740e-01 3.722416236996650696e-02 -2.891156263649463654e-02 8.933484554290771484e-01
-1.414584517478942871e-01 6.331702470779418945e-01 1.052175164222717285e+00 -4.443980753421783447e-01 4.363220185041427612e-02 -2.988530881702899933e-02 8.942670226097106934e-01
-1.454706192016601562e-01 6.315828561782836914e-01 1.052393198013305664e+00 -4.408479332923889160e-01 4.678295925259590149e-02 -3.076774626970291138e-02 8.958336114883422852e-01
-1.497449278831481934e-01 6.300590038299560547e-01 1.052582621574401855e+00 -4.362365603446960449e-01 4.846885427832603455e-02 -2.772282250225543976e-02 8.980979323387145996e-01
-1.540987938642501831e-01 6.285182833671569824e-01 1.052742242813110352e+00 -4.306860268115997314e-01 4.723667353391647339e-02 -2.343666180968284607e-02 9.009600877761840820e-01
-1.587183326482772827e-01 6.266638040542602539e-01 1.053031325340270996e+00 -4.246566891670227051e-01 4.329709336161613464e-02 -1.782478392124176025e-02 9.041428565979003906e-01
-1.629348993301391602e-01 6.254440546035766602e-01 1.053380966186523438e+00 -4.175995886325836182e-01 3.682691976428031921e-02 -1.029232516884803772e-02 9.078263044357299805e-01
-1.674227267503738403e-01 6.236606836318969727e-01 1.053791403770446777e+00 -4.098753929138183594e-01 2.810343913733959198e-02 -1.509576570242643356e-03 9.117072820663452148e-01
-1.721434593200683594e-01 6.217668652534484863e-01 1.054246187210083008e+00 -4.014417231082916260e-01 1.801586709916591644e-02 8.250116370618343353e-03 9.156702756881713867e-01
-1.770763993263244629e-01 6.198454499244689941e-01 1.054820179939270020e+00 -3.920966982841491699e-01 5.979949608445167542e-03 1.898522675037384033e-02 9.197086691856384277e-01
-1.822061836719512939e-01 6.183840632438659668e-01 1.055484533309936523e+00 -3.818042874336242676e-01 -7.257196120917797089e-03 3.025477193295955658e-02 9.237194061279296875e-01
-1.869742572307586670e-01 6.161849498748779297e-01 1.056185126304626465e+00 -3.709420263767242432e-01 -2.199606597423553467e-02 4.343289881944656372e-02 9.273790121078491211e-01
-1.919010430574417114e-01 6.139830946922302246e-01 1.056988596916198730e+00 -3.593331277370452881e-01 -3.745354339480400085e-02 5.734263360500335693e-02 9.306926727294921875e-01
-1.971488147974014282e-01 6.122201681137084961e-01 1.057798624038696289e+00 -3.466965556144714355e-01 -5.360946059226989746e-02 7.109650969505310059e-02 9.337413311004638672e-01
-2.023673653602600098e-01 6.097376942634582520e-01 1.058908343315124512e+00 -3.339509963989257812e-01 -7.014360278844833374e-02 8.584449440240859985e-02 9.360488057136535645e-01
-2.077074050903320312e-01 6.077463626861572266e-01 1.060081243515014648e+00 -3.200263082981109619e-01 -8.662569522857666016e-02 1.015729308128356934e-01 9.379563927650451660e-01
-2.125171124935150146e-01 6.056787967681884766e-01 1.061489701271057129e+00 -3.056926429271697998e-01 -1.039288341999053955e-01 1.179221794009208679e-01 9.390661716461181641e-01
-2.178882956504821777e-01 6.027783155441284180e-01 1.062943935394287109e+00 -2.911911010742187500e-01 -1.200965717434883118e-01 1.342117190361022949e-01 9.395594000816345215e-01
-2.231766581535339355e-01 6.004042625427246094e-01 1.064658284187316895e+00 -2.761129140853881836e-01 -1.358915418386459351e-01 1.506728976964950562e-01 9.394642114639282227e-01
-2.283156663179397583e-01 5.978717207908630371e-01 1.066548585891723633e+00 -2.608220875263214111e-01 -1.510892808437347412e-01 1.677209883928298950e-01 9.386231899261474609e-01
-2.339579463005065918e-01 5.953909158706665039e-01 1.068482637405395508e+00 -2.450990825891494751e-01 -1.649333238601684570e-01 1.844127178192138672e-01 9.373981952667236328e-01
-2.384918034076690674e-01 5.929719209671020508e-01 1.070390582084655762e+00 -2.293026149272918701e-01 -1.780025959014892578e-01 2.014215588569641113e-01 9.355024695396423340e-01
-2.430226802825927734e-01 5.903077125549316406e-01 1.072245478630065918e+00 -2.140690088272094727e-01 -1.892134249210357666e-01 2.179629951715469360e-01 9.332014322280883789e-01
-2.476653456687927246e-01 5.876961946487426758e-01 1.074072122573852539e+00 -1.984722167253494263e-01 -1.985374689102172852e-01 2.343524545431137085e-01 9.307366013526916504e-01
-2.515973448753356934e-01 5.855358242988586426e-01 1.075778961181640625e+00 -1.832005381584167480e-01 -2.065978497266769409e-01 2.504648268222808838e-01 9.279128313064575195e-01
-2.551794052124023438e-01 5.835217237472534180e-01 1.077322959899902344e+00 -1.679530441761016846e-01 -2.127870321273803711e-01 2.664984464645385742e-01 9.249281287193298340e-01
-2.583272457122802734e-01 5.817219018936157227e-01 1.078425526618957520e+00 -1.528660207986831665e-01 -2.178137898445129395e-01 2.823124527931213379e-01 9.216772317886352539e-01
-2.604175209999084473e-01 5.798216462135314941e-01 1.079500794410705566e+00 -1.382721364498138428e-01 -2.220954596996307373e-01 2.972519993782043457e-01 9.182568788528442383e-01
-2.628808021545410156e-01 5.798119306564331055e-01 1.080037951469421387e+00 -1.231704875826835632e-01 -2.250304669141769409e-01 3.120183050632476807e-01 9.147868156433105469e-01
-2.647284269332885742e-01 5.781130194664001465e-01 1.081037402153015137e+00 -1.097681522369384766e-01 -2.268908321857452393e-01 3.258232176303863525e-01 9.112139344215393066e-01
-2.666441798210144043e-01 5.766541957855224609e-01 1.081695437431335449e+00 -9.658448398113250732e-02 -2.274332493543624878e-01 3.391313552856445312e-01 9.077089428901672363e-01
-2.675354182720184326e-01 5.756517052650451660e-01 1.082028269767761230e+00 -8.384568989276885986e-02 -2.277176529169082642e-01 3.517787456512451172e-01 9.040831327438354492e-01
-2.682906389236450195e-01 5.744857788085937500e-01 1.082698583602905273e+00 -7.229128479957580566e-02 -2.272552847862243652e-01 3.631678521633148193e-01 9.006876349449157715e-01
-2.683241069316864014e-01 5.740393400192260742e-01 1.083305597305297852e+00 -6.119207292795181274e-02 -2.265286296606063843e-01 3.745846152305603027e-01 8.970099091529846191e-01
-2.688598334789276123e-01 5.731687545776367188e-01 1.082804322242736816e+00 -5.018671974539756775e-02 -2.247172892093658447e-01 3.848623633384704590e-01 8.937921524047851562e-01
-2.692106366157531738e-01 5.729343891143798828e-01 1.082591295242309570e+00 -3.991337120532989502e-02 -2.230366021394729614e-01 3.944681882858276367e-01 8.905372023582458496e-01
-2.696569859981536865e-01 5.726907849311828613e-01 1.083155870437622070e+00 -3.096524253487586975e-02 -2.213357686996459961e-01 4.029026329517364502e-01 8.875365853309631348e-01
-2.705740034580230713e-01 5.723218917846679688e-01 1.083986043930053711e+00 -2.267661504447460175e-02 -2.196027934551239014e-01 4.105603992938995361e-01 8.847036957740783691e-01
-2.711450755596160889e-01 5.714910030364990234e-01 1.084500312805175781e+00 -1.565200462937355042e-02 -2.180812656879425049e-01 4.174492955207824707e-01 8.820043802261352539e-01
-2.728091180324554443e-01 5.709689855575561523e-01 1.085320353507995605e+00 -9.129905141890048981e-03 -2.163937836885452271e-01 4.231112599372863770e-01 8.798109889030456543e-01
-2.752122282981872559e-01 5.700581669807434082e-01 1.086397767066955566e+00 -3.570755943655967712e-03 -2.149894237518310547e-01 4.271129667758941650e-01 8.782604336738586426e-01
-2.778414189815521240e-01 5.694103240966796875e-01 1.087233304977416992e+00 1.294267131015658379e-03 -2.140900790691375732e-01 4.302462041378021240e-01 8.769561648368835449e-01
-2.806454896926879883e-01 5.679354667663574219e-01 1.088646411895751953e+00 4.126796498894691467e-03 -2.134287506341934204e-01 4.321730136871337891e-01 8.761607408523559570e-01
-2.846212685108184814e-01 5.660969018936157227e-01 1.089257001876831055e+00 4.389293491840362549e-03 -2.128756195306777954e-01 4.320972263813018799e-01 8.763314485549926758e-01
-2.878880202770233154e-01 5.645377635955810547e-01 1.089286804199218750e+00 5.112423095852136612e-03 -2.132748514413833618e-01 4.312167763710021973e-01 8.766641020774841309e-01
-2.910787463188171387e-01 5.610936880111694336e-01 1.090374469757080078e+00 4.666907247155904770e-03 -2.141058444976806641e-01 4.290449321269989014e-01 8.775291442871093750e-01
-2.951043844223022461e-01 5.590676665306091309e-01 1.091097712516784668e+00 4.503237549215555191e-03 -2.154875844717025757e-01 4.265271723270416260e-01 8.784186840057373047e-01
-3.014409542083740234e-01 5.561048984527587891e-01 1.091429948806762695e+00 2.457166556268930435e-03 -2.166088223457336426e-01 4.225215315818786621e-01 8.800852894783020020e-01
-3.054102957248687744e-01 5.540081262588500977e-01 1.092403531074523926e+00 -5.151288351044058800e-04 -2.199045866727828979e-01 4.179768860340118408e-01 8.814403414726257324e-01
-3.095862567424774170e-01 5.503395795822143555e-01 1.091791152954101562e+00 -4.852648358792066574e-03 -2.226943075656890869e-01 4.122508168220520020e-01 8.834211826324462891e-01
-3.163709342479705811e-01 5.459651947021484375e-01 1.090227842330932617e+00 -9.506618604063987732e-03 -2.246641963720321655e-01 4.055517613887786865e-01 8.859816193580627441e-01
-3.207652568817138672e-01 5.421301126480102539e-01 1.089421510696411133e+00 -1.518001966178417206e-02 -2.284285575151443481e-01 3.987564742565155029e-01 8.880221247673034668e-01
-3.248744308948516846e-01 5.363947153091430664e-01 1.089211702346801758e+00 -2.281440049409866333e-02 -2.326719462871551514e-01 3.909105956554412842e-01 8.902428150177001953e-01
-3.296727836132049561e-01 5.357288718223571777e-01 1.087457776069641113e+00 -2.704748697578907013e-02 -2.379542887210845947e-01 3.834370672702789307e-01 8.919766545295715332e-01
-3.365300297737121582e-01 5.331482887268066406e-01 1.084709167480468750e+00 -3.245582431554794312e-02 -2.414295971393585205e-01 3.751623034477233887e-01 8.943778276443481445e-01
-3.424656391143798828e-01 5.288755893707275391e-01 1.083118677139282227e+00 -3.987666592001914978e-02 -2.457105815410614014e-01 3.666237294673919678e-01 8.964503407478332520e-01
-3.498437702655792236e-01 5.254650115966796875e-01 1.080891847610473633e+00 -4.639429599046707153e-02 -2.494890242815017700e-01 3.578756153583526611e-01 8.986256122589111328e-01
-3.575888872146606445e-01 5.223099589347839355e-01 1.078224420547485352e+00 -5.313548818230628967e-02 -2.530705928802490234e-01 3.488116264343261719e-01 9.008120298385620117e-01
-3.650524020195007324e-01 5.195019245147705078e-01 1.075588941574096680e+00 -5.999282374978065491e-02 -2.572764754295349121e-01 3.397215902805328369e-01 9.026622176170349121e-01
-3.721675276756286621e-01 5.161166191101074219e-01 1.073227524757385254e+00 -6.788152456283569336e-02 -2.615404725074768066e-01 3.306533098220825195e-01 9.042439460754394531e-01
-3.811661601066589355e-01 5.139748454093933105e-01 1.070113897323608398e+00 -7.455870509147644043e-02 -2.654463052749633789e-01 3.211701214313507080e-01 9.059961438179016113e-01
-3.891467750072479248e-01 5.118458271026611328e-01 1.066555500030517578e+00 -8.116791397333145142e-02 -2.692574560642242432e-01 3.128292858600616455e-01 9.072210788726806641e-01
-3.976040482521057129e-01 5.085821747779846191e-01 1.062851667404174805e+00 -8.817446231842041016e-02 -2.727634012699127197e-01 3.043066263198852539e-01 9.084178209304809570e-01
-4.069464802742004395e-01 5.047354698181152344e-01 1.058741569519042969e+00 -9.497658163309097290e-02 -2.756621837615966797e-01 2.960512936115264893e-01 9.095842242240905762e-01
-4.150782823562622070e-01 5.009269714355468750e-01 1.054560422897338867e+00 -1.017810776829719543e-01 -2.790546417236328125e-01 2.884197533130645752e-01 9.102655053138732910e-01
-4.249460697174072266e-01 4.976840019226074219e-01 1.049811601638793945e+00 -1.074565127491950989e-01 -2.813205420970916748e-01 2.811071574687957764e-01 9.112028479576110840e-01
-4.337997734546661377e-01 4.924268722534179688e-01 1.044640183448791504e+00 -1.143721118569374084e-01 -2.838102877140045166e-01 2.734626829624176025e-01 9.119150042533874512e-01
-4.429633021354675293e-01 4.882784485816955566e-01 1.039510726928710938e+00 -1.200725510716438293e-01 -2.861485183238983154e-01 2.669225633144378662e-01 9.123892188072204590e-01
-4.527478814125061035e-01 4.842320382595062256e-01 1.034464240074157715e+00 -1.258253306150436401e-01 -2.880792617797851562e-01 2.611269056797027588e-01 9.126834869384765625e-01
-4.624155759811401367e-01 4.784411787986755371e-01 1.028856515884399414e+00 -1.320177614688873291e-01 -2.897472977638244629e-01 2.538863122463226318e-01 9.133233428001403809e-01
-4.723007082939147949e-01 4.733718633651733398e-01 1.023396372795104980e+00 -1.377973109483718872e-01 -2.914580702781677246e-01 2.476662993431091309e-01 9.136331677436828613e-01
-4.819797277450561523e-01 4.677829146385192871e-01 1.017673254013061523e+00 -1.434923410415649414e-01 -2.931409180164337158e-01 2.416591793298721313e-01 9.138267636299133301e-01
-4.910429120063781738e-01 4.627767205238342285e-01 1.011738896369934082e+00 -1.485575884580612183e-01 -2.956576645374298096e-01 2.358968108892440796e-01 9.137122035026550293e-01
-4.986819624900817871e-01 4.560323655605316162e-01 1.003101110458374023e+00 -1.537599563598632812e-01 -2.967112064361572266e-01 2.302934080362319946e-01 9.139394164085388184e-01
-5.040389299392700195e-01 4.485529661178588867e-01 9.933478832244873047e-01 -1.595667302608489990e-01 -2.977860867977142334e-01 2.241320013999938965e-01 9.141262173652648926e-01
-5.087314248085021973e-01 4.420540928840637207e-01 9.835355281829833984e-01 -1.649708598852157593e-01 -2.986732721328735352e-01 2.188210338354110718e-01 9.141643047332763672e-01
-5.126966238021850586e-01 4.351896643638610840e-01 9.734127521514892578e-01 -1.704327017068862915e-01 -2.996723353862762451e-01 2.131955623626708984e-01 9.141645431518554688e-01
-5.166225433349609375e-01 4.281308948993682861e-01 9.636248350143432617e-01 -1.760566234588623047e-01 -3.007328510284423828e-01 2.072537094354629517e-01 9.141169190406799316e-01
-5.197343826293945312e-01 4.209289550781250000e-01 9.543970823287963867e-01 -1.818718761205673218e-01 -3.017546236515045166e-01 2.007557600736618042e-01 9.140918850898742676e-01
-5.230950713157653809e-01 4.135256409645080566e-01 9.449363946914672852e-01 -1.873466074466705322e-01 -3.024058341979980469e-01 1.945648491382598877e-01 9.141097068786621094e-01
-5.264006257057189941e-01 4.056501090526580811e-01 9.359865188598632812e-01 -1.934782117605209351e-01 -3.028059303760528564e-01 1.881282627582550049e-01 9.140473604202270508e-01
-5.296790599822998047e-01 3.975591659545898438e-01 9.267739653587341309e-01 -1.994529068470001221e-01 -3.029612898826599121e-01 1.813201606273651123e-01 9.140875339508056641e-01
-5.321933627128601074e-01 3.887631297111511230e-01 9.176296591758728027e-01 -2.057403028011322021e-01 -3.032305240631103516e-01 1.744069308042526245e-01 9.139499068260192871e-01
-5.340764522552490234e-01 3.797613382339477539e-01 9.089189171791076660e-01 -2.121617794036865234e-01 -3.039095699787139893e-01 1.671812534332275391e-01 9.136065244674682617e-01
-5.363831520080566406e-01 3.704657554626464844e-01 9.002871513366699219e-01 -2.187257260084152222e-01 -3.040416240692138672e-01 1.594045758247375488e-01 9.134045839309692383e-01
-5.387133955955505371e-01 3.610417544841766357e-01 8.916103839874267578e-01 -2.251741141080856323e-01 -3.038291037082672119e-01 1.514001488685607910e-01 9.132702946662902832e-01
-5.405895113945007324e-01 3.513863086700439453e-01 8.837902545928955078e-01 -2.320763468742370605e-01 -3.041370511054992676e-01 1.434888988733291626e-01 9.127169251441955566e-01
-5.425496101379394531e-01 3.419169187545776367e-01 8.757346868515014648e-01 -2.386753708124160767e-01 -3.040277957916259766e-01 1.351712346076965332e-01 9.123212099075317383e-01
-5.444842576980590820e-01 3.321582078933715820e-01 8.679653406143188477e-01 -2.457493841648101807e-01 -3.035615086555480957e-01 1.266497075557708740e-01 9.118210077285766602e-01
-5.461182594299316406e-01 3.222969174385070801e-01 8.602547645568847656e-01 -2.527183890342712402e-01 -3.032741248607635498e-01 1.177620813250541687e-01 9.112027287483215332e-01
-5.485385656356811523e-01 3.125401437282562256e-01 8.525218367576599121e-01 -2.597515583038330078e-01 -3.022167384624481201e-01 1.087395474314689636e-01 9.106974601745605469e-01
-5.505775213241577148e-01 3.022071123123168945e-01 8.446896076202392578e-01 -2.671925723552703857e-01 -3.011619150638580322e-01 9.949313849210739136e-02 9.099509716033935547e-01
-5.520856976509094238e-01 2.927145659923553467e-01 8.373577594757080078e-01 -2.739765942096710205e-01 -3.005341589450836182e-01 9.039837867021560669e-02 9.090898036956787109e-01
-5.537267923355102539e-01 2.829458713531494141e-01 8.302329778671264648e-01 -2.810936570167541504e-01 -2.999395728111267090e-01 8.089292049407958984e-02 9.080082774162292480e-01
-5.552866458892822266e-01 2.730797529220581055e-01 8.230614662170410156e-01 -2.882124185562133789e-01 -2.990978658199310303e-01 7.162076234817504883e-02 9.068322181701660156e-01
-5.572177767753601074e-01 2.634078562259674072e-01 8.160589933395385742e-01 -2.953874468803405762e-01 -2.979409694671630859e-01 6.190130859613418579e-02 9.056189656257629395e-01
-5.585743784904479980e-01 2.530191540718078613e-01 8.088294267654418945e-01 -3.027415573596954346e-01 -2.969973981380462646e-01 5.254492908716201782e-02 9.040902256965637207e-01
-5.599573850631713867e-01 2.434124648571014404e-01 8.019127845764160156e-01 -3.096612989902496338e-01 -2.961009740829467773e-01 4.303215071558952332e-02 9.025422334671020508e-01
-5.612818598747253418e-01 2.340421527624130249e-01 7.950323820114135742e-01 -3.165421783924102783e-01 -2.952657043933868408e-01 3.375513851642608643e-02 9.008217453956604004e-01
-5.627850294113159180e-01 2.245432883501052856e-01 7.881392836570739746e-01 -3.231927454471588135e-01 -2.942389249801635742e-01 2.429195493459701538e-02 8.990994691848754883e-01
-5.639273524284362793e-01 2.157277762889862061e-01 7.818813323974609375e-01 -3.299505710601806641e-01 -2.933232784271240234e-01 1.508144382387399673e-02 8.971436619758605957e-01
