2.739726174945131021e+01
2.739726174945131021e+01
2.713770274419444561e+01
2.701133108401358385e+01
2.701133108401358385e+01
2.679276626337411216e+01
2.679276626337411216e+01
2.658494250131659697e+01
2.658494250131659697e+01
2.639756733060337623e+01
2.639756733060337623e+01
2.622222954906676762e+01
2.622222954906676762e+01
2.609013801618684880e+01
2.600976856180198027e+01
2.595757367226543977e+01
2.589543723594553271e+01
2.583288960086499841e+01
2.580995707606001233e+01
2.574942212334845237e+01
2.581545473384067080e+01
2.583155546493440013e+01
2.583824781763309986e+01
2.590879689783150042e+01
2.593498341227606119e+01
2.595081577155586672e+01
2.593553165618185830e+01
2.585894150638065625e+01
2.589233360537184581e+01
2.594492793906623618e+01
2.601321583754554467e+01
2.601471656073315231e+01
2.592898016533521144e+01
2.575894234544132644e+01
2.555655614613651494e+01
2.528208832774593517e+01
2.515224140328251679e+01
2.495521979176898242e+01
2.474521765115820671e+01
2.453366917610642872e+01
2.431543907542414473e+01
2.414713858525161427e+01
2.398136695218849823e+01
2.381099784815694065e+01
2.361887597382246540e+01
2.343760298789104013e+01
2.323375846744069051e+01
2.305585568316068645e+01
2.293460529653926727e+01
2.276133957304664790e+01
2.265363231168239366e+01
2.250453195814589691e+01
2.234397863955582864e+01
2.217963269675081506e+01
2.203224739128641119e+01
2.189550949986274375e+01
2.174310111832231485e+01
2.162154379378843316e+01
2.146838376657524705e+01
2.133421776553159788e+01
2.118608094381154672e+01
2.109300290361060348e+01
2.092569318343315388e+01
2.066366560616627623e+01
2.049005830487982749e+01
2.024708409444978940e+01
2.045348580458195187e+01
2.035339421562786910e+01
2.019882491344261766e+01
2.006622181163469065e+01
1.995893180518475418e+01
1.983907739783283120e+01
1.968992067227917531e+01
1.955072384285700338e+01
1.938970742726204577e+01
1.924815070062066624e+01
1.910832751655465245e+01
1.895122696574158283e+01
1.880213519440523839e+01
1.865191450920470118e+01
1.848206600936314459e+01
1.831136620591031772e+01
1.813744950691608082e+01
1.797576358961320508e+01
1.786343816832809495e+01
1.767953017691498374e+01
1.746795944540943779e+01
1.724933220168672676e+01
1.704756518299057078e+01
1.684157735347374540e+01
1.664716863498734156e+01
1.641012439564513059e+01
1.619848736288129487e+01
1.599780198840558043e+01
1.576467070245918656e+01
1.553537072705013955e+01
1.530753556408388505e+01
1.508421866116255217e+01
1.484578958518876135e+01
1.460178817243176574e+01
1.435117615325742335e+01
1.409560158166645394e+01
1.386327420868006577e+01
1.360885481018656051e+01
1.335252932209871979e+01
1.309432217863920833e+01
1.283306954182607207e+01
1.256284522855042951e+01
1.229014087760794816e+01
1.201285540645744021e+01
1.173341297466282995e+01
1.144054073441311203e+01
1.116371717819608200e+01
1.089335933643032028e+01
1.062008654946512642e+01
1.034612730869631569e+01
1.006575393204322388e+01
9.803283693064084758e+00
9.551066539822366863e+00
9.303361258523521471e+00
9.064590923690667879e+00
8.838441380832694705e+00
8.620111279786859981e+00
8.415850443430805683e+00
8.212329464201227225e+00
8.022080285363953678e+00
7.833799223948858526e+00
7.663117891173842011e+00
7.487001914939849456e+00
7.320728064321379236e+00
7.174579842508691740e+00
7.042662596819667442e+00
6.925979809675098409e+00
6.813366277789086212e+00
6.714083203753002493e+00
6.620136782757295890e+00
6.529769622093212433e+00
6.428461432578878032e+00
6.352666654146425174e+00
6.275467746968516281e+00
6.203454565188749825e+00
6.145624203782638517e+00
6.071218142096064696e+00
6.005895796777352302e+00
5.949683453056106686e+00
5.902109644133499700e+00
5.855220622273151321e+00
5.831422119668165038e+00
5.784486012805512445e+00
5.753185433440698660e+00
5.737178171779799385e+00
5.716467641073009531e+00
5.708420949247575038e+00
5.703252631940095796e+00
5.695212034908305299e+00
5.685931060080768873e+00
5.694529350877623131e+00
5.660002326909875592e+00
5.642071165026013801e+00
5.621682702506426210e+00
5.610615976408492855e+00
5.570004019552978747e+00
5.525892300733893592e+00
5.482868405905517051e+00
5.445275329845035373e+00
5.400681093727431659e+00
5.350217245193704230e+00
5.278601761874529785e+00
5.221483577831445899e+00
5.161396596980463158e+00
5.100564327698247524e+00
5.042141292868933533e+00
4.993050555401921997e+00
4.948502264596420730e+00
4.909397718015100054e+00
4.880756204203379411e+00
4.852134970270100212e+00
4.831831095042268487e+00
4.812668205336400717e+00
4.803961528300256134e+00
4.799570167479799920e+00
4.790551892688622360e+00
4.788966874939514895e+00
4.779374165263494234e+00
4.769829576240326219e+00
4.757382882684044745e+00
4.742300278679717707e+00
4.726550377816010950e+00
4.709630545005083491e+00
4.689997771776159396e+00
4.669086232957688765e+00
4.646619943336105507e+00
4.621694976351744089e+00
4.597402881560196164e+00
4.570336161104123107e+00
4.542193112990620563e+00
4.514795498242886396e+00
4.483211308148071339e+00
4.449746515719031237e+00
4.419111280172351996e+00
4.385849188584771241e+00
4.349619008334698833e+00
4.313905107133098937e+00
4.276848401850500636e+00
4.239975963218643784e+00
4.203238815542921003e+00
4.164691189632517165e+00
4.126818452116904012e+00
4.089640164905492981e+00
4.051822097104786025e+00
4.012386760047217393e+00
3.973748236860107141e+00
3.935149964387814947e+00
3.898144318306535183e+00
3.860016473787375446e+00
3.821831505913731775e+00
3.784205332679999145e+00
3.745375560269504689e+00
3.703360360969632836e+00
3.653924243915597003e+00
3.613773973413287877e+00
3.573165842413061455e+00
3.531991731345229368e+00
3.480645694324895345e+00
3.435275854898673487e+00
3.383191688026474964e+00
3.333319315920881820e+00
3.279058076451150328e+00
3.223645862379910909e+00
3.169340561909212539e+00
3.106989496089621383e+00
3.043414339146366387e+00
2.971104389080863939e+00
2.901041632003696691e+00
2.826513349787735052e+00
2.753436571541929112e+00
2.676118151875154894e+00
2.594306456836282138e+00
2.518146171993851823e+00
2.448318815058460274e+00
2.383394852647548134e+00
2.326135845434670557e+00
2.266978777479046414e+00
2.222676534741452770e+00
2.183997360886234418e+00
2.156065333748315993e+00
2.133403391396434756e+00
2.106865771398602760e+00
2.085845225478834664e+00
2.069207320307942410e+00
2.061036718693046055e+00
2.076196153302486636e+00
2.063192005285632291e+00
2.057631826746675330e+00
2.034919643164680991e+00
2.021339337995701868e+00
1.981187944654831057e+00
1.930453790298461314e+00
1.892778263345583412e+00
1.859775153370019751e+00
1.829069848211453575e+00
1.789199369688088126e+00
1.741923121115302564e+00
1.708168531071311946e+00
1.664903914757360326e+00
1.638245062777489380e+00
1.610685041197495337e+00
1.608404266588689069e+00
1.589886092198895540e+00
1.560316079965588187e+00
1.551135063989747209e+00
1.552357141781950389e+00
1.543160339605346820e+00
1.524098303295762236e+00
1.511159656592759859e+00
1.479073002836248207e+00
1.455004264198986874e+00
1.416605297477747882e+00
1.400422605577940516e+00
1.377097385212469050e+00
1.374636605311632565e+00
1.374439440209130225e+00
1.379271452064990910e+00
1.383478297930057721e+00
1.396254733240141377e+00
1.401426976009613412e+00
1.426353621207606892e+00
1.443790107280516821e+00
1.459495534845757447e+00
1.497757646922622143e+00
1.619498467285009013e+00
1.779579134652500727e+00
1.942155288984604766e+00
2.110151618948034269e+00
2.288186418820004064e+00
2.459835199131145345e+00
2.629802058537428877e+00
2.801102701538997763e+00
2.994969112846614934e+00
3.178195294645160374e+00
3.361408532105564007e+00
3.545387621269412648e+00
3.729035215914077384e+00
3.906289890802423059e+00
4.093305779964886426e+00
4.271251262544701888e+00
4.449869401781707978e+00
4.622649005435331304e+00
4.796678272808978960e+00
4.968559914964643554e+00
5.150502352064172840e+00
5.319428646038346642e+00
5.487452588359239769e+00
5.648879123284295645e+00
5.813796002881289837e+00
5.986622029341759799e+00
6.154376483553377852e+00
6.307554961858230058e+00
