2.725008998015578499e+01
2.725008998015578499e+01
2.703085170926398106e+01
2.703085170926398106e+01
2.683028843752869008e+01
2.683028843752869008e+01
2.666578957625189261e+01
2.666578957625189261e+01
2.652747900079747367e+01
2.652747900079747367e+01
2.637779763682480194e+01
2.637779763682480194e+01
2.625488025764494182e+01
2.625488025764494182e+01
2.614145848416435669e+01
2.612926755041615579e+01
2.608933963540190604e+01
2.602017892853706371e+01
2.599773228785080548e+01
2.596432374644728114e+01
2.594503065052937174e+01
2.602967977575430325e+01
2.608571167766571719e+01
2.617792143316380660e+01
2.624010777970188002e+01
2.626283022620698659e+01
2.614235127019240323e+01
2.616828191242320045e+01
2.616644967296092972e+01
2.619445322634089734e+01
2.627017841963235156e+01
2.623748324493374540e+01
2.611785647125803322e+01
2.590057341514430078e+01
2.568268722374682156e+01
2.563823765825470247e+01
2.540911814565303573e+01
2.515787372174944636e+01
2.492731423534261026e+01
2.470927823173365923e+01
2.447108131700132816e+01
2.423717794082551436e+01
2.406049166133319162e+01
2.387513450738760667e+01
2.364786534746091107e+01
2.342446907016288193e+01
2.325448852899197050e+01
2.301116417053421515e+01
2.278915938233037153e+01
2.267869178095592986e+01
2.252071988482191145e+01
2.234471580656500578e+01
2.217109909363141895e+01
2.201883409472261732e+01
2.188789289524945758e+01
2.170249248948358911e+01
2.151268016313473197e+01
2.134756392887539178e+01
2.119568326855429774e+01
2.106928120286442407e+01
2.093073177818857999e+01
2.085553025020110951e+01
2.078867752167753480e+01
2.068057348720098432e+01
2.059810044064577639e+01
2.057704162399235770e+01
2.043835102920905200e+01
2.034346864757408468e+01
2.007509211920220693e+01
1.993793519397866021e+01
1.981405941580624841e+01
1.964621041565104775e+01
1.950404721217097048e+01
1.944525878254786022e+01
1.922562241557441354e+01
1.911716310968885679e+01
1.897790236532018682e+01
1.884299379052921353e+01
1.863383115071615848e+01
1.856160349182002278e+01
1.835372923992954952e+01
1.824455225331072583e+01
1.806344999738109891e+01
1.792106764778126760e+01
1.778594395966377562e+01
1.759131199527544709e+01
1.739345618562814622e+01
1.713975834748204008e+01
1.692889079464077540e+01
1.673992173601254763e+01
1.652160695021575521e+01
1.628624501159759674e+01
1.605819072522809421e+01
1.585782121441983605e+01
1.562360164858620770e+01
1.537997420989567665e+01
1.514154292644629329e+01
1.490837901553143396e+01
1.470961533792826970e+01
1.446276105581220506e+01
1.420974207048542048e+01
1.395172048371952123e+01
1.373172799380163234e+01
1.347799766645819375e+01
1.322422162976611659e+01
1.296780076277278404e+01
1.270261118091546848e+01
1.243246656755070845e+01
1.216137656665275202e+01
1.188640255944651436e+01
1.160835406180972917e+01
1.133202899509901940e+01
1.105297852506999234e+01
1.078080494933011124e+01
1.051083963261110910e+01
1.024005899623708693e+01
9.957176318955573535e+00
9.694169793503030874e+00
9.447189403607115565e+00
9.206092840480090800e+00
8.969716074126612426e+00
8.750101566708847756e+00
8.528903293405925012e+00
8.323851065436089769e+00
8.122990929693548523e+00
7.938409670439503074e+00
7.750866954331753433e+00
7.579760075746582615e+00
7.407673575960339818e+00
7.246096340731430274e+00
7.106568127752904473e+00
6.980752218474302495e+00
6.863429505382136142e+00
6.746347096726211134e+00
6.646462053650413537e+00
6.558692326952488827e+00
6.460925916716906414e+00
6.375726701948750019e+00
6.293058554654106018e+00
6.213327791311563431e+00
6.130071905933828447e+00
6.067215650904490332e+00
5.998648206219201029e+00
5.944351830504938761e+00
5.896888137206047986e+00
5.858805175977312985e+00
5.821151323804610200e+00
5.789860767756795923e+00
5.749969060186874259e+00
5.718748719278011095e+00
5.696508496732647586e+00
5.683418010240377072e+00
5.662048273252974440e+00
5.640162177009269584e+00
5.611332990719716918e+00
5.629345678912791584e+00
5.616540436090208033e+00
5.597992683915311574e+00
5.579370132444982033e+00
5.572221394208671796e+00
5.535250985397425438e+00
5.515368471035959175e+00
5.472584232262374115e+00
5.441040013753493554e+00
5.402020357184184718e+00
5.361137879249625371e+00
5.314974118870193109e+00
5.241279146928949473e+00
5.186384948175600584e+00
5.117549384572882332e+00
5.067477796105848142e+00
5.013277589621953467e+00
4.967831710910505905e+00
4.928341297402951682e+00
4.893620332336752199e+00
4.863860539150756779e+00
4.837257730715894155e+00
4.818435930173098569e+00
4.803634003899237115e+00
4.791532218599538595e+00
4.786132488391945827e+00
4.778749467962072117e+00
4.771974800116410620e+00
4.765840450495417713e+00
4.756376924403141970e+00
4.745024324856462528e+00
4.730590475775400705e+00
4.713911543698838358e+00
4.696825287250725012e+00
4.678025925731258639e+00
4.655801705276886082e+00
4.633385331880706559e+00
4.609959386452615604e+00
4.584024392271267345e+00
4.556874929195203094e+00
4.527608757768135206e+00
4.501091677696585691e+00
4.465932355912496377e+00
4.435618524507120242e+00
4.404313121852855062e+00
4.375057335606868492e+00
4.338702650291068608e+00
4.303352328364727697e+00
4.266307151608565107e+00
4.230134869819423216e+00
4.193169710183223486e+00
4.157128009654094569e+00
4.119045720314385761e+00
4.081481667622849585e+00
4.043876702186125272e+00
4.006639121612888488e+00
3.968096597137925841e+00
3.927177502028548872e+00
3.889684286762133070e+00
3.850794229141044411e+00
3.813804523071834041e+00
3.775544764002209064e+00
3.735786217387897068e+00
3.696379945530910760e+00
3.657326073587210402e+00
3.617675261634104800e+00
3.578158807638917693e+00
3.531920386198049044e+00
3.478261771170181760e+00
3.432776890054864083e+00
3.384175103819874408e+00
3.334045965437034909e+00
3.278156088592048434e+00
3.222829150183248004e+00
3.168860973580329699e+00
3.113625355817148943e+00
3.047393244073536067e+00
2.980290549738032979e+00
2.915000410147669641e+00
2.838390823922999573e+00
2.765857796504338495e+00
2.691346681707614152e+00
2.606263407723780290e+00
2.533281080224824677e+00
2.475280667075843155e+00
2.421411271405293775e+00
2.358938356718773832e+00
2.306376759474549232e+00
2.262164486012316900e+00
2.223242765619652062e+00
2.193723549839695863e+00
2.170224398668754162e+00
2.147614349615203366e+00
2.131609342125479145e+00
2.128701997919151268e+00
2.126295957306670203e+00
2.128054683600044683e+00
2.128281057537947163e+00
2.123106599176871612e+00
2.088316739663746091e+00
2.069006743459688380e+00
2.049716557125467631e+00
2.009529671958659947e+00
1.987474084636733807e+00
1.956216190919249698e+00
1.909377013719762317e+00
1.857939418737537096e+00
1.810066502980784975e+00
1.771486167869873896e+00
1.717837933762243807e+00
1.675958738373260815e+00
1.654494736168210522e+00
1.634322525647156965e+00
1.603603683339777319e+00
1.601237119252260754e+00
1.585919640419962917e+00
1.570217511964383306e+00
1.562817878382070091e+00
1.550867934585447472e+00
1.526257987569969998e+00
1.512748663185767839e+00
1.490653705838543175e+00
1.465023650187710302e+00
1.445771357964591886e+00
1.434637023344460971e+00
1.425280642763752326e+00
1.438267826819568995e+00
1.448095662359918379e+00
1.455583167085379159e+00
1.469711640248466011e+00
1.483078013229896186e+00
1.502681148628877139e+00
1.522413063505947406e+00
1.551360409259078921e+00
1.596749667704390419e+00
1.708054982907370345e+00
1.863375362685214753e+00
2.030351889349688577e+00
2.208411833640422373e+00
2.383675193180270213e+00
2.570656612427928422e+00
2.753977188006494714e+00
2.932820521315228746e+00
3.115347240120843963e+00
3.307319480888828878e+00
3.497083475968832289e+00
3.679222983095129962e+00
3.866455370028472061e+00
4.045155493244234179e+00
4.227396891929185330e+00
4.412371327214987815e+00
4.589139208410486503e+00
4.770864928118786708e+00
4.947306799790361254e+00
5.122127739004131541e+00
5.292340762527683040e+00
5.468486864031785188e+00
5.641441107922236853e+00
5.819939427753801908e+00
5.989760497409687190e+00
6.157382746644604055e+00
6.329673745406658725e+00
6.487281988173897673e+00
