2.870380881523031746e+01
2.870380881523031746e+01
2.842811944223074150e+01
2.842811944223074150e+01
2.811507903761875227e+01
2.811507903761875227e+01
2.787809848397982293e+01
2.787809848397982293e+01
2.767406477644146889e+01
2.767406477644146889e+01
2.752449660120727515e+01
2.752449660120727515e+01
2.738495443282181085e+01
2.738495443282181085e+01
2.725000809313306860e+01
2.715363088238686018e+01
2.712220427780467347e+01
2.689101799531263026e+01
2.681690807199223059e+01
2.678818057844402389e+01
2.676183167028965215e+01
2.676329279566402519e+01
2.677421616174650865e+01
2.682464184815165353e+01
2.684840545921998967e+01
2.661973515569735582e+01
2.661439490815127940e+01
2.660806529315937752e+01
2.659342260774552358e+01
2.651298431388257981e+01
2.651468103918648467e+01
2.651413679187262673e+01
2.642241733426867611e+01
2.617403222242703720e+01
2.591918086707656599e+01
2.564154682327970036e+01
2.540109803478580375e+01
2.516234649634639098e+01
2.487942928731921910e+01
2.461116674906181956e+01
2.434167548178900731e+01
2.423007195972462213e+01
2.398380193436312879e+01
2.375633814774463914e+01
2.358282476898915192e+01
2.329636461876695464e+01
2.307701286152406084e+01
2.283607963778819894e+01
2.267095511126042595e+01
2.249403707144793430e+01
2.229822739121646080e+01
2.211237555651056397e+01
2.188752091725114468e+01
2.168043975092005482e+01
2.152751314380493497e+01
2.135800362183584866e+01
2.116994916504599900e+01
2.105419098201747730e+01
2.088695969346930070e+01
2.072719405773334600e+01
2.060055099784844757e+01
2.052134446604397766e+01
2.041303484407936608e+01
2.021763382989354341e+01
2.015799287398277784e+01
2.003995009001785377e+01
1.993611344744272884e+01
1.967738096169890838e+01
1.988652097498631477e+01
1.949287407712757769e+01
1.941406721804882096e+01
1.886364589259438418e+01
1.869863685517767493e+01
1.857788053273689854e+01
1.853603080421968130e+01
1.836056394969573802e+01
1.827175474007856337e+01
1.812024574108435004e+01
1.798805042371002472e+01
1.784488816354960150e+01
1.768970150786455164e+01
1.753656064483331534e+01
1.739814692466137913e+01
1.725753980256848052e+01
1.700608993678806513e+01
1.689706771569623811e+01
1.669316442081242968e+01
1.648930248599607040e+01
1.629478390054448411e+01
1.617271590948683269e+01
1.596687029582185247e+01
1.574774316999240398e+01
1.553490717634398521e+01
1.536252145632622401e+01
1.513478263068268603e+01
1.491479346347226098e+01
1.470391578601569016e+01
1.448711017280150237e+01
1.427649224864523880e+01
1.404827554664447398e+01
1.382884882157992656e+01
1.360995474260981730e+01
1.334212645480648973e+01
1.310806241243872172e+01
1.287975894579905400e+01
1.262354159152572386e+01
1.235944089897456344e+01
1.211299046350408659e+01
1.184980701575728190e+01
1.159040338203405973e+01
1.133356584876144524e+01
1.106928193817370421e+01
1.079509491971303170e+01
1.054310490470176553e+01
1.028099575133093246e+01
1.002117972361328491e+01
9.760246168403432065e+00
9.514057625337194679e+00
9.273439498610706266e+00
9.043667926375194455e+00
8.823980497020492919e+00
8.611611232103911107e+00
8.402998366981295320e+00
8.209846368956572604e+00
8.022266284724413055e+00
7.843025312707265329e+00
7.670991501134000856e+00
7.508266325633588423e+00
7.341294406268996653e+00
7.190009441995567130e+00
7.051674879218289504e+00
6.929702144607208680e+00
6.804432274785078505e+00
6.696504456852746756e+00
6.595875417489061476e+00
6.520057186309507813e+00
6.421667598219023887e+00
6.330827727370468949e+00
6.243890934629941825e+00
6.175086261321848013e+00
6.107883963190595011e+00
6.037920795853814582e+00
5.990019284475550876e+00
5.942368442629707204e+00
5.887206385689296440e+00
5.851404936116335165e+00
5.805792427311633475e+00
5.778918027166248805e+00
5.754078986109501415e+00
5.720989816240034997e+00
5.671946995701588889e+00
5.665649795659128074e+00
5.660462933732794966e+00
5.636956958523740013e+00
5.634961157672574217e+00
5.633251681657707621e+00
5.631839329182596998e+00
5.635012748857381126e+00
5.597303990217469050e+00
5.591591068519473851e+00
5.550304084838337815e+00
5.519251841256959779e+00
5.500714284800665155e+00
5.437453659294202879e+00
5.401563271338716277e+00
5.365147754057016272e+00
5.309968527778771374e+00
5.250290884975466810e+00
5.194461602632667763e+00
5.133829317509682966e+00
5.085071430811570536e+00
5.032136735037788355e+00
4.990478664149105015e+00
4.952855500726073501e+00
4.914159089586238593e+00
4.886358469611121080e+00
4.860547973482105988e+00
4.840880405886519355e+00
4.825772637854544911e+00
4.814601031157398126e+00
4.808047333080786245e+00
4.803025706149291807e+00
4.803006723909835074e+00
4.795124615739528195e+00
4.785365278284697155e+00
4.772698229165357020e+00
4.759062288832673460e+00
4.745239552615430512e+00
4.729580092927207602e+00
4.712304611833836532e+00
4.692137132141148470e+00
4.671370616969191758e+00
4.649670603241268907e+00
4.626266903746664383e+00
4.599646503335275582e+00
4.574178600282106544e+00
4.545619881949871655e+00
4.514199501872944609e+00
4.481691644026490451e+00
4.451906212446974820e+00
4.419125760638415557e+00
4.385598730846513860e+00
4.351191823764786193e+00
4.316568787014990249e+00
4.282087914229805392e+00
4.244483592071880196e+00
4.208825589919236165e+00
4.172737438046553393e+00
4.137629779833325472e+00
4.100851032113880024e+00
4.062270060172966879e+00
4.026326952641049672e+00
3.989982601764342718e+00
3.954577302628376145e+00
3.915247046922345930e+00
3.879448943791881987e+00
3.841074377985457033e+00
3.800275621905832679e+00
3.761476251864319664e+00
3.723438379735323878e+00
3.682591133562791441e+00
3.640003017836601629e+00
3.598041034052108955e+00
3.554555864994501491e+00
3.511175788906896855e+00
3.460513765952637044e+00
3.410001646012059240e+00
3.364107381225597493e+00
3.309661868689232733e+00
3.254188495189410446e+00
3.197384781022023503e+00
3.132136104177163816e+00
3.072979681649041339e+00
3.004239655256633057e+00
2.936371930627952764e+00
2.865975139002788552e+00
2.787494175210579073e+00
2.712082027461839573e+00
2.635979071002800822e+00
2.569629883964662298e+00
2.504097368193999529e+00
2.439006495685195119e+00
2.395654477023487772e+00
2.362201534064510611e+00
2.326042946690861868e+00
2.292935870987914626e+00
2.264197964404189634e+00
2.243200116127265886e+00
2.228700779871410020e+00
2.218575630035978463e+00
2.200476465221719025e+00
2.214867400757707827e+00
2.209319974632688144e+00
2.192097478647269782e+00
2.165561901188109317e+00
2.145807281152698920e+00
2.109604517930272038e+00
2.063850962172381287e+00
2.029001461466137357e+00
2.002189237382040687e+00
1.956311759852436438e+00
1.913158596304462833e+00
1.887119275518138295e+00
1.856321349369061124e+00
1.821476214474092359e+00
1.771092431270357537e+00
1.761224131600560128e+00
1.737062869543773758e+00
1.713501794904583875e+00
1.699922256120885322e+00
1.694422066130307769e+00
1.687953999430053642e+00
1.688040364908896862e+00
1.656261798817570963e+00
1.642793453273945659e+00
1.618792598816398254e+00
1.584099097397491107e+00
1.552279998005847261e+00
1.533332410764149500e+00
1.517937134898172502e+00
1.511726100820069973e+00
1.506342595853261912e+00
1.505870389977417290e+00
1.510809672109495239e+00
1.519022681389312623e+00
1.528705052901102590e+00
1.540881081850717038e+00
1.557645584522916238e+00
1.576681957633653042e+00
1.630060786490247438e+00
1.735191356929405515e+00
1.874324764953627209e+00
2.037827128480447669e+00
2.200805229375909278e+00
2.372475608521448009e+00
2.538937455864804349e+00
2.709231443288505403e+00
2.873844940843152784e+00
3.046199179548725766e+00
3.218055857932153430e+00
3.398795468928881292e+00
3.577318884713307057e+00
3.751769251226718893e+00
3.926283326757012304e+00
4.095292100676147129e+00
4.266977929966508043e+00
4.435875980904143034e+00
4.607179632938571245e+00
4.771426356540903413e+00
4.937874908560498710e+00
5.101274334256544307e+00
5.264465649560133187e+00
5.426419250401366412e+00
5.589097524366277270e+00
5.745027896748066354e+00
5.908176234330152710e+00
6.066445807187776040e+00
6.211042406110482972e+00
