2.801686584139911673e+01
2.801686584139911673e+01
2.770696530342552322e+01
2.770696530342552322e+01
2.745181468483533038e+01
2.745181468483533038e+01
2.723089725878373102e+01
2.723089725878373102e+01
2.703137858508880598e+01
2.703137858508880598e+01
2.682648074326310095e+01
2.682648074326310095e+01
2.663823364572605712e+01
2.663823364572605712e+01
2.647507494061695965e+01
2.638392708146571053e+01
2.629458789273988373e+01
2.624433574594857177e+01
2.623370803709697796e+01
2.619126948609256544e+01
2.618196419048449641e+01
2.617598499988636718e+01
2.625518117361655968e+01
2.627766766147716737e+01
2.632857180431044242e+01
2.640687843202316998e+01
2.640916183943766882e+01
2.611711233210510485e+01
2.614257822091930805e+01
2.615294720520840244e+01
2.618960710058034635e+01
2.620559815711369822e+01
2.609723664788768716e+01
2.591367130423308396e+01
2.570524001803728709e+01
2.544640828690473455e+01
2.505637569386184893e+01
2.483074690910052240e+01
2.458830039424727687e+01
2.434493291558214523e+01
2.412136432605523595e+01
2.388431455702677653e+01
2.372694298029712812e+01
2.353460157261095276e+01
2.341623983396173614e+01
2.322607005682965209e+01
2.302200725611882248e+01
2.287501773800433469e+01
2.270432696648604320e+01
2.249340492740643782e+01
2.230562483477743285e+01
2.226259445378143909e+01
2.210816322209561235e+01
2.195433255041064058e+01
2.177605866210594598e+01
2.160426324311325175e+01
2.143569743185928189e+01
2.129999822363632589e+01
2.117910091720168353e+01
2.099155279719047584e+01
2.098719855674283963e+01
2.084367419570249069e+01
2.070898190167549302e+01
2.063829875367728306e+01
2.053215025740656330e+01
2.037133000269693284e+01
2.026433699424397972e+01
2.014720685390798494e+01
2.001791546460953342e+01
1.990430160093258039e+01
1.978696889407528658e+01
1.963786820924085319e+01
1.949124531386512160e+01
1.936515391964830357e+01
1.928781344357338767e+01
1.914945344583970055e+01
1.901129342671947597e+01
1.886520525341156684e+01
1.872397849438136674e+01
1.855996610306823058e+01
1.841398895657534496e+01
1.823761304847198517e+01
1.806959404097889177e+01
1.790155253016778403e+01
1.775175453543763382e+01
1.754094590900757566e+01
1.725771215790360458e+01
1.705789002624790385e+01
1.683557483132979371e+01
1.662243837864494012e+01
1.643123192212339490e+01
1.620171723483999315e+01
1.599155618720929262e+01
1.575323307117565896e+01
1.556698608927957750e+01
1.533288324915345946e+01
1.511183080992463523e+01
1.489314326555300916e+01
1.465527258201324834e+01
1.442107421777911114e+01
1.417794848633958615e+01
1.393216471482819863e+01
1.370311748558258103e+01
1.345531539825032752e+01
1.320187904772258847e+01
1.294627100023703292e+01
1.269500828086352051e+01
1.242731647040947784e+01
1.216549871862201293e+01
1.189513445910060341e+01
1.162151116614536583e+01
1.134875873684612735e+01
1.107310685106753390e+01
1.080753147424750082e+01
1.054582565695052843e+01
1.027759728923777516e+01
1.000896064935500362e+01
9.750422928930753130e+00
9.499221181103720824e+00
9.263766862533277191e+00
9.035249576905570734e+00
8.816317798980378484e+00
8.601825117889108085e+00
8.396674881123139755e+00
8.199951358277971281e+00
8.008032354690980625e+00
7.830778385306011558e+00
7.660946366858517820e+00
7.485840472432077064e+00
7.324828771802156524e+00
7.183260378681897151e+00
7.061165981160382188e+00
6.963143948028530872e+00
6.847719902764772826e+00
6.748101919387153202e+00
6.626658957324895738e+00
6.533638410882083747e+00
6.444262480836783880e+00
6.376077345052184597e+00
6.286617882996981876e+00
6.220174827017103780e+00
6.154963564223692174e+00
6.077017357846457912e+00
6.036773705172393534e+00
5.954054673199991043e+00
5.908782664829288933e+00
5.876481875527765908e+00
5.838586485103089530e+00
5.806980042977482270e+00
5.786401839452857132e+00
5.766605254188032603e+00
5.751641369417207272e+00
5.737155686571178137e+00
5.728138594759911939e+00
5.722764586727986824e+00
5.713857529688244341e+00
5.703277105845842243e+00
5.702147590696370116e+00
5.693656292589384549e+00
5.675229082038406148e+00
5.627257980660505865e+00
5.598583605504547478e+00
5.569407494035612416e+00
5.526997462284871432e+00
5.486067380228288215e+00
5.439321943519043856e+00
5.390080684718785875e+00
5.322709550949337398e+00
5.266244703190086085e+00
5.205766226704504618e+00
5.154901095273832112e+00
5.099453497355021625e+00
5.048974008428626092e+00
5.004683690469288848e+00
4.967424420868820079e+00
4.939733252307647149e+00
4.916756298721654872e+00
4.897236633786377524e+00
4.882863587336956357e+00
4.870826266027613372e+00
4.868498580807958831e+00
4.860460800146341853e+00
4.852986699590911002e+00
4.842723883578674560e+00
4.833786085209673899e+00
4.823663354649262658e+00
4.808389967345025440e+00
4.788970000680258465e+00
4.771031133571522531e+00
4.750179155980351453e+00
4.730195540745025795e+00
4.706872951843998010e+00
4.683935096730753145e+00
4.659124803176894147e+00
4.633050308633336556e+00
4.604249580143822129e+00
4.574974161464975708e+00
4.542980584728692151e+00
4.510299406511673936e+00
4.477200680951131773e+00
4.444113456518628880e+00
4.407394657105417224e+00
4.371104705581505101e+00
4.333918457852963257e+00
4.298374828556163152e+00
4.259726601067221452e+00
4.220643844231215525e+00
4.181018911503354474e+00
4.142938767548489665e+00
4.103314915121178075e+00
4.065350292225648587e+00
4.021631301492998745e+00
3.982947309831502025e+00
3.944033804533614074e+00
3.905394146690252200e+00
3.863833450611593889e+00
3.820685241945760424e+00
3.777578981448641571e+00
3.735160498862377665e+00
3.692917378017781971e+00
3.647661046129574203e+00
3.602188915828627103e+00
3.555297437896303592e+00
3.505808583672667567e+00
3.457843494120556471e+00
3.406614927922248626e+00
3.353943114028329120e+00
3.303560983554508113e+00
3.250870475696228112e+00
3.188856524174273233e+00
3.130669475642687161e+00
3.055032087423199982e+00
2.980508874039397682e+00
2.916462197551886959e+00
2.842408358004494318e+00
2.764472950433003007e+00
2.688556674150191839e+00
2.608081154110617916e+00
2.532402608653082865e+00
2.466805557825555439e+00
2.399832069162922465e+00
2.335075552862253545e+00
2.286525266325305950e+00
2.238746418789926196e+00
2.196473941231204208e+00
2.154187390452836581e+00
2.132597577755717566e+00
2.113098520822514814e+00
2.101631389789940130e+00
2.084953971289319696e+00
2.078025317511855263e+00
2.074995217912977807e+00
2.071159466025406459e+00
2.064350463621380527e+00
2.044833914588121360e+00
2.027143396879651505e+00
1.997164670588521318e+00
1.959293692722141600e+00
1.930770495979132306e+00
1.890228364150956963e+00
1.855944373326956054e+00
1.818003464033171923e+00
1.736847923637732549e+00
1.706414606442976378e+00
1.652083000975199667e+00
1.621170283549513869e+00
1.602010948107913890e+00
1.582219834927510504e+00
1.566717795980633099e+00
1.552667476015372472e+00
1.548465977410625527e+00
1.512683585183449253e+00
1.513548988850406118e+00
1.489036775705105953e+00
1.467097013572210784e+00
1.435948131851834120e+00
1.406229393069587275e+00
1.370047907779657237e+00
1.337300201189748350e+00
1.339118183326050371e+00
1.325942621710886726e+00
1.328492398908576178e+00
1.335545261669196293e+00
1.338975593808491737e+00
1.340017475201115360e+00
1.339615021084448188e+00
1.358214668353738830e+00
1.370514133036820681e+00
1.390365112145708792e+00
1.419802454229568411e+00
1.517931263168257772e+00
1.675523909512946830e+00
1.831238196688467212e+00
1.991346921161909478e+00
2.166301289068993441e+00
2.339299759852682570e+00
2.512025269154360529e+00
2.689991273314678466e+00
2.868070610123378827e+00
3.043051129914712050e+00
3.224571633707466134e+00
3.399300073402709899e+00
3.575791896127793024e+00
3.746807077338264236e+00
3.937386768606472742e+00
4.109769557253382999e+00
4.282278275152762603e+00
4.450009150176246209e+00
4.617701707601106875e+00
4.788360456748034011e+00
4.963394922376899387e+00
5.123010760133006158e+00
5.285206431288493434e+00
5.445674376055890775e+00
5.609317643417316646e+00
5.776472513936159459e+00
5.937941225982729776e+00
6.087351279962234685e+00
