2.721664945928125334e+01
2.721664945928125334e+01
2.698933499902732080e+01
2.687033892105453248e+01
2.687033892105453248e+01
2.665590433322461905e+01
2.665590433322461905e+01
2.646392245361647966e+01
2.646392245361647966e+01
2.629899623412290310e+01
2.629899623412290310e+01
2.615964335187177880e+01
2.615964335187177880e+01
2.605804062570526014e+01
2.600430559867715274e+01
2.595335419727959447e+01
2.589796632031186618e+01
2.576193784721876057e+01
2.570366169611773088e+01
2.569427262245255861e+01
2.569272849302669925e+01
2.574196030383430056e+01
2.582124645441657762e+01
2.587138507058718773e+01
2.591181177682683412e+01
2.571832520116721099e+01
2.575836157692489792e+01
2.580974700934204336e+01
2.584095789988294811e+01
2.587567191037661374e+01
2.590938369935320651e+01
2.589306203308262155e+01
2.582566630751021464e+01
2.569885362398608919e+01
2.551544247355209905e+01
2.529403135669320335e+01
2.509205156591969654e+01
2.487415549434250295e+01
2.473158581907334863e+01
2.459348803301822173e+01
2.437465226090290571e+01
2.418321557524054199e+01
2.394671732653192109e+01
2.373306126664876103e+01
2.353401345392993704e+01
2.333789143527036458e+01
2.328951176136928325e+01
2.312213296883044578e+01
2.296230243024202622e+01
2.278186615272656113e+01
2.259096349620266153e+01
2.246563338758521411e+01
2.234974375414911663e+01
2.214418062850227287e+01
2.199771897076132277e+01
2.184949075448189504e+01
2.169252650983178654e+01
2.155326336146863042e+01
2.142800178358945118e+01
2.132374743126383265e+01
2.115901599508919517e+01
2.111490478934159398e+01
2.098897274471412544e+01
2.089171521293384259e+01
2.072835034622628569e+01
2.066002245920149605e+01
2.055416694037167957e+01
2.048384007950018315e+01
2.038540446363968783e+01
2.026034601766452070e+01
2.011600240796915884e+01
2.000759908939672371e+01
1.987767101105180956e+01
1.973442766228996703e+01
1.960474647625339628e+01
1.942195585968901383e+01
1.927657467583558315e+01
1.912347770483285103e+01
1.896687260791070528e+01
1.882531082967642178e+01
1.866357682497160653e+01
1.848283663046103698e+01
1.833099789512370847e+01
1.818663500598231053e+01
1.798767308548449506e+01
1.782854494615756380e+01
1.761089320728791563e+01
1.736202212141336076e+01
1.717367967837869713e+01
1.696991334309377919e+01
1.677337609626837533e+01
1.653492671804748326e+01
1.631196145469553471e+01
1.606836425373363753e+01
1.584608203004716032e+01
1.564354047178311902e+01
1.541133900091060660e+01
1.518210677708774092e+01
1.493646524008082999e+01
1.469302684708616269e+01
1.446091556193086269e+01
1.421666333332558452e+01
1.397153922367783352e+01
1.372163633827236850e+01
1.345496598460889537e+01
1.319589227565545109e+01
1.293704265872983505e+01
1.265732060985119745e+01
1.238498245608925252e+01
1.210987145844825541e+01
1.182217412259332612e+01
1.154221737698404660e+01
1.126385349735294206e+01
1.099124540999706134e+01
1.071527841287447202e+01
1.043568644956409308e+01
1.015822907493963712e+01
9.891057707657758158e+00
9.631300521572267570e+00
9.398237071296819067e+00
9.162741542738032763e+00
8.938713611283858995e+00
8.714989240120104341e+00
8.503232350806600337e+00
8.301502002883845321e+00
8.110572018537247629e+00
7.910923558881599149e+00
7.734754593677832801e+00
7.557060807291922089e+00
7.391573102223391700e+00
7.240979358862164261e+00
7.112656612120426658e+00
6.998176732390255950e+00
6.889183867473885670e+00
6.791427285375704059e+00
6.681436181676801311e+00
6.584960263843409933e+00
6.494440998734859249e+00
6.403811053363064332e+00
6.326543291982360984e+00
6.240904008084942944e+00
6.171747202780711206e+00
6.112970682954543378e+00
6.061707212900508068e+00
5.996607051736859262e+00
5.938563752478263069e+00
5.905380739867229778e+00
5.880830212933165768e+00
5.832543245077872029e+00
5.801634087398543471e+00
5.797270747845846728e+00
5.769259503992802962e+00
5.747982583411157975e+00
5.721765549119002259e+00
5.710652995156983991e+00
5.713783196565653810e+00
5.705378023000438503e+00
5.693376553218904235e+00
5.697611071158505069e+00
5.655754904726336463e+00
5.626020083792965920e+00
5.585293135351502514e+00
5.554536061600050090e+00
5.539017410773439565e+00
5.480648368258261627e+00
5.434373626768476129e+00
5.383787267103905094e+00
5.325171656295829337e+00
5.261528064287873008e+00
5.193792453463398573e+00
5.142663484425501252e+00
5.086265113807662885e+00
5.035797120808116034e+00
4.993093015326476092e+00
4.954232607502781605e+00
4.924655266163863843e+00
4.899345152956378513e+00
4.877716698460520917e+00
4.862893402499967266e+00
4.851353576236206777e+00
4.847815727896218618e+00
4.840486707327126936e+00
4.831280393749274538e+00
4.823504147361656891e+00
4.813837869174374617e+00
4.801762749330809044e+00
4.787029711716346725e+00
4.768712656122627180e+00
4.750492659708303478e+00
4.734531041502464177e+00
4.708424332768860410e+00
4.686457563848762220e+00
4.661908443288059090e+00
4.635953988827964167e+00
4.608571630602916969e+00
4.580390926992361500e+00
4.550099063914288422e+00
4.519136542406283041e+00
4.485399755321637372e+00
4.450608985719682664e+00
4.417879086305617875e+00
4.377989757728734332e+00
4.340385713902314535e+00
4.302112219424465422e+00
4.264675895844973752e+00
4.225185395284615453e+00
4.185590616888006821e+00
4.145888644970394665e+00
4.107245992662953427e+00
4.067068804181285913e+00
4.025484005310175917e+00
3.986201482525324025e+00
3.946774282119282162e+00
3.907069660247419307e+00
3.865146878682512721e+00
3.824610761735122821e+00
3.781722041680232849e+00
3.740080534479929497e+00
3.696541523406256857e+00
3.653140380762437189e+00
3.610087300770693730e+00
3.566494585367749437e+00
3.510746625183930547e+00
3.461231056497464209e+00
3.416489289538120033e+00
3.369879887530533580e+00
3.313716378621240466e+00
3.255203210301662153e+00
3.197489088786930722e+00
3.137463455840237003e+00
3.079998409694375994e+00
3.021270499051841085e+00
2.948621007607165723e+00
2.878292842061934920e+00
2.812367781146072332e+00
2.731752354889575685e+00
2.655076455872414698e+00
2.565027507090565706e+00
2.486303447587712157e+00
2.417268236312445140e+00
2.345605331396715343e+00
2.286956276720783166e+00
2.233214944129013446e+00
2.190130920584721252e+00
2.148191380562323616e+00
2.116897965331538956e+00
2.076242478512980938e+00
2.046966290760103391e+00
2.024903469102429909e+00
2.015135816693025106e+00
2.010250350532793107e+00
2.028535169712824882e+00
2.025428818276918008e+00
2.011084540796531428e+00
1.999139229008250140e+00
1.980700357074596241e+00
1.946150227444302772e+00
1.920051144743613492e+00
1.850664725854393566e+00
1.821280793231423445e+00
1.778858248547340537e+00
1.746768669897868165e+00
1.709436894011556518e+00
1.663611232855654265e+00
1.618123304876629476e+00
1.571796247346959774e+00
1.536619032385992512e+00
1.510408699629305573e+00
1.501346191940598374e+00
1.464215324237343907e+00
1.451588980410871699e+00
1.451558936025886482e+00
1.437433525342228791e+00
1.417538735685972995e+00
1.404074299169895568e+00
1.363629644033402144e+00
1.328058644476289629e+00
1.294433494135699192e+00
1.275050290797715036e+00
1.251685011721978213e+00
1.238031584852574696e+00
1.233642511019056087e+00
1.231119422763725879e+00
1.240161981046085771e+00
1.259570220392404849e+00
1.263873170486757402e+00
1.266809055365552439e+00
1.275382708875117288e+00
1.297371954419102025e+00
1.342032283483558075e+00
1.457662342586139914e+00
1.614054913300186911e+00
1.785295200240895497e+00
1.957082693754507829e+00
2.135741785017799543e+00
2.319533978746598279e+00
2.491572508894151383e+00
2.667203762051556737e+00
2.845578011874451363e+00
3.027638815823735285e+00
3.219548390564863638e+00
3.396443793072219108e+00
3.584037097481999723e+00
3.779048945306374918e+00
3.957660230975506011e+00
4.137114128971695948e+00
4.317364428142521859e+00
4.491899133381917153e+00
4.667809477367260484e+00
4.842668709910867619e+00
5.028203744592030233e+00
5.200998693957195940e+00
5.366092915647602268e+00
5.534031432382928273e+00
5.700360721914286444e+00
5.874037218460571808e+00
6.043622830339536733e+00
6.199320610913229501e+00
