1.001635773880708946e+01
1.001635773880708946e+01
9.564736813542165095e+00
9.564736813542165095e+00
9.157300012491687013e+00
9.157300012491687013e+00
8.751468793725754480e+00
8.751468793725754480e+00
8.300900122856534225e+00
8.300900122856534225e+00
7.980704925991016552e+00
7.980704925991016552e+00
7.637629450944658949e+00
7.637629450944658949e+00
7.344277857414089894e+00
7.151304872023100501e+00
6.961813037109964242e+00
6.772569015485847999e+00
6.419920979077475387e+00
6.185422910584813749e+00
5.973405924685170731e+00
5.714076468314461366e+00
5.423867862015280039e+00
5.117244376414115337e+00
4.844150774923047464e+00
4.549021825892309856e+00
4.245732324006275427e+00
4.135336688985953302e+00
3.848640583316052854e+00
3.569757223533350121e+00
3.261247653991224738e+00
2.968536884570497136e+00
2.693606336352398323e+00
2.460584233438327217e+00
2.307945317627373427e+00
2.135951283970383585e+00
2.047191549941516087e+00
1.883203904302912512e+00
1.702992297561080726e+00
1.531062760354184427e+00
1.342305945478790008e+00
1.144011522503877387e+00
9.794282184998328589e-01
7.953572104875545890e-01
7.102713409069520978e-01
5.395675833539286259e-01
3.727841979922787985e-01
2.359009717535487383e-01
6.896403524719207923e-02
-4.866899645015276832e-02
-2.009291552500318545e-01
-1.290603824400182731e-01
-2.398568004463097481e-01
-3.437231044556474657e-01
-4.451848941821738848e-01
-5.500276127166943141e-01
-6.277552665887657923e-01
-7.060069268354309813e-01
-7.182536855185794877e-01
-7.802146485307375201e-01
-9.508820073278281271e-01
-1.002457555173754677e+00
-1.098479408141289859e+00
-1.190844982701450228e+00
-1.255885127483313823e+00
-1.332623247545716261e+00
-1.418062542576262963e+00
-1.516048570075404278e+00
-1.548893079734746436e+00
-1.631582486512122898e+00
-1.724308720514371451e+00
-1.810683669401399243e+00
-1.897523737732113247e+00
-1.987040542039347102e+00
-2.056420354109308235e+00
-2.148367130708056294e+00
-2.245531349199051618e+00
-2.340535967162827191e+00
-2.439635798976412140e+00
-2.513409820234801195e+00
-2.615720908527250366e+00
-2.726677459890668231e+00
-2.823718263482542845e+00
-2.927107466666225122e+00
-3.033535273271408705e+00
-3.113283748242781535e+00
-3.161495380423138712e+00
-3.245533005668455040e+00
-3.307097300551673058e+00
-3.392466996879705654e+00
-3.472613016906209715e+00
-3.538169034685527237e+00
-3.608066382186858156e+00
-3.676854410262473394e+00
-3.742763734079479931e+00
-3.800287656718703388e+00
-3.868423668667675841e+00
-3.929876504595561038e+00
-3.994296052799799490e+00
-4.056064097926246781e+00
-4.121891006635478583e+00
-4.179111186827825009e+00
-4.227297408051271077e+00
-4.284990232325150750e+00
-4.339696612368771689e+00
-4.395289027939446314e+00
-4.426445145373238077e+00
-4.461589175013409125e+00
-4.493142811694473160e+00
-4.494434757356295052e+00
-4.488598190570345814e+00
-4.467212526801816352e+00
-4.414671114024425691e+00
-4.328749160984747490e+00
-4.254372239738708039e+00
-4.221210960754577357e+00
-4.168277143982348498e+00
-4.099248050038672986e+00
-4.020544860147301058e+00
-3.943477973499383005e+00
-3.869302761607446683e+00
-3.790811462448749225e+00
-3.714799275326948091e+00
-3.641500843101042939e+00
-3.563797570124473957e+00
-3.490025946053725292e+00
-3.416846295430054248e+00
-3.338217866482469098e+00
-3.270437665390188542e+00
-3.201403205235127558e+00
-3.128190579035600827e+00
-3.046197127572183305e+00
-2.972267903250632060e+00
-2.894199621299876846e+00
-2.797257957922793636e+00
-2.710776417062398025e+00
-2.649064130521593619e+00
-2.607956657914229481e+00
-2.536628318625070655e+00
-2.480856368802482059e+00
-2.432087573636374067e+00
-2.381210488322720309e+00
-2.316663142856161706e+00
-2.292460937091098216e+00
-2.246055074631257753e+00
-2.205469573307686559e+00
-2.192790707381975679e+00
-2.188845364887648692e+00
-2.152768191850256585e+00
-2.144308206858481114e+00
-2.121023655515086759e+00
-2.139644163102017771e+00
-2.122722506425803068e+00
-2.139022052155345577e+00
-2.128975778217761849e+00
-2.135820281297671208e+00
-2.130293411074188015e+00
-2.123920070512843594e+00
-2.114157562803585577e+00
-2.111450968695796959e+00
-2.090079103366826452e+00
-2.070593809279467123e+00
-2.059047790451063342e+00
-2.043639229111463784e+00
-2.030541684623409004e+00
-2.003907118433257750e+00
-1.970271301526246965e+00
-1.942941307284814734e+00
-1.915465538876601315e+00
-1.888402857469769991e+00
-1.857392852021006568e+00
-1.831628729577107428e+00
-1.796488460319244140e+00
-1.766418039930250039e+00
-1.741195271468788164e+00
-1.719115898414379728e+00
-1.702955615053243221e+00
-1.697065362633803254e+00
-1.686822986943433023e+00
-1.680571221452485275e+00
-1.676485770555397714e+00
-1.670539902359664097e+00
-1.667430950411382007e+00
-1.660216361236024341e+00
-1.650541197742391830e+00
-1.642207737849920690e+00
-1.630117370612004457e+00
-1.616548894850996732e+00
-1.599089928793048010e+00
-1.584165915518847001e+00
-1.567169440124427382e+00
-1.550890987862290515e+00
-1.529963228056431035e+00
-1.504371870593213423e+00
-1.478980602164668312e+00
-1.452221221936472517e+00
-1.422115311909040614e+00
-1.389512208793177273e+00
-1.354682405635093900e+00
-1.315268988009271389e+00
-1.276486281503888875e+00
-1.236880440315815122e+00
-1.191856595517219120e+00
-1.146584013036862082e+00
-1.098012580522873094e+00
-1.046725472737938034e+00
-9.916384563543934050e-01
-9.346515984356962292e-01
-8.750362225329384458e-01
-8.127284298950128161e-01
-7.477475957170822696e-01
-6.867900723129913843e-01
-6.182935017269599598e-01
-5.472254543002259553e-01
-4.733090517539126907e-01
-3.969324133335732085e-01
-3.163200128939309685e-01
-2.371625365453331469e-01
-1.571798112490969679e-01
-7.031300576023724602e-02
2.193917994214489298e-02
1.068932996612406150e-01
1.971831393580778524e-01
2.654576737045140078e-01
3.596538077067141792e-01
4.586403130852225729e-01
5.629636175963455003e-01
6.609783882421433887e-01
7.591224999476038349e-01
8.659513391274562544e-01
9.640753816339104887e-01
1.079102653420497937e+00
1.186336792502837412e+00
1.283481426498226163e+00
1.381296549503630899e+00
1.486293019823304196e+00
1.599445869155295075e+00
1.695365882179984407e+00
1.792091854972690523e+00
1.880943244914172308e+00
1.969928572592199334e+00
2.039451052771799056e+00
2.102475415796051017e+00
2.160451457502484907e+00
2.209447529086193462e+00
2.254559783575345921e+00
2.286465729098323685e+00
2.307433664595667899e+00
2.334816902286541929e+00
2.342987643947816778e+00
2.354419198996303031e+00
2.355482312288291524e+00
2.361533797750511532e+00
2.376741013424396698e+00
2.406669573809760543e+00
2.443310019213501327e+00
2.468378312114960949e+00
2.491078025792390349e+00
2.513197167981966906e+00
2.569077957393062661e+00
2.625230885985709861e+00
2.671707446417365350e+00
2.814804747541665098e+00
2.892790219102718385e+00
3.000703064306226686e+00
3.103926298756059854e+00
3.228797329294805341e+00
3.361523698114260661e+00
3.489285974486056041e+00
3.642032446943037627e+00
3.776672111872473092e+00
3.949137132942058148e+00
4.137255861251286859e+00
4.297498445663173072e+00
4.461544851705267156e+00
4.665631684006501523e+00
4.859715606666537013e+00
5.053471476698901732e+00
5.256072049768096832e+00
5.460911367003122407e+00
5.671595402134098407e+00
5.899356838514466794e+00
6.134804735538233800e+00
6.375064341118797273e+00
6.609850447512760852e+00
6.862873466095260611e+00
7.124411783513457053e+00
7.389165445475836869e+00
7.665434825457157153e+00
7.941225781791861671e+00
8.200707067732386335e+00
8.444222133876971625e+00
8.669347423529297103e+00
8.880348668027895798e+00
9.096420505992613315e+00
9.292626853861596814e+00
9.494441982828821125e+00
9.708286985516389578e+00
9.911860348779431007e+00
1.011136081807890186e+01
1.032873558460757835e+01
1.053549740162202397e+01
1.073970209573610290e+01
1.094245480090320299e+01
1.115166122882596156e+01
1.135288731128276218e+01
1.154420594777186082e+01
1.173304117897651544e+01
1.192971302233582875e+01
1.211666695674177063e+01
1.230218541104768981e+01
1.248724202035886321e+01
1.266704287826288144e+01
1.285131977920402591e+01
1.303744299300903009e+01
1.321307024914536399e+01
1.338839993586720922e+01
1.355083109989130818e+01
