1.042623663137731249e+01
1.042623663137731249e+01
9.994334504967872235e+00
9.994334504967872235e+00
9.572699643847345286e+00
9.572699643847345286e+00
9.164053668223676397e+00
9.164053668223676397e+00
8.769200262421540160e+00
8.769200262421540160e+00
8.388492503640209819e+00
8.388492503640209819e+00
8.049590290875240584e+00
8.049590290875240584e+00
7.721768499493609106e+00
7.543659171282951270e+00
7.340389904789109465e+00
7.131006923127017672e+00
6.905659637122123939e+00
6.742767831797133127e+00
6.471618774742880831e+00
6.157570576465925427e+00
5.896807808806917350e+00
5.600581146717769521e+00
5.311967085316444681e+00
5.097941765663279945e+00
4.861335031634347104e+00
4.603035466723246927e+00
4.365960848497222990e+00
4.071388772106618426e+00
3.755964062116716740e+00
3.465952089413153914e+00
3.195561515961835575e+00
2.927700961652346834e+00
2.744808640361116048e+00
2.563703354750398233e+00
2.366703818775673263e+00
2.166685752834764500e+00
1.990640284932071680e+00
1.782883917283613506e+00
1.584347726714710802e+00
1.335171606127433463e+00
1.159013484580728282e+00
9.922814461355322635e-01
8.025318050928715863e-01
6.194931587488703428e-01
4.510224506222151319e-01
2.993198493735969024e-01
1.444940078767871228e-01
-2.093539000391508864e-02
-1.280237853983647867e-01
-2.189962785916739207e-01
-3.658890030014267936e-01
-4.759764306466252037e-01
-5.693807877657564021e-01
-6.635798959354310966e-01
-7.534744990245494378e-01
-8.239911461303970341e-01
-8.424418076966322388e-01
-8.587709798925891036e-01
-8.873783447947003467e-01
-1.264310270073396580e+00
-1.275213444067162527e+00
-1.265891871780636002e+00
-1.281379757989444812e+00
-1.491324325217170177e+00
-1.606087341045073558e+00
-1.745646581082137772e+00
-1.844760957124488066e+00
-1.870085934906850156e+00
-1.966572775264091355e+00
-2.064135951577494410e+00
-2.157932039620047426e+00
-2.246846507399864912e+00
-2.349901985385128178e+00
-2.391443499861963140e+00
-2.491300534051041460e+00
-2.586918865226694564e+00
-2.682200496445456217e+00
-2.781944824033651287e+00
-2.880911380405541955e+00
-2.985085454483996870e+00
-3.092337768200289716e+00
-3.193289770132608396e+00
-3.295940935910174119e+00
-3.397451019491097846e+00
-3.459976030731976238e+00
-3.540084144421266288e+00
-3.614035348178483709e+00
-3.698721617354008728e+00
-3.789773336228162037e+00
-3.861182856157201471e+00
-3.903970469438534430e+00
-3.966093761017811303e+00
-4.029288998060630789e+00
-4.078053727809911599e+00
-4.144886284446154256e+00
-4.195566833979379240e+00
-4.264558276317136354e+00
-4.320074911661578199e+00
-4.376624208746119571e+00
-4.434234935485897644e+00
-4.484539513081926110e+00
-4.539217927991739288e+00
-4.590462532779838511e+00
-4.627065518196467053e+00
-4.664923629901746693e+00
-4.690161871055791742e+00
-4.703846145000318835e+00
-4.708989085439951872e+00
-4.697916821478759886e+00
-4.664494960116442712e+00
-4.608740238644291942e+00
-4.526951597393002125e+00
-4.440768001422870981e+00
-4.405892806494838609e+00
-4.350328466273226447e+00
-4.267195866771514190e+00
-4.188228281309267054e+00
-4.107900777965711292e+00
-4.012411609803160140e+00
-3.933828631922509977e+00
-3.849738948446315590e+00
-3.776537638372871264e+00
-3.690083287567187398e+00
-3.610071949821984205e+00
-3.531009771950939680e+00
-3.458074474618953786e+00
-3.382935353665625478e+00
-3.310583641195717242e+00
-3.229973848205108133e+00
-3.142729734872945713e+00
-3.071679007548585361e+00
-3.003081338303593917e+00
-2.915403832509976034e+00
-2.827766856534821294e+00
-2.770570764400980046e+00
-2.715518763039559857e+00
-2.647668235607930853e+00
-2.606370421881390342e+00
-2.554699208793296705e+00
-2.508515206048409496e+00
-2.464958952954016347e+00
-2.428571532475656269e+00
-2.405034694385784988e+00
-2.376394152029666529e+00
-2.355516350566214889e+00
-2.326344174136069753e+00
-2.314409766786281075e+00
-2.263493156310238064e+00
-2.243966690214171500e+00
-2.258264808390993750e+00
-2.263655523617034149e+00
-2.239766216474094129e+00
-2.243239087393200215e+00
-2.252081479520051666e+00
-2.295501483296987999e+00
-2.266930233255167515e+00
-2.275729250159156614e+00
-2.190008279402254843e+00
-2.186691947523273782e+00
-2.181576246468282854e+00
-2.171971021932916024e+00
-2.162343296189267683e+00
-2.141912777541620905e+00
-2.110530481134383685e+00
-2.066787048055990894e+00
-2.036954401076756405e+00
-1.995784817609020045e+00
-1.967225413803559420e+00
-1.936872211383294129e+00
-1.919454021292716028e+00
-1.888299097120755832e+00
-1.866433284292225991e+00
-1.831951759940446678e+00
-1.809773764783722427e+00
-1.794899759260021099e+00
-1.779818811989867910e+00
-1.770601345561987117e+00
-1.763256599422050819e+00
-1.758738356495299193e+00
-1.750915818939733803e+00
-1.746138585102563923e+00
-1.742242809547699167e+00
-1.735848771354099540e+00
-1.726254532386401586e+00
-1.712968550885665131e+00
-1.699902378766902977e+00
-1.685031423694557162e+00
-1.669921510994524461e+00
-1.652030705284438739e+00
-1.632195551607667383e+00
-1.608984854425657751e+00
-1.584347526732976519e+00
-1.559114130929785347e+00
-1.530889360255637044e+00
-1.501518837609919110e+00
-1.467270179736934743e+00
-1.432952477036167238e+00
-1.393551622059161943e+00
-1.355356537058129085e+00
-1.313530858594065265e+00
-1.269528290837060425e+00
-1.223268739427827434e+00
-1.173109930846314874e+00
-1.120880297591293484e+00
-1.063150623249296878e+00
-1.007247428450943616e+00
-9.476653769129264049e-01
-8.885810253434494044e-01
-8.249001302758340870e-01
-7.552231108531799464e-01
-6.859751970222305317e-01
-6.170103901673318347e-01
-5.440037642315420641e-01
-4.713979099562335406e-01
-3.947204709462051042e-01
-3.138913740079667392e-01
-2.323606499508912293e-01
-1.456027955508192306e-01
-6.242594215054797502e-02
2.907728226248984527e-02
1.170046219596754256e-01
2.110010407695810386e-01
3.035631170770769494e-01
4.023598971050423856e-01
5.049950992515737092e-01
6.075287011185586117e-01
7.073729621709641258e-01
8.123314395284539913e-01
9.223565873657642022e-01
1.028864532023161527e+00
1.138020694174727510e+00
1.241673065179721647e+00
1.347851183263075292e+00
1.460634020647230802e+00
1.563497509658965168e+00
1.676297120268561258e+00
1.777577628826302547e+00
1.868222343387586193e+00
1.960408420118595174e+00
2.045189247520825315e+00
2.117524351790738280e+00
2.171499308222665015e+00
2.217960683376859699e+00
2.259343529572373832e+00
2.299735517436699794e+00
2.339328019293434924e+00
2.378538093223045102e+00
2.397654735490492683e+00
2.405025956900518569e+00
2.427685927527567511e+00
2.435134224171189299e+00
2.449707284527342654e+00
2.475042225891752601e+00
2.499381360381959016e+00
2.517527221392639181e+00
2.553235890108216832e+00
2.594648148772575436e+00
2.657075935366455699e+00
2.714721908465957956e+00
2.798639483302009623e+00
2.875314722747935203e+00
2.977780659531247043e+00
3.052025326432003638e+00
3.157549647473391730e+00
3.302197263731011745e+00
3.472042027531555775e+00
3.589281383671059089e+00
3.714118693881490518e+00
3.847998329584884303e+00
4.020291902865182898e+00
4.205205073845875496e+00
4.377019926582574882e+00
4.549801220305821126e+00
4.747378580669422199e+00
4.931237913123636574e+00
5.130709580901997136e+00
5.338419444028007277e+00
5.542488279000842510e+00
5.789789985719550280e+00
6.008347457642893019e+00
6.246052459975408588e+00
6.487122432426601470e+00
6.740563138799291920e+00
7.002832992767632270e+00
7.262932197135636869e+00
7.531626719979520601e+00
7.831984243324222383e+00
8.079873096301788848e+00
8.355369999637112244e+00
8.603143773009129802e+00
8.828838291625416446e+00
9.050513165003417626e+00
9.257791138053862667e+00
9.438088872369316817e+00
9.643051278713389962e+00
9.850670686190198921e+00
1.005427939035291018e+01
1.026317864768542165e+01
1.047628108262532365e+01
1.067519275689801006e+01
1.086202283533308233e+01
1.106610420471667489e+01
1.126332070193547175e+01
1.145287579535302491e+01
1.164409060345511548e+01
1.183731084461242844e+01
1.203828358522229536e+01
1.222502298424236855e+01
1.241243085656504697e+01
1.259301350099092787e+01
1.277847424151293865e+01
1.296549555440868495e+01
1.315469067516054835e+01
1.333313226267575757e+01
1.351079732511189135e+01
1.367039543092688092e+01
