9.459562478122640172e+00
9.459562478122640172e+00
9.066446665102326108e+00
9.066446665102326108e+00
8.707993604582156877e+00
8.707993604582156877e+00
8.369707375491209689e+00
8.369707375491209689e+00
8.054295862275573370e+00
8.054295862275573370e+00
7.746474730023063415e+00
7.746474730023063415e+00
7.443477002819827604e+00
7.443477002819827604e+00
7.162962409417618304e+00
7.011156344898592963e+00
6.783992391433980806e+00
6.609873311373926086e+00
6.485628883943945766e+00
6.256410324282214219e+00
6.042343449287321810e+00
5.763019645005310387e+00
5.518935091268347470e+00
5.260138158202280145e+00
4.957625359224234529e+00
4.698245850671186830e+00
4.453428729952184639e+00
4.297965963804271539e+00
4.038865991136470157e+00
3.772991005021918198e+00
3.457240255756063085e+00
3.191506170830365363e+00
2.941536980846791494e+00
2.720710627758619715e+00
2.547389905541789012e+00
2.364313610729644743e+00
2.311237302162385987e+00
2.156764417684551738e+00
1.990600046566786574e+00
1.777325084071184058e+00
1.604185251995626338e+00
1.374572403192544812e+00
1.217829552966599671e+00
1.033796105518405284e+00
8.565991162018242733e-01
6.689001170009394315e-01
5.180931932097845305e-01
3.577319068510433908e-01
2.272016696100012112e-01
9.460394864931753744e-02
-4.156443505635376567e-02
-1.699411178767018527e-01
-2.757043418757669784e-01
-3.988920897202206106e-01
-5.012577857447437779e-01
-6.028366589456286562e-01
-6.720100951131957601e-01
-7.414898950418660206e-01
-7.711420015233061420e-01
-8.035280711190670999e-01
-8.200119517926678370e-01
-8.430684196545961129e-01
-8.724966690165461003e-01
-7.884973146896765428e-01
-8.484715245692164842e-01
-9.303161601188278951e-01
-1.119055041313123056e+00
-1.509157405129061935e+00
-1.609233767175792806e+00
-1.684043316062924234e+00
-1.774929931290012419e+00
-1.888678865618635960e+00
-1.963548166880503487e+00
-2.058599816988133213e+00
-2.140716750234804344e+00
-2.241653350690929969e+00
-2.341412892235737786e+00
-2.444478826092296941e+00
-2.516229130872945419e+00
-2.617077162873828300e+00
-2.726375594646555101e+00
-2.805374016234609691e+00
-2.908270170947469424e+00
-2.978260895451299461e+00
-3.071953274970955938e+00
-3.176412024058285155e+00
-3.272877135003484206e+00
-3.340918366586992150e+00
-3.410827335713930708e+00
-3.476348831101677916e+00
-3.555688170653040103e+00
-3.649255750670791443e+00
-3.714381850853442302e+00
-3.782349032710722092e+00
-3.857446252450388968e+00
-3.919589447396798043e+00
-3.988667547524198831e+00
-4.049340080654956431e+00
-4.110736075482109619e+00
-4.163426418385141048e+00
-4.223895505492477831e+00
-4.286633168752546297e+00
-4.341290400048847253e+00
-4.400015941606574721e+00
-4.454396951985709840e+00
-4.509771333820403960e+00
-4.549906039078105202e+00
-4.589325838817127412e+00
-4.611734944237621647e+00
-4.627030908604638171e+00
-4.611506546069904289e+00
-4.588981970433000157e+00
-4.531504380015737965e+00
-4.441644042244668356e+00
-4.363750524302275835e+00
-4.330529214273368233e+00
-4.274686716857719837e+00
-4.204195250532821504e+00
-4.129041406100554923e+00
-4.048561886355737549e+00
-3.966209525256173762e+00
-3.888015878689866867e+00
-3.813481536344604628e+00
-3.737821263267433913e+00
-3.657934418764520856e+00
-3.584460343858111742e+00
-3.506038579949847467e+00
-3.436004365249759829e+00
-3.354861840161128761e+00
-3.289771436238429381e+00
-3.212568518261615047e+00
-3.133584505152590793e+00
-3.050114852326616166e+00
-2.969814265125564567e+00
-2.887643414701220657e+00
-2.813745769919284712e+00
-2.752362300028946329e+00
-2.684911007300764041e+00
-2.637874189101547806e+00
-2.563598708873734644e+00
-2.493512068252761615e+00
-2.434512799609600542e+00
-2.375769813209116954e+00
-2.365459759569798592e+00
-2.350098359715698138e+00
-2.325384319458899895e+00
-2.302793823852772981e+00
-2.291223470930587425e+00
-2.278691618837158650e+00
-2.274641616558380264e+00
-2.263207726494388616e+00
-2.256814093176787495e+00
-2.238878058930207970e+00
-2.230621872613452794e+00
-2.230576493339389899e+00
-2.234570521293250955e+00
-2.222820518796004841e+00
-2.227686662143545604e+00
-2.210488141090229064e+00
-2.195945836878584245e+00
-2.185043336157795224e+00
-2.181641551134025470e+00
-2.159883650415912903e+00
-2.128522425812811036e+00
-2.101138797719868556e+00
-2.076397123936135181e+00
-2.044131911684029745e+00
-2.025794233531899913e+00
-1.983198966147588393e+00
-1.952000399629193694e+00
-1.922315244154735758e+00
-1.897659163137503491e+00
-1.868614425584683936e+00
-1.840567655421862625e+00
-1.814356147871882818e+00
-1.793705024459337771e+00
-1.784764956371525990e+00
-1.771146020482174954e+00
-1.760148066083981888e+00
-1.753804255551840718e+00
-1.750359976093672998e+00
-1.748009572648841825e+00
-1.740838241623083427e+00
-1.733026282415005781e+00
-1.726938759608370511e+00
-1.719364520772282745e+00
-1.707013347148648386e+00
-1.694999244037560970e+00
-1.680776875831618611e+00
-1.663414027758982172e+00
-1.645194454321512900e+00
-1.625598461804249162e+00
-1.603464155755610854e+00
-1.579687192859415390e+00
-1.552987895668332285e+00
-1.523860794309905842e+00
-1.493661946937988816e+00
-1.461337966303753788e+00
-1.425573461210586146e+00
-1.387072889871982184e+00
-1.349148113468045196e+00
-1.308316849652695346e+00
-1.264014632793782233e+00
-1.218190395773247836e+00
-1.169304914376176008e+00
-1.117622282359473473e+00
-1.063261631616437164e+00
-1.006546243004384777e+00
-9.474800194299035638e-01
-8.870731183455617952e-01
-8.220037173799381591e-01
-7.571918392246708152e-01
-6.888508408667339822e-01
-6.177485917382457004e-01
-5.455601576043926926e-01
-4.708428154318218262e-01
-3.949531014137135365e-01
-3.150236457686879099e-01
-2.274089452105441111e-01
-1.391301599694476643e-01
-4.750776692883906804e-02
4.745042352761918991e-02
1.362390633825616426e-01
2.251682726311918792e-01
3.193857134614810356e-01
4.179457408335482960e-01
5.237706032172142478e-01
6.271453403888962441e-01
7.283253665081330652e-01
8.306970738609464888e-01
9.366776159000438362e-01
1.041753817041210173e+00
1.150940469866234217e+00
1.254596486129260668e+00
1.366823886763171902e+00
1.479528191705699047e+00
1.574872482816259023e+00
1.678978022893761413e+00
1.774372385188326184e+00
1.879035891711365203e+00
1.964506394183794358e+00
2.043982355095528725e+00
2.112626490878068530e+00
2.168645950198010652e+00
2.215127460113696323e+00
2.239890457424920100e+00
2.288436770118895680e+00
2.329611384643612393e+00
2.354956982534358367e+00
2.383900497979265509e+00
2.390912326304026614e+00
2.389300250046248131e+00
2.400672432125612765e+00
2.419440179609131825e+00
2.437459791747910387e+00
2.486795886253211130e+00
2.537399812311664782e+00
2.581036302457799358e+00
2.606559525947129696e+00
2.651641818542679552e+00
2.683131521790852236e+00
2.743845884119036960e+00
2.827189444439318855e+00
2.937550379266991474e+00
3.038624230331357978e+00
3.158092154693232345e+00
3.281170534359366897e+00
3.455676482452522347e+00
3.562815624492797539e+00
3.741343122555151446e+00
3.909803179189678790e+00
4.073921546239530400e+00
4.257909944191308860e+00
4.432008659746957235e+00
4.610208648303283141e+00
4.789632645713629344e+00
4.988036215484752844e+00
5.183945077846889404e+00
5.385957948342091406e+00
5.592013163579824031e+00
5.809045690473512380e+00
6.051486653226085366e+00
6.303128039703704388e+00
6.551764106615160621e+00
6.789919536599220429e+00
7.040658601881604639e+00
7.307375757768338254e+00
7.591252147958851282e+00
7.863803363881368469e+00
8.127742899150979028e+00
8.405412714408356578e+00
8.656160568472445860e+00
8.886884684310755844e+00
9.112463132728539250e+00
9.344307871552292255e+00
9.560822628924078970e+00
9.763236670919805960e+00
9.974957951401691503e+00
1.018657184542684035e+01
1.040043340544218609e+01
1.062240859682367855e+01
1.082748227649631367e+01
1.103277457515912729e+01
1.123461974211891601e+01
1.143418781754819236e+01
1.163958931068450298e+01
1.183210657670037236e+01
1.202517858687174623e+01
1.222701999924761651e+01
1.242131667101497072e+01
1.261367131856816215e+01
1.279924307645874215e+01
1.298505860802347911e+01
1.316871801752694360e+01
1.335802113092957555e+01
1.354182070714150044e+01
1.372185794780358492e+01
1.388565410851360227e+01
