8.772178290288540126e+00
8.772178290288540126e+00
8.450831911606060842e+00
8.268952162206929302e+00
8.268952162206929302e+00
7.936337511785911403e+00
7.936337511785911403e+00
7.620048350651933866e+00
7.620048350651933866e+00
7.308605796497490203e+00
7.308605796497490203e+00
7.030562022981226455e+00
7.030562022981226455e+00
6.748811417144468194e+00
6.642877548869959625e+00
6.486625175628233819e+00
6.335825075136302331e+00
6.276367225859416976e+00
6.106305684744860685e+00
5.925031295364968642e+00
5.709678654282035026e+00
5.485398872114297220e+00
5.231768911215302964e+00
5.008435717665831177e+00
4.796126205335577097e+00
4.750795297918781301e+00
4.533087521684664445e+00
4.297535553203799097e+00
4.051634249040782620e+00
3.793508555910770852e+00
3.505686117135809354e+00
3.209967552879618324e+00
3.176633302580604834e+00
2.955073445770559637e+00
2.784539197609719352e+00
2.606535203088317765e+00
2.461784641403082396e+00
2.317298897140932290e+00
2.122166884769244533e+00
2.040362477870214519e+00
1.889389736167355061e+00
1.725859766547997332e+00
1.545370940435869755e+00
1.357682565367274385e+00
1.171314304859650157e+00
9.989413025636499910e-01
7.924206315206552276e-01
6.393168539983253851e-01
4.883213943090360942e-01
3.455270151968905523e-01
2.206925504158911977e-01
1.129593607497483276e-01
7.649332392912988610e-03
-1.144945576525806530e-01
-2.087039061428361819e-01
-2.892891865325966094e-01
-3.849199141433583549e-01
-4.571568531527372414e-01
-5.196644857525205552e-01
-5.855255493522468768e-01
-6.633935210775572244e-01
-8.457989600460509294e-01
-9.149677033410492655e-01
-9.925232406515931416e-01
-1.098848061505352192e+00
-1.230717432085226548e+00
-1.242951572476465039e+00
-1.298854552590519518e+00
-1.362685102853287589e+00
-1.444628788107557682e+00
-1.594419123724993170e+00
-1.681730147646127271e+00
-1.775645735485459120e+00
-1.872909515914068734e+00
-1.973276870800343197e+00
-2.078045389213983185e+00
-2.182699279796781688e+00
-2.291980464762998437e+00
-2.395537133014274289e+00
-2.532824149812043402e+00
-2.640484848754060643e+00
-2.745120517417512396e+00
-2.851167725777504991e+00
-2.964333510976644881e+00
-3.062005286757345957e+00
-3.157219988175489434e+00
-3.232148931098188349e+00
-3.300757593305861270e+00
-3.375339172639747254e+00
-3.454811313730883349e+00
-3.548513467070637084e+00
-3.606396159343968399e+00
-3.672723809876307755e+00
-3.745649138820594359e+00
-3.822541597304962124e+00
-3.885507835160530554e+00
-3.951313822723411029e+00
-4.014581068578903178e+00
-4.086703813751745962e+00
-4.148434688750027632e+00
-4.212970499390739754e+00
-4.275635061217771593e+00
-4.337465476318150159e+00
-4.400770467615712889e+00
-4.457324916082643362e+00
-4.507300899306367903e+00
-4.555949876606741888e+00
-4.599439789451635896e+00
-4.628928349281037136e+00
-4.639870956300476301e+00
-4.631876165365639508e+00
-4.604938795634212489e+00
-4.558071410594863870e+00
-4.480006904231856879e+00
-4.398557166199492663e+00
-4.369027771212961042e+00
-4.315279184897636178e+00
-4.245992332512643408e+00
-4.168066998490356667e+00
-4.077911752940595491e+00
-3.998476466526725837e+00
-3.920415506718316401e+00
-3.837800494014321551e+00
-3.759967573090217563e+00
-3.675842543249485672e+00
-3.602752220001928407e+00
-3.546590141667959273e+00
-3.469936398729372762e+00
-3.401516244976353853e+00
-3.330143545434367525e+00
-3.262014142255191373e+00
-3.171242951882752514e+00
-3.086941839860092962e+00
-2.989717663572216466e+00
-2.915947843786870664e+00
-2.811059119518495741e+00
-2.793905075282319572e+00
-2.723073242407942018e+00
-2.678515471109174761e+00
-2.627747598425805187e+00
-2.567016778064702187e+00
-2.514603212091275353e+00
-2.464380030914297137e+00
-2.407812898653976852e+00
-2.367192937734578173e+00
-2.362690543196880100e+00
-2.315453632703666997e+00
-2.301564909504777212e+00
-2.279839004072682584e+00
-2.274660537024516316e+00
-2.269013308289457242e+00
-2.277197523348704067e+00
-2.275902410947568733e+00
-2.267258590644946281e+00
-2.283293858643895113e+00
-2.281348148558572930e+00
-2.285250480048881094e+00
-2.277504097257185833e+00
-2.279190910104031076e+00
-2.259797312921834944e+00
-2.234189949036733402e+00
-2.213023998859536157e+00
-2.205525356557111571e+00
-2.170785575572643289e+00
-2.152498945322306234e+00
-2.120375816624552101e+00
-2.091142342999750880e+00
-2.055935961628228448e+00
-2.038218695725996454e+00
-2.003209830974777894e+00
-1.977668426253586631e+00
-1.939432975949684668e+00
-1.916476768474960402e+00
-1.887219759204145753e+00
-1.862240609315987783e+00
-1.834816529327231827e+00
-1.820125848638075361e+00
-1.813072080594066549e+00
-1.803122090205183881e+00
-1.795703731199701281e+00
-1.791685998268232716e+00
-1.787921003729054270e+00
-1.781502472339955290e+00
-1.771600377032275020e+00
-1.767724334270410758e+00
-1.757704514919113059e+00
-1.747305570965806965e+00
-1.733538208730651675e+00
-1.719935538651776952e+00
-1.703303183957706857e+00
-1.685258990444986615e+00
-1.666715994693070080e+00
-1.643659079726560002e+00
-1.618690048960115924e+00
-1.593186349188076001e+00
-1.564198864584431803e+00
-1.534391688058603265e+00
-1.502277646495961960e+00
-1.465947446537636090e+00
-1.426233573879682304e+00
-1.389329432564641031e+00
-1.344742279909759475e+00
-1.299137920748139496e+00
-1.251724959157312522e+00
-1.201804624226762375e+00
-1.148480389984170458e+00
-1.092185416663210784e+00
-1.034619590411606449e+00
-9.735742815894603552e-01
-9.102729676646088564e-01
-8.443682095138784760e-01
-7.783233382585232896e-01
-7.094131560844920692e-01
-6.361092573913125214e-01
-5.617430318252014665e-01
-4.868847705890142485e-01
-4.076311318636105518e-01
-3.277353695351212792e-01
-2.434103481289162652e-01
-1.549111016398376783e-01
-6.916179921872034342e-02
2.183143166282386360e-02
1.119034660205651122e-01
2.061631401298527067e-01
2.968551687215890134e-01
3.941321109358169039e-01
5.011388601258519593e-01
6.041407681091870430e-01
7.065160456882972895e-01
8.120277033332250483e-01
9.168942119705643101e-01
1.018355947759985280e+00
1.126921813394480942e+00
1.229001908108467989e+00
1.338106645646387927e+00
1.447872788207291039e+00
1.561343297508473338e+00
1.673094072114067687e+00
1.771799951895836500e+00
1.863710184990518659e+00
1.953338928245663686e+00
2.022305993985158423e+00
2.089663764726197748e+00
2.144923003116755211e+00
2.194351810374639555e+00
2.259378958511031321e+00
2.308989154184678316e+00
2.314437882695940196e+00
2.355736669977109177e+00
2.378095671199166095e+00
2.393784900047593922e+00
2.420965204797708825e+00
2.425454834377422486e+00
2.449532344621810687e+00
2.474153453986163154e+00
2.498858066671113765e+00
2.529413816467318554e+00
2.576192063467583004e+00
2.578613048576382738e+00
2.646857185513419530e+00
2.712457056596359273e+00
2.794193830526110922e+00
2.871896111239713889e+00
2.963056162268999039e+00
3.075621606073399406e+00
3.204263927533944400e+00
3.343421494222644341e+00
3.464034250954313165e+00
3.597295278777774996e+00
3.755412283322254741e+00
3.883642500045954904e+00
4.048679594524361214e+00
4.234203859461567632e+00
4.424837380489215377e+00
4.592348436479719354e+00
4.798983875967877566e+00
4.985309337952271491e+00
5.197849387841816160e+00
5.416604955979917868e+00
5.636949348224605139e+00
5.877482405332530746e+00
6.091205139139235669e+00
6.350996010855407548e+00
6.620449247031998219e+00
6.842238371492715743e+00
7.109106924581839237e+00
7.389368791100051403e+00
7.683568869635587717e+00
7.970979306375735263e+00
8.267353525949017623e+00
8.518857006807891707e+00
8.774243925679382272e+00
9.014294890381121306e+00
9.242956600513107190e+00
9.463810060308897931e+00
9.694061851921786044e+00
9.911338834742435822e+00
1.013030020373824414e+01
1.034935419727792016e+01
1.058497877548017385e+01
1.079642380297161708e+01
1.101461977023616257e+01
1.124077594306271521e+01
1.145309362489351201e+01
1.165772351284956088e+01
1.185634630494161001e+01
1.207058190816227494e+01
1.226342166022224589e+01
1.246224783977070238e+01
1.266728138218860877e+01
1.287885975742207911e+01
1.306945188605501151e+01
1.326403871579196192e+01
1.344948722062606805e+01
1.364366478699769658e+01
1.383833426776683950e+01
1.402639421795945651e+01
1.419854989693487290e+01
