1.100080143114531239e+01
1.100080143114531239e+01
1.046561836084478792e+01
1.046561836084478792e+01
1.003024900645113604e+01
1.003024900645113604e+01
9.587109560288750387e+00
9.587109560288750387e+00
9.186779960126550293e+00
9.186779960126550293e+00
8.776565773737893039e+00
8.776565773737893039e+00
8.389068431676875548e+00
8.389068431676875548e+00
8.074606701347081028e+00
7.880777083722176002e+00
7.683332780542470708e+00
7.457570893522452948e+00
7.185980488825006063e+00
6.923749393183614487e+00
6.631675197535480848e+00
6.281040424569560798e+00
5.928090139057160535e+00
5.627758859109392553e+00
5.312100220380026272e+00
5.034840177314175769e+00
4.809016128894288755e+00
4.527147294823968160e+00
4.224295818117592916e+00
3.935606627280137992e+00
3.626680043524210362e+00
3.326827833487168817e+00
3.020962006902041530e+00
2.813787910348774624e+00
2.629899504605266891e+00
2.473453768079846071e+00
2.280812072338085805e+00
2.122724243782431408e+00
1.933265846935681154e+00
1.733588548902425863e+00
1.620468971012212656e+00
1.417556353347221965e+00
1.202937793984752979e+00
1.002177198939393499e+00
7.834033848990378246e-01
5.573792883482653338e-01
3.955397922848229442e-01
2.184574212737047105e-01
6.716168260679822311e-02
-8.223951958182595945e-02
-2.419025866131168101e-01
-3.789050055219522761e-01
-5.015350546361805328e-01
-5.447320298111693049e-01
-6.543936488096431248e-01
-7.572185084345326445e-01
-8.371304599422408899e-01
-9.211947703020575418e-01
-9.454913345073601150e-01
-9.930690152518018010e-01
-9.987128397272417857e-01
-9.970175577749706974e-01
-1.361508316571571342e+00
-1.354094155085364015e+00
-1.336831911607449186e+00
-1.324723783533635846e+00
-1.326435004696610243e+00
-1.334964787135294983e+00
-1.358052801813006916e+00
-1.404211265265095321e+00
-1.422582730791107863e+00
-1.413188493684906177e+00
-1.557019056629983744e+00
-2.260453352087236745e+00
-2.310766564015389157e+00
-2.428883686271603892e+00
-2.508928593763450010e+00
-2.651035296383942530e+00
-2.759300710274949608e+00
-2.879172841106311331e+00
-2.974993789451709780e+00
-3.075344001565042618e+00
-3.165717574567553427e+00
-3.250317807322926633e+00
-3.387552319906774301e+00
-3.481666063856780013e+00
-3.555459865518470153e+00
-3.631287052329959408e+00
-3.770266155457465906e+00
-3.848123419970200132e+00
-3.945094243494270181e+00
-4.015866498877384672e+00
-4.059732611336738017e+00
-4.119549354351826231e+00
-4.180895173346461213e+00
-4.229654960452243984e+00
-4.276348934148599845e+00
-4.325384867984624293e+00
-4.381764219683725869e+00
-4.428261844636709910e+00
-4.485550013885338139e+00
-4.538290268652230175e+00
-4.588185656612384200e+00
-4.636206236942130410e+00
-4.679674368838902865e+00
-4.725505370434207819e+00
-4.753044095204204567e+00
-4.780296293248861517e+00
-4.797475708551864670e+00
-4.796853220376171123e+00
-4.782436443622357203e+00
-4.743467203121972453e+00
-4.680929643723745315e+00
-4.587312641639367250e+00
-4.505378468408369308e+00
-4.461057339394866261e+00
-4.402167049185697678e+00
-4.316007254921223613e+00
-4.228766114055603431e+00
-4.151152091915184528e+00
-4.061817947256698424e+00
-3.977205543568593349e+00
-3.894775822440356805e+00
-3.806579773251238308e+00
-3.723480518136228490e+00
-3.644132730207445547e+00
-3.556233810330975409e+00
-3.483820785853374069e+00
-3.406596397599886750e+00
-3.330339103327735195e+00
-3.263672223866384670e+00
-3.172641031710142556e+00
-3.098789287328497011e+00
-3.016163951181728642e+00
-2.932251947404405534e+00
-2.864086863403070282e+00
-2.815457599938694599e+00
-2.735877675435926193e+00
-2.683628865269868768e+00
-2.591130110395036823e+00
-2.535615085918107248e+00
-2.493025509014584529e+00
-2.457872338947842294e+00
-2.411471437772510384e+00
-2.386388856338511388e+00
-2.354866641650274595e+00
-2.328763331651200197e+00
-2.311903707051177648e+00
-2.282843242065849765e+00
-2.261695410093412129e+00
-2.254841688177072534e+00
-2.244305756140278163e+00
-2.241103881720634128e+00
-2.258198392926135334e+00
-2.254249524412061056e+00
-2.247498097255633098e+00
-2.227555682345059296e+00
-2.228620832451502665e+00
-2.232189068262867337e+00
-2.220978890844435227e+00
-2.210729130194262204e+00
-2.176384004869337474e+00
-2.159189836115393391e+00
-2.153179917745916327e+00
-2.116572387235249764e+00
-2.095151261885095373e+00
-2.060321411939512792e+00
-2.030294195466730400e+00
-1.993793460908580784e+00
-1.952836600614686446e+00
-1.923933380534431414e+00
-1.891563791731871724e+00
-1.861643977308279574e+00
-1.836431924047146502e+00
-1.812658737485640437e+00
-1.790035070870970912e+00
-1.773915604176935723e+00
-1.760891130727824994e+00
-1.748403581148541441e+00
-1.739817547512439333e+00
-1.735906427852206058e+00
-1.731046118443221538e+00
-1.725780297476235070e+00
-1.718975954290972830e+00
-1.711046124633565313e+00
-1.703704578935040459e+00
-1.691818848263624275e+00
-1.679749274222158917e+00
-1.663755041396312251e+00
-1.647579032927477094e+00
-1.629403487862270516e+00
-1.608440081129113963e+00
-1.587235734300214141e+00
-1.562570221487844968e+00
-1.537113891663123511e+00
-1.508899620355697024e+00
-1.478192631071597596e+00
-1.446806214176844740e+00
-1.410938864897731015e+00
-1.370723191771626048e+00
-1.330084612356245088e+00
-1.288874977143413147e+00
-1.244461511806515652e+00
-1.197913774009297327e+00
-1.149436380942858271e+00
-1.097189884599979237e+00
-1.043180733156718887e+00
-9.861668269413925714e-01
-9.262583393618308847e-01
-8.659291737583147963e-01
-8.030834446518984038e-01
-7.352353097112960256e-01
-6.718053755262554105e-01
-6.016690690033099642e-01
-5.279494065353649290e-01
-4.552180683970918906e-01
-3.788511326443737559e-01
-3.013325812752274402e-01
-2.217066109572378707e-01
-1.360362557461396449e-01
-4.614322376819135485e-02
4.554194916291010031e-02
1.441823959790111687e-01
2.288767240747411336e-01
3.236115642443389007e-01
4.232802676462812386e-01
5.261589425264494579e-01
6.272914316764497400e-01
7.291333882643469266e-01
8.331003953443349985e-01
9.383274253695819134e-01
1.048139282508081749e+00
1.154745081767022619e+00
1.251035675774742284e+00
1.365327717448899580e+00
1.471045948613553200e+00
1.574461951618167710e+00
1.685995453526372145e+00
1.777396140676270608e+00
1.871573510798170137e+00
1.967407938019161584e+00
2.046935039069335716e+00
2.119922122136278730e+00
2.186147338002273788e+00
2.234777489779883997e+00
2.274874049184326896e+00
2.317707508383109349e+00
2.361744665336660276e+00
2.385288419934039172e+00
2.405681679435916820e+00
2.406484953611422561e+00
2.428249617021904339e+00
2.438328355664146407e+00
2.444734447952819689e+00
2.458893786735046216e+00
2.473754034992599049e+00
2.502793609364130756e+00
2.547054034966043545e+00
2.594396351348565943e+00
2.649074958321042672e+00
2.733857422676978288e+00
2.807320929712842084e+00
2.890887739150557856e+00
2.977643011215853619e+00
3.117596940794991944e+00
3.202301930644859684e+00
3.317569461016556698e+00
3.492947527606809377e+00
3.615126647374690805e+00
3.747088164467113458e+00
3.851349764379082607e+00
4.018371540601801684e+00
4.177833581866598145e+00
4.358762048916362097e+00
4.546747111131346664e+00
4.726026593070353776e+00
4.902973726595941883e+00
5.106216157356326946e+00
5.294365148483062278e+00
5.503374843888199308e+00
5.736810219140553890e+00
5.948848777732584914e+00
6.190058015042446904e+00
6.436396891948922061e+00
6.676837794049657937e+00
6.926709855828939943e+00
7.195926598959187181e+00
7.460740811615540480e+00
7.728946440783841076e+00
7.981853628657614053e+00
8.245862485993768587e+00
8.484519708393584381e+00
8.701960001348249207e+00
8.912319699769362558e+00
9.121576046583786734e+00
9.313865054272174149e+00
9.514230365440624837e+00
9.714758637124377927e+00
9.918808777824665412e+00
1.011586543312528974e+01
1.030072085220706235e+01
1.049549274621618089e+01
1.069228588350526366e+01
1.087730970007762821e+01
1.106361578679143420e+01
1.125035762318134580e+01
1.143237183396938050e+01
1.162746866087932140e+01
1.182226034442506446e+01
1.199568315288722786e+01
1.217278009557988483e+01
1.234973782111901919e+01
1.253015960290512254e+01
1.270914946458476891e+01
1.287857459389348591e+01
1.304433658529290874e+01
1.321465126304564208e+01
1.336724441421144505e+01
