-0.000000000000000000e+00 -0.000000000000000000e+00 -0.000000000000000000e+00 -0.000000000000000000e+00 -0.000000000000000000e+00 -0.000000000000000000e+00 1.000000000000000000e+00
-0.000000000000000000e+00 -0.000000000000000000e+00 -0.000000000000000000e+00 -0.000000000000000000e+00 -0.000000000000000000e+00 -0.000000000000000000e+00 1.000000000000000000e+00
1.214217022061347961e-02 1.315724011510610580e-02 1.907764188945293427e-02 -4.210674669593572617e-03 1.243929727934300900e-03 -2.606818685308098793e-03 9.999870061874389648e-01
1.214217022061347961e-02 1.315724011510610580e-02 1.907764188945293427e-02 -4.210674669593572617e-03 1.243929727934300900e-03 -2.606818685308098793e-03 9.999870061874389648e-01
2.430216036736965179e-02 2.578909881412982941e-02 3.650311008095741272e-02 -8.318549953401088715e-03 5.421127658337354660e-03 -5.908272694796323776e-03 9.999332427978515625e-01
2.430216036736965179e-02 2.578909881412982941e-02 3.650311008095741272e-02 -8.318549953401088715e-03 5.421127658337354660e-03 -5.908272694796323776e-03 9.999332427978515625e-01
3.776931017637252808e-02 3.629206493496894836e-02 5.482453852891921997e-02 -1.250474248081445694e-02 1.209581736475229263e-02 -1.024115551263093948e-02 9.997962117195129395e-01
3.776931017637252808e-02 3.629206493496894836e-02 5.482453852891921997e-02 -1.250474248081445694e-02 1.209581736475229263e-02 -1.024115551263093948e-02 9.997962117195129395e-01
5.169039964675903320e-02 4.562431201338768005e-02 7.063414901494979858e-02 -1.696848496794700623e-02 2.041994407773017883e-02 -1.558575406670570374e-02 9.995260238647460938e-01
5.169039964675903320e-02 4.562431201338768005e-02 7.063414901494979858e-02 -1.696848496794700623e-02 2.041994407773017883e-02 -1.558575406670570374e-02 9.995260238647460938e-01
6.262768059968948364e-02 5.691535025835037231e-02 8.730829507112503052e-02 -2.120660990476608276e-02 3.142546489834785461e-02 -2.280471101403236389e-02 9.990209341049194336e-01
6.262768059968948364e-02 5.691535025835037231e-02 8.730829507112503052e-02 -2.120660990476608276e-02 3.142546489834785461e-02 -2.280471101403236389e-02 9.990209341049194336e-01
7.268161326646804810e-02 6.599792838096618652e-02 1.010042279958724976e-01 -2.584289386868476868e-02 4.314548894762992859e-02 -2.971488796174526215e-02 9.982923865318298340e-01
7.268161326646804810e-02 6.599792838096618652e-02 1.010042279958724976e-01 -2.584289386868476868e-02 4.314548894762992859e-02 -2.971488796174526215e-02 9.982923865318298340e-01
8.327299356460571289e-02 7.477539032697677612e-02 1.139331012964248657e-01 -3.008320182561874390e-02 5.519722402095794678e-02 -3.693496808409690857e-02 9.973385334014892578e-01
8.863893896341323853e-02 7.987581938505172729e-02 1.203119829297065735e-01 -3.179376199841499329e-02 6.099042296409606934e-02 -4.017492756247520447e-02 9.968225955963134766e-01
9.422617405652999878e-02 8.415779471397399902e-02 1.276347041130065918e-01 -3.363198041915893555e-02 6.690024584531784058e-02 -4.311650618910789490e-02 9.962601065635681152e-01
1.006989851593971252e-01 8.796697109937667847e-02 1.344480216503143311e-01 -3.531286120414733887e-02 7.115238159894943237e-02 -4.610449075698852539e-02 9.957734942436218262e-01
1.157653033733367920e-01 9.025437384843826294e-02 1.380798369646072388e-01 -3.631947562098503113e-02 7.029611617326736450e-02 -4.498140513896942139e-02 9.958494305610656738e-01
1.262167841196060181e-01 9.511912614107131958e-02 1.449032425880432129e-01 -3.750425577163696289e-02 7.279373705387115479e-02 -4.648358002305030823e-02 9.955570697784423828e-01
1.355157643556594849e-01 1.004653275012969971e-01 1.494472324848175049e-01 -3.731894865632057190e-02 7.667523622512817383e-02 -4.595119133591651917e-02 9.952973723411560059e-01
1.497289538383483887e-01 1.063868701457977295e-01 1.546047776937484741e-01 -3.657731786370277405e-02 7.828082889318466187e-02 -4.389549046754837036e-02 9.952926635742187500e-01
1.657926887273788452e-01 1.111466288566589355e-01 1.585222780704498291e-01 -3.646581619977951050e-02 7.922513037919998169e-02 -4.156340286135673523e-02 9.953221082687377930e-01
1.794707775115966797e-01 1.155190765857696533e-01 1.605338156223297119e-01 -3.571430966258049011e-02 8.078132569789886475e-02 -3.994991257786750793e-02 9.952903985977172852e-01
1.898932605981826782e-01 1.166682615876197815e-01 1.635396182537078857e-01 -3.501729667186737061e-02 8.410882204771041870e-02 -3.940621763467788696e-02 9.950611591339111328e-01
2.059823423624038696e-01 1.163231357932090759e-01 1.681143492460250854e-01 -3.355894610285758972e-02 8.357132971286773682e-02 -3.914128616452217102e-02 9.951671957969665527e-01
2.249967455863952637e-01 1.153671517968177795e-01 1.726521104574203491e-01 -3.231946751475334167e-02 8.261106163263320923e-02 -3.981581702828407288e-02 9.952615499496459961e-01
2.346811741590499878e-01 1.237819492816925049e-01 1.953650712966918945e-01 -3.043262287974357605e-02 7.580550760030746460e-02 -3.867122530937194824e-02 9.959076046943664551e-01
2.492455840110778809e-01 1.250055581331253052e-01 2.009258717298507690e-01 -2.969603426754474640e-02 7.607658952474594116e-02 -3.812686353921890259e-02 9.959301352500915527e-01
2.640770673751831055e-01 1.288205236196517944e-01 2.076607495546340942e-01 -2.904828824102878571e-02 7.594401389360427856e-02 -3.681387379765510559e-02 9.960087537765502930e-01
2.782647311687469482e-01 1.355970054864883423e-01 2.134323865175247192e-01 -2.757200971245765686e-02 7.588530331850051880e-02 -3.577811643481254578e-02 9.960929751396179199e-01
2.928986847400665283e-01 1.379287242889404297e-01 2.185393422842025757e-01 -2.744460664689540863e-02 7.591982185840606689e-02 -3.520001098513603210e-02 9.961144924163818359e-01
3.050785660743713379e-01 1.423295587301254272e-01 2.266311347484588623e-01 -2.718338742852210999e-02 7.672014087438583374e-02 -3.578737378120422363e-02 9.960393905639648438e-01
3.119079470634460449e-01 1.512996256351470947e-01 2.393903583288192749e-01 -2.775345928966999054e-02 7.570447027683258057e-02 -3.515502065420150757e-02 9.961238503456115723e-01
3.134103715419769287e-01 1.602188348770141602e-01 2.529432773590087891e-01 -2.844351343810558319e-02 7.472239434719085693e-02 -3.508176282048225403e-02 9.961811900138854980e-01
3.131971061229705811e-01 1.729029119014739990e-01 2.668923735618591309e-01 -2.773446030914783478e-02 7.549297809600830078e-02 -3.438652679324150085e-02 9.961673021316528320e-01
3.080250322818756104e-01 1.821773946285247803e-01 2.791932523250579834e-01 -2.702691033482551575e-02 7.678093761205673218e-02 -3.493082895874977112e-02 9.960693120956420898e-01
3.094082772731781006e-01 1.918730437755584717e-01 2.917909622192382812e-01 -2.740710973739624023e-02 7.627797126770019531e-02 -3.547383844852447510e-02 9.960783720016479492e-01
3.092789053916931152e-01 2.032346725463867188e-01 3.044487237930297852e-01 -2.703284472227096558e-02 7.654916495084762573e-02 -3.700404614210128784e-02 9.960121512413024902e-01
3.093180954456329346e-01 2.162305712699890137e-01 3.158564269542694092e-01 -2.558144368231296539e-02 7.776395976543426514e-02 -3.523663058876991272e-02 9.960204362869262695e-01
3.118337392807006836e-01 2.261582911014556885e-01 3.266876041889190674e-01 -2.667098678648471832e-02 7.695391029119491577e-02 -3.610203787684440613e-02 9.960238337516784668e-01
3.138119578361511230e-01 2.382081896066665649e-01 3.423844575881958008e-01 -2.880870923399925232e-02 7.510386407375335693e-02 -3.675850108265876770e-02 9.960815310478210449e-01
3.176198303699493408e-01 2.502673566341400146e-01 3.533903360366821289e-01 -2.853802591562271118e-02 7.477396726608276367e-02 -3.740299120545387268e-02 9.960901141166687012e-01
3.193134963512420654e-01 2.540773749351501465e-01 3.656634092330932617e-01 -3.233798965811729431e-02 7.052700221538543701e-02 -4.196868836879730225e-02 9.961018562316894531e-01
3.213066160678863525e-01 2.659483551979064941e-01 3.772653937339782715e-01 -3.274128958582878113e-02 7.064644992351531982e-02 -4.240557923913002014e-02 9.960616827011108398e-01
3.240322172641754150e-01 2.772456407546997070e-01 3.872242569923400879e-01 -3.219190984964370728e-02 7.055756449699401855e-02 -4.233696311712265015e-02 9.960888028144836426e-01
3.263811171054840088e-01 2.887976765632629395e-01 3.989641964435577393e-01 -3.262538462877273560e-02 7.000172883272171021e-02 -4.331484436988830566e-02 9.960718750953674316e-01
3.285166919231414795e-01 3.017529845237731934e-01 4.117859303951263428e-01 -3.202216327190399170e-02 7.028508186340332031e-02 -4.240358620882034302e-02 9.961106777191162109e-01
3.278983831405639648e-01 3.115004301071166992e-01 4.252996146678924561e-01 -3.205795958638191223e-02 7.071972638368606567e-02 -4.271901771426200867e-02 9.960653185844421387e-01
3.294995725154876709e-01 3.206827938556671143e-01 4.342384040355682373e-01 -3.234536573290824890e-02 7.052674889564514160e-02 -4.325830191373825073e-02 9.960464239120483398e-01
3.305844962596893311e-01 3.290692865848541260e-01 4.455214738845825195e-01 -3.295996412634849548e-02 7.019804418087005615e-02 -4.343212768435478210e-02 9.960419535636901855e-01
3.311026692390441895e-01 3.220555484294891357e-01 4.477506577968597412e-01 -4.088883846998214722e-02 6.414294987916946411e-02 -4.821902513504028320e-02 9.959361553192138672e-01
3.314470648765563965e-01 3.300744593143463135e-01 4.569562375545501709e-01 -4.090153798460960388e-02 6.436491012573242188e-02 -4.787749424576759338e-02 9.959377050399780273e-01
3.318546116352081299e-01 3.370327353477478027e-01 4.658394157886505127e-01 -4.109625145792961121e-02 6.421601772308349609e-02 -4.809810966253280640e-02 9.959287643432617188e-01
3.308749794960021973e-01 3.438470661640167236e-01 4.754291474819183350e-01 -4.126002267003059387e-02 6.476593017578125000e-02 -4.880164191126823425e-02 9.958521127700805664e-01
3.302169442176818848e-01 3.507344722747802734e-01 4.858870804309844971e-01 -4.150156304240226746e-02 6.509731709957122803e-02 -4.854691028594970703e-02 9.958329200744628906e-01
3.297004401683807373e-01 3.558216094970703125e-01 4.952234923839569092e-01 -4.221171140670776367e-02 6.408184021711349487e-02 -4.992724210023880005e-02 9.958007335662841797e-01
3.295438289642333984e-01 3.608148396015167236e-01 5.024691224098205566e-01 -4.241115972399711609e-02 6.321174651384353638e-02 -5.103067308664321899e-02 9.957919120788574219e-01
3.280313313007354736e-01 3.642738759517669678e-01 5.117930769920349121e-01 -4.346994310617446899e-02 6.189456954598426819e-02 -5.162068828940391541e-02 9.957985877990722656e-01
3.260316252708435059e-01 3.676576614379882812e-01 5.185099244117736816e-01 -4.272846505045890808e-02 6.220264732837677002e-02 -5.119883641600608826e-02 9.958332777023315430e-01
3.269454836845397949e-01 3.726649284362792969e-01 5.119421482086181641e-01 -2.541127242147922516e-02 6.419067084789276123e-02 -2.972246706485748291e-02 9.971712231636047363e-01
3.233022093772888184e-01 3.767549097537994385e-01 5.177454352378845215e-01 -2.333776280283927917e-02 6.667498499155044556e-02 -2.483440935611724854e-02 9.971926212310791016e-01
3.170921504497528076e-01 3.819122016429901123e-01 5.258439779281616211e-01 -2.129629626870155334e-02 7.009397447109222412e-02 -2.355992421507835388e-02 9.970347285270690918e-01
3.161347508430480957e-01 3.826003074645996094e-01 5.298982262611389160e-01 -2.278519980609416962e-02 6.744120270013809204e-02 -2.189400792121887207e-02 9.972227811813354492e-01
3.103078603744506836e-01 3.882870078086853027e-01 5.387797355651855469e-01 -1.907338015735149384e-02 7.141561806201934814e-02 -1.797169260680675507e-02 9.971023201942443848e-01
3.093991279602050781e-01 3.876967430114746094e-01 5.412189960479736328e-01 -2.463343180716037750e-02 6.570700556039810181e-02 -2.595702745020389557e-02 9.971971511840820312e-01
3.080121278762817383e-01 3.875057399272918701e-01 5.427452921867370605e-01 -2.512576431035995483e-02 6.338245421648025513e-02 -2.913765050470829010e-02 9.972473978996276855e-01
3.050838112831115723e-01 3.924584090709686279e-01 5.511174798011779785e-01 -2.627689577639102936e-02 6.401506811380386353e-02 -3.073113225400447845e-02 9.971294999122619629e-01
3.045091629028320312e-01 3.957907259464263916e-01 5.529809594154357910e-01 -2.605988457798957825e-02 6.343912333250045776e-02 -2.906838804483413696e-02 9.972218871116638184e-01
3.045756816864013672e-01 3.976746797561645508e-01 5.518043637275695801e-01 -2.529088035225868225e-02 6.580831110477447510e-02 -2.893620729446411133e-02 9.970919489860534668e-01
3.024858534336090088e-01 4.017020463943481445e-01 5.583069920539855957e-01 -2.463155239820480347e-02 6.306480616331100464e-02 -2.836000546813011169e-02 9.973022937774658203e-01
3.276366591453552246e-01 4.286152720451354980e-01 5.857422351837158203e-01 3.731187665835022926e-03 -1.641082018613815308e-02 9.653165191411972046e-02 9.951876401901245117e-01
3.251174986362457275e-01 4.330249130725860596e-01 5.933268666267395020e-01 4.206647165119647980e-03 -1.557196490466594696e-02 9.777973592281341553e-02 9.950773715972900391e-01
3.260553479194641113e-01 4.381558299064636230e-01 6.005012392997741699e-01 5.534896627068519592e-03 -2.419574186205863953e-02 1.015397012233734131e-01 9.945218563079833984e-01
3.293935656547546387e-01 4.428114295005798340e-01 6.029584407806396484e-01 9.917720220983028412e-03 -4.042221233248710632e-02 1.245880499482154846e-01 9.913352727890014648e-01
3.303362131118774414e-01 4.473199248313903809e-01 6.090707182884216309e-01 1.051474455744028091e-02 -4.865315929055213928e-02 1.313471645116806030e-01 9.900859594345092773e-01
3.320720195770263672e-01 4.572818875312805176e-01 6.168012619018554688e-01 1.174666080623865128e-02 -4.990649595856666565e-02 1.381858140230178833e-01 9.890784025192260742e-01
3.315997123718261719e-01 4.624720811843872070e-01 6.240285634994506836e-01 1.278707198798656464e-02 -5.281935632228851318e-02 1.424999833106994629e-01 9.883018136024475098e-01
3.324770331382751465e-01 4.681475162506103516e-01 6.305953264236450195e-01 1.401667855679988861e-02 -5.878658592700958252e-02 1.453471779823303223e-01 9.875332117080688477e-01
3.334723711013793945e-01 4.801059365272521973e-01 6.455187797546386719e-01 1.428693905472755432e-02 -6.172458454966545105e-02 1.460864692926406860e-01 9.872410297393798828e-01
3.375592529773712158e-01 4.862826764583587646e-01 6.467917561531066895e-01 1.909571234136819839e-03 -7.010888308286666870e-02 1.459692269563674927e-01 9.867999553680419922e-01
3.380943536758422852e-01 4.941007196903228760e-01 6.547394394874572754e-01 -1.619975082576274872e-02 -7.558631151914596558e-02 1.425653249025344849e-01 9.867621064186096191e-01
3.382890820503234863e-01 5.018125772476196289e-01 6.645118594169616699e-01 -3.500687330961227417e-02 -8.158460259437561035e-02 1.365883797407150269e-01 9.866418242454528809e-01
3.378114700317382812e-01 5.090519785881042480e-01 6.746066212654113770e-01 -5.705455318093299866e-02 -8.684009313583374023e-02 1.290077716112136841e-01 9.861849546432495117e-01
3.379910588264465332e-01 5.173861384391784668e-01 6.850855946540832520e-01 -8.005177974700927734e-02 -9.282959997653961182e-02 1.213075593113899231e-01 9.850172400474548340e-01
3.381439745426177979e-01 5.222669839859008789e-01 6.918514966964721680e-01 -1.059595346450805664e-01 -9.724456816911697388e-02 1.112516894936561584e-01 9.833306074142456055e-01
3.391314446926116943e-01 5.300554037094116211e-01 7.024419903755187988e-01 -1.317934393882751465e-01 -1.027953326702117920e-01 1.006800010800361633e-01 9.807789325714111328e-01
3.368756771087646484e-01 5.370361804962158203e-01 7.123079299926757812e-01 -1.586128920316696167e-01 -1.072499528527259827e-01 9.005338698625564575e-02 9.773585796356201172e-01
3.329428434371948242e-01 5.439539551734924316e-01 7.230296730995178223e-01 -1.859661787748336792e-01 -1.115812361240386963e-01 7.802390307188034058e-02 9.730768203735351562e-01
3.304270803928375244e-01 5.501136183738708496e-01 7.303901910781860352e-01 -2.128327339887619019e-01 -1.154618337750434875e-01 6.617107242345809937e-02 9.679835438728332520e-01
3.287308812141418457e-01 5.575000047683715820e-01 7.426595687866210938e-01 -2.405881881713867188e-01 -1.203443408012390137e-01 5.444572493433952332e-02 9.615978002548217773e-01
3.261521458625793457e-01 5.649128556251525879e-01 7.547997236251831055e-01 -2.672149538993835449e-01 -1.254334002733230591e-01 4.354679584503173828e-02 9.544455409049987793e-01
3.226816952228546143e-01 5.703657865524291992e-01 7.653744220733642578e-01 -2.940283417701721191e-01 -1.303609311580657959e-01 3.295213729143142700e-02 9.462914466857910156e-01
3.178402185440063477e-01 5.729838013648986816e-01 7.711685895919799805e-01 -3.202773630619049072e-01 -1.331706196069717407e-01 2.220354788005352020e-02 9.376540184020996094e-01
3.143779337406158447e-01 5.799115300178527832e-01 7.832030057907104492e-01 -3.445647656917572021e-01 -1.385004222393035889e-01 1.372213754802942276e-02 9.283881187438964844e-01
3.103746771812438965e-01 5.866679549217224121e-01 7.951337099075317383e-01 -3.674550056457519531e-01 -1.433699429035186768e-01 6.308957003057003021e-03 9.189026951789855957e-01
3.067255616188049316e-01 5.933982729911804199e-01 8.080486059188842773e-01 -3.890572190284729004e-01 -1.489108651876449585e-01 6.521487957797944546e-04 9.090983271598815918e-01
3.049433827400207520e-01 5.954753756523132324e-01 8.131193518638610840e-01 -4.087887108325958252e-01 -1.544960141181945801e-01 -3.744086716324090958e-03 8.994492292404174805e-01
3.007891476154327393e-01 6.025973558425903320e-01 8.255729675292968750e-01 -4.262812733650207520e-01 -1.607516855001449585e-01 -5.424961913377046585e-03 8.901762962341308594e-01
2.970833480358123779e-01 6.089711785316467285e-01 8.369550704956054688e-01 -4.413579702377319336e-01 -1.679277420043945312e-01 -5.592823959887027740e-03 8.814602494239807129e-01
2.935072183609008789e-01 6.151523590087890625e-01 8.484302759170532227e-01 -4.543932378292083740e-01 -1.755193322896957397e-01 -2.453218679875135422e-03 8.733348846435546875e-01
2.897888422012329102e-01 6.206610798835754395e-01 8.591942787170410156e-01 -4.650436043739318848e-01 -1.836031079292297363e-01 2.401480451226234436e-03 8.660361766815185547e-01
2.853507995605468750e-01 6.265138983726501465e-01 8.685679435729980469e-01 -4.726433455944061279e-01 -1.917014718055725098e-01 9.583990089595317841e-03 8.600970506668090820e-01
2.809398770332336426e-01 6.325824260711669922e-01 8.803675174713134766e-01 -4.791247546672821045e-01 -2.004742026329040527e-01 1.886753551661968231e-02 8.543381690979003906e-01
2.762680649757385254e-01 6.387585997581481934e-01 8.922762870788574219e-01 -4.833270609378814697e-01 -2.098085731267929077e-01 2.991681732237339020e-02 8.493999838829040527e-01
2.718124389648437500e-01 6.448060274124145508e-01 9.041172266006469727e-01 -4.856992959976196289e-01 -2.196953147649765015e-01 4.311039298772811890e-02 8.449684977531433105e-01
2.669145464897155762e-01 6.502627134323120117e-01 9.159895181655883789e-01 -4.863390922546386719e-01 -2.301737964153289795e-01 5.723220109939575195e-02 8.409630060195922852e-01
2.613562941551208496e-01 6.561459302902221680e-01 9.278981685638427734e-01 -4.849439561367034912e-01 -2.404527515172958374e-01 7.303486764430999756e-02 8.376621007919311523e-01
2.553409039974212646e-01 6.616504192352294922e-01 9.399870038032531738e-01 -4.820238351821899414e-01 -2.508794963359832764e-01 9.001220762729644775e-02 8.346318602561950684e-01
2.479377985000610352e-01 6.664041280746459961e-01 9.512973427772521973e-01 -4.770192801952362061e-01 -2.610709667205810547e-01 1.073704361915588379e-01 8.323257565498352051e-01
2.401176393032073975e-01 6.714581251144409180e-01 9.627913832664489746e-01 -4.705345928668975830e-01 -2.717885375022888184e-01 1.261177211999893188e-01 8.299533724784851074e-01
2.314786911010742188e-01 6.760215759277343750e-01 9.737879037857055664e-01 -4.626304209232330322e-01 -2.824981808662414551e-01 1.456651836633682251e-01 8.276168107986450195e-01
2.205666899681091309e-01 6.801966428756713867e-01 9.842198491096496582e-01 -4.528658390045166016e-01 -2.929406464099884033e-01 1.654654890298843384e-01 8.256630301475524902e-01
2.094760239124298096e-01 6.838303804397583008e-01 9.936667680740356445e-01 -4.422354996204376221e-01 -3.036218285560607910e-01 1.858749240636825562e-01 8.232206106185913086e-01
1.975780129432678223e-01 6.891136169433593750e-01 1.002340793609619141e+00 -4.296584129333496094e-01 -3.139250576496124268e-01 2.064117193222045898e-01 8.211205005645751953e-01
1.879855394363403320e-01 6.971933841705322266e-01 1.011422157287597656e+00 -4.163598716259002686e-01 -3.246335685253143311e-01 2.274440228939056396e-01 8.182461261749267578e-01
1.776507496833801270e-01 7.023804783821105957e-01 1.020994067192077637e+00 -4.014044106006622314e-01 -3.348436653614044189e-01 2.477316856384277344e-01 8.157103657722473145e-01
1.670521497726440430e-01 7.064489126205444336e-01 1.030158162117004395e+00 -3.855135142803192139e-01 -3.444619476795196533e-01 2.679183185100555420e-01 8.129853010177612305e-01
1.566832661628723145e-01 7.095886468887329102e-01 1.038965463638305664e+00 -3.693875968456268311e-01 -3.539180457592010498e-01 2.875488996505737305e-01 8.096977472305297852e-01
1.465100646018981934e-01 7.126841545104980469e-01 1.047375440597534180e+00 -3.523665070533752441e-01 -3.628530204296112061e-01 3.066575527191162109e-01 8.063105344772338867e-01
1.366186141967773438e-01 7.159433364868164062e-01 1.055300354957580566e+00 -3.342833220958709717e-01 -3.718042969703674316e-01 3.249443173408508301e-01 8.027624487876892090e-01
1.263978481292724609e-01 7.185363769531250000e-01 1.062713861465454102e+00 -3.160633444786071777e-01 -3.796115517616271973e-01 3.418415486812591553e-01 7.994645237922668457e-01
1.167214512825012207e-01 7.218973636627197266e-01 1.070028305053710938e+00 -2.971654236316680908e-01 -3.876641094684600830e-01 3.584721386432647705e-01 7.955545783042907715e-01
1.073828935623168945e-01 7.252418398857116699e-01 1.076686382293701172e+00 -2.774586379528045654e-01 -3.952748775482177734e-01 3.742614984512329102e-01 7.916456460952758789e-01
9.776395559310913086e-02 7.290217280387878418e-01 1.083035230636596680e+00 -2.564937174320220947e-01 -4.031810760498046875e-01 3.875930011272430420e-01 7.883068323135375977e-01
8.891540765762329102e-02 7.319276332855224609e-01 1.089056730270385742e+00 -2.352600693702697754e-01 -4.106672108173370361e-01 3.991295695304870605e-01 7.853029966354370117e-01
8.008396625518798828e-02 7.343415021896362305e-01 1.094204187393188477e+00 -2.144610732793807983e-01 -4.170125424861907959e-01 4.103885889053344727e-01 7.821050286293029785e-01
7.169926166534423828e-02 7.371069192886352539e-01 1.100045204162597656e+00 -1.941720545291900635e-01 -4.232473671436309814e-01 4.221630990505218506e-01 7.777771353721618652e-01
6.319963932037353516e-02 7.392492294311523438e-01 1.105194211006164551e+00 -1.742748171091079712e-01 -4.285548329353332520e-01 4.330490827560424805e-01 7.735874652862548828e-01
5.518627166748046875e-02 7.416790723800659180e-01 1.109867334365844727e+00 -1.546402126550674438e-01 -4.333804845809936523e-01 4.441083669662475586e-01 7.687884569168090820e-01
4.724395275115966797e-02 7.439820766448974609e-01 1.113728284835815430e+00 -1.355900913476943970e-01 -4.380644261837005615e-01 4.548210799694061279e-01 7.634478807449340820e-01
3.930580615997314453e-02 7.459769248962402344e-01 1.116393685340881348e+00 -1.171712204813957214e-01 -4.423545598983764648e-01 4.653783142566680908e-01 7.576387524604797363e-01
3.204619884490966797e-02 7.475150823593139648e-01 1.118934988975524902e+00 -9.976411610841751099e-02 -4.461173415184020996e-01 4.756178855895996094e-01 7.515411376953125000e-01
2.562022209167480469e-02 7.483394742012023926e-01 1.121633648872375488e+00 -8.356349915266036987e-02 -4.500885605812072754e-01 4.852511286735534668e-01 7.449623346328735352e-01
1.883137226104736328e-02 7.511300444602966309e-01 1.124062538146972656e+00 -6.728604435920715332e-02 -4.536355137825012207e-01 4.960615336894989014e-01 7.372994422912597656e-01
1.229023933410644531e-02 7.522303462028503418e-01 1.125949025154113770e+00 -5.225483700633049011e-02 -4.568936526775360107e-01 5.054483413696289062e-01 7.300956249237060547e-01
6.998181343078613281e-03 7.529823184013366699e-01 1.128190636634826660e+00 -3.743338212370872498e-02 -4.604096412658691406e-01 5.124061703681945801e-01 7.239211201667785645e-01
1.945734024047851562e-03 7.546115517616271973e-01 1.129968762397766113e+00 -2.244175225496292114e-02 -4.639536142349243164e-01 5.189573168754577637e-01 7.175840735435485840e-01
-3.931045532226562500e-03 7.551469206809997559e-01 1.131823182106018066e+00 -8.612911216914653778e-03 -4.672819674015045166e-01 5.248554944992065430e-01 7.114072442054748535e-01
-1.012969017028808594e-02 7.561709880828857422e-01 1.132587909698486328e+00 4.666709806770086288e-03 -4.698400795459747314e-01 5.304709672927856445e-01 7.055700421333312988e-01
-1.477265357971191406e-02 7.574918270111083984e-01 1.134207248687744141e+00 6.594378966838121414e-03 -4.762991964817047119e-01 5.302349328994750977e-01 7.013890743255615234e-01
-1.882851123809814453e-02 7.584120035171508789e-01 1.135318279266357422e+00 8.170113898813724518e-03 -4.826489686965942383e-01 5.302079916000366211e-01 6.970385909080505371e-01
-2.226710319519042969e-02 7.593675851821899414e-01 1.137185811996459961e+00 9.571109898388385773e-03 -4.889231622219085693e-01 5.302059650421142578e-01 6.926356554031372070e-01
-2.589750289916992188e-02 7.608949542045593262e-01 1.138889789581298828e+00 1.086206641048192978e-02 -4.944782555103302002e-01 5.309234261512756348e-01 6.881086826324462891e-01
-2.819848060607910156e-02 7.612783312797546387e-01 1.139908075332641602e+00 1.191927772015333176e-02 -4.996348619461059570e-01 5.306959152221679688e-01 6.845326423645019531e-01
-3.061056137084960938e-02 7.622874975204467773e-01 1.141503572463989258e+00 1.307277474552392960e-02 -5.045762658119201660e-01 5.309970378875732422e-01 6.806424856185913086e-01
-3.373861312866210938e-02 7.631709575653076172e-01 1.142577171325683594e+00 1.436844468116760254e-02 -5.084633827209472656e-01 5.311225652694702148e-01 6.776189804077148438e-01
-3.459417819976806641e-02 7.631350159645080566e-01 1.144128799438476562e+00 1.461588591337203979e-02 -5.121887922286987305e-01 5.310924649238586426e-01 6.748258471488952637e-01
-3.694045543670654297e-02 7.633405923843383789e-01 1.144908189773559570e+00 1.514960546046495438e-02 -5.149385929107666016e-01 5.314351320266723633e-01 6.724473834037780762e-01
-3.831887245178222656e-02 7.633628249168395996e-01 1.145548820495605469e+00 1.514203660190105438e-02 -5.168363451957702637e-01 5.319612622261047363e-01 6.705729961395263672e-01
-3.899717330932617188e-02 7.640261054039001465e-01 1.146621108055114746e+00 1.581366173923015594e-02 -5.186674594879150391e-01 5.320712327957153320e-01 6.690547466278076172e-01
-4.063856601715087891e-02 7.640262842178344727e-01 1.147315382957458496e+00 1.554461196064949036e-02 -5.191550850868225098e-01 5.329108238220214844e-01 6.680138111114501953e-01
-4.131948947906494141e-02 7.640421390533447266e-01 1.147858023643493652e+00 1.528210751712322235e-02 -5.192286968231201172e-01 5.330681204795837402e-01 6.678370833396911621e-01
-4.203188419342041016e-02 7.642980217933654785e-01 1.148554325103759766e+00 1.404631137847900391e-02 -5.181539058685302734e-01 5.340683460235595703e-01 6.678998470306396484e-01
-4.310095310211181641e-02 7.647915482521057129e-01 1.148489952087402344e+00 1.392537634819746017e-02 -5.160074234008789062e-01 5.346544981002807617e-01 6.690942645072937012e-01
-4.364335536956787109e-02 7.648640275001525879e-01 1.148674964904785156e+00 1.282450743019580841e-02 -5.129865407943725586e-01 5.352670550346374512e-01 6.709467172622680664e-01
-4.321229457855224609e-02 7.649933099746704102e-01 1.148413062095642090e+00 1.232551876455545425e-02 -5.093041658401489258e-01 5.354946851730346680e-01 6.735747456550598145e-01
-4.459691047668457031e-02 7.650190591812133789e-01 1.149513721466064453e+00 1.157632004469633102e-02 -5.049573183059692383e-01 5.353637933731079102e-01 6.769561767578125000e-01
-4.422473907470703125e-02 7.663201093673706055e-01 1.150106191635131836e+00 1.092536468058824539e-02 -4.995859563350677490e-01 5.349860191345214844e-01 6.812375187873840332e-01
-4.563176631927490234e-02 7.660398483276367188e-01 1.151408910751342773e+00 9.976192377507686615e-03 -4.930237233638763428e-01 5.341166853904724121e-01 6.866931319236755371e-01
-4.618442058563232422e-02 7.664466500282287598e-01 1.151917338371276855e+00 -4.194080363959074020e-03 -4.898306131362915039e-01 5.253676772117614746e-01 6.957278251647949219e-01
-4.770612716674804688e-02 7.663705348968505859e-01 1.152561783790588379e+00 -1.944578811526298523e-02 -4.857948422431945801e-01 5.150937438011169434e-01 7.059062719345092773e-01
-4.868650436401367188e-02 7.673276066780090332e-01 1.155068159103393555e+00 -3.609586507081985474e-02 -4.822129905223846436e-01 5.039933919906616211e-01 7.156524062156677246e-01
-5.111455917358398438e-02 7.665020227432250977e-01 1.155947685241699219e+00 -5.409098044037818909e-02 -4.768686592578887939e-01 4.910048544406890869e-01 7.270383834838867188e-01
-5.307674407958984375e-02 7.660244107246398926e-01 1.157238364219665527e+00 -7.292795926332473755e-02 -4.707793295383453369e-01 4.771251380443572998e-01 7.385120391845703125e-01
-5.540418624877929688e-02 7.653623819351196289e-01 1.158873319625854492e+00 -9.234872460365295410e-02 -4.641039073467254639e-01 4.618515670299530029e-01 7.501815557479858398e-01
-5.783939361572265625e-02 7.656692266464233398e-01 1.161256909370422363e+00 -1.115122288465499878e-01 -4.574077129364013672e-01 4.460484981536865234e-01 7.611727714538574219e-01
-6.067073345184326172e-02 7.659522294998168945e-01 1.163529396057128906e+00 -1.314934641122817993e-01 -4.495483934879302979e-01 4.305964410305023193e-01 7.714936733245849609e-01
-6.349444389343261719e-02 7.653109431266784668e-01 1.165785074234008789e+00 -1.515123993158340454e-01 -4.415526688098907471e-01 4.128644764423370361e-01 7.820602655410766602e-01
-6.619566679000854492e-02 7.648950219154357910e-01 1.168191194534301758e+00 -1.718059629201889038e-01 -4.329079091548919678e-01 3.948998153209686279e-01 7.919139266014099121e-01
-6.938207149505615234e-02 7.646062374114990234e-01 1.170602560043334961e+00 -1.916969567537307739e-01 -4.239765703678131104e-01 3.765983879566192627e-01 8.010430335998535156e-01
-7.216536998748779297e-02 7.643445134162902832e-01 1.172480106353759766e+00 -2.114522010087966919e-01 -4.145216643810272217e-01 3.580010831356048584e-01 8.095029592514038086e-01
-7.464659214019775391e-02 7.640832066535949707e-01 1.174336910247802734e+00 -2.305345088243484497e-01 -4.053707122802734375e-01 3.392247557640075684e-01 8.169792890548706055e-01
-7.664287090301513672e-02 7.636283040046691895e-01 1.175860404968261719e+00 -2.489962428808212280e-01 -3.961879611015319824e-01 3.204226195812225342e-01 8.236293792724609375e-01
-7.896900177001953125e-02 7.636443376541137695e-01 1.177141189575195312e+00 -2.663950026035308838e-01 -3.868998587131500244e-01 3.022772967815399170e-01 8.294400572776794434e-01
-8.045905828475952148e-02 7.633563280105590820e-01 1.178277730941772461e+00 -2.832126915454864502e-01 -3.780361115932464600e-01 2.842585146427154541e-01 8.343119621276855469e-01
-8.160072565078735352e-02 7.632880210876464844e-01 1.178768634796142578e+00 -2.985488176345825195e-01 -3.694521486759185791e-01 2.667705714702606201e-01 8.385745286941528320e-01
-8.283311128616333008e-02 7.632775306701660156e-01 1.179560422897338867e+00 -3.128659725189208984e-01 -3.617017567157745361e-01 2.503143846988677979e-01 8.418012857437133789e-01
-8.375614881515502930e-02 7.632175087928771973e-01 1.180055856704711914e+00 -3.258957862854003906e-01 -3.544677197933197021e-01 2.348266988992691040e-01 8.443939089775085449e-01
-8.413550257682800293e-02 7.630541324615478516e-01 1.180504798889160156e+00 -3.378101885318756104e-01 -3.482530713081359863e-01 2.207020521163940430e-01 8.461056351661682129e-01
-8.456751704216003418e-02 7.630189657211303711e-01 1.180494070053100586e+00 -3.479204773902893066e-01 -3.428285121917724609e-01 2.079021483659744263e-01 8.474648594856262207e-01
-8.505865931510925293e-02 7.631033658981323242e-01 1.180639743804931641e+00 -3.566194474697113037e-01 -3.385632932186126709e-01 1.962361186742782593e-01 8.483448624610900879e-01
-8.550128340721130371e-02 7.632324099540710449e-01 1.180932760238647461e+00 -3.639785945415496826e-01 -3.353455364704132080e-01 1.861381977796554565e-01 8.487730026245117188e-01
-8.596843481063842773e-02 7.631546258926391602e-01 1.181258678436279297e+00 -3.705359697341918945e-01 -3.324797451496124268e-01 1.769150048494338989e-01 8.490356206893920898e-01
-8.680358529090881348e-02 7.631139159202575684e-01 1.181474447250366211e+00 -3.756981790065765381e-01 -3.301690518856048584e-01 1.686311215162277222e-01 8.493543863296508789e-01
-8.708006143569946289e-02 7.629172205924987793e-01 1.181982159614562988e+00 -3.805460333824157715e-01 -3.287258446216583252e-01 1.616733670234680176e-01 8.491088747978210449e-01
-8.796760439872741699e-02 7.628585696220397949e-01 1.182430982589721680e+00 -3.842929899692535400e-01 -3.272835016250610352e-01 1.552128046751022339e-01 8.491840362548828125e-01
-8.874055743217468262e-02 7.625693082809448242e-01 1.183011531829833984e+00 -3.875068128108978271e-01 -3.260783553123474121e-01 1.495432406663894653e-01 8.492044806480407715e-01
-8.986064791679382324e-02 7.624257206916809082e-01 1.183579444885253906e+00 -3.900759220123291016e-01 -3.248074054718017578e-01 1.445463299751281738e-01 8.493805527687072754e-01
-9.108659625053405762e-02 7.621724605560302734e-01 1.184154391288757324e+00 -3.923726081848144531e-01 -3.232190907001495361e-01 1.399688571691513062e-01 8.496952056884765625e-01
-9.236338734626770020e-02 7.619292736053466797e-01 1.184786081314086914e+00 -3.941847383975982666e-01 -3.213630020618438721e-01 1.358398646116256714e-01 8.502303957939147949e-01
-9.371224045753479004e-02 7.616158723831176758e-01 1.185572743415832520e+00 -3.960244953632354736e-01 -3.191568553447723389e-01 1.320238709449768066e-01 8.508074283599853516e-01
-9.527406096458435059e-02 7.612810730934143066e-01 1.186451554298400879e+00 -3.978193402290344238e-01 -3.160849511623382568e-01 1.282174736261367798e-01 8.516985177993774414e-01
-9.696817398071289062e-02 7.609047889709472656e-01 1.187194585800170898e+00 -3.992259800434112549e-01 -3.124398887157440186e-01 1.245909258723258972e-01 8.529226183891296387e-01
-9.874123334884643555e-02 7.605260610580444336e-01 1.188020944595336914e+00 -4.008985161781311035e-01 -3.078041076660156250e-01 1.209294348955154419e-01 8.543495535850524902e-01
-1.006316542625427246e-01 7.600964307785034180e-01 1.188946366310119629e+00 -4.028018712997436523e-01 -3.020507395267486572e-01 1.172601953148841858e-01 8.560175299644470215e-01
-1.027201414108276367e-01 7.595958709716796875e-01 1.189894914627075195e+00 -4.051096439361572266e-01 -2.951074838638305664e-01 1.129724085330963135e-01 8.579248785972595215e-01
-1.050001829862594604e-01 7.589422464370727539e-01 1.190800428390502930e+00 -4.074102640151977539e-01 -2.865332365036010742e-01 1.081494614481925964e-01 8.603599667549133301e-01
-1.072802245616912842e-01 7.583533525466918945e-01 1.191826224327087402e+00 -4.103469848632812500e-01 -2.764001786708831787e-01 1.031852886080741882e-01 8.628853559494018555e-01
-1.098407357931137085e-01 7.576631307601928711e-01 1.192797183990478516e+00 -4.139105379581451416e-01 -2.643712759017944336e-01 9.721523523330688477e-02 8.656414747238159180e-01
-1.118602752685546875e-01 7.571234107017517090e-01 1.193647146224975586e+00 -4.179656803607940674e-01 -2.509058415889739990e-01 9.074783325195312500e-02 8.683984279632568359e-01
-1.145593225955963135e-01 7.564246654510498047e-01 1.194687366485595703e+00 -4.224519431591033936e-01 -2.353462129831314087e-01 8.359229564666748047e-02 8.712972402572631836e-01
-1.174399703741073608e-01 7.555412054061889648e-01 1.195662736892700195e+00 -4.272227585315704346e-01 -2.181701511144638062e-01 7.579899579286575317e-02 8.741493225097656250e-01
-1.203274801373481750e-01 7.545611858367919922e-01 1.196669340133666992e+00 -4.320849478244781494e-01 -1.996966004371643066e-01 6.738637387752532959e-02 8.768597245216369629e-01
-1.234227865934371948e-01 7.537252902984619141e-01 1.197618246078491211e+00 -4.369613528251647949e-01 -1.801561713218688965e-01 5.909596756100654602e-02 8.792703151702880859e-01
-1.264645010232925415e-01 7.527812123298645020e-01 1.198478579521179199e+00 -4.418053030967712402e-01 -1.595842987298965454e-01 5.015014484524726868e-02 8.813772797584533691e-01
-1.296473443508148193e-01 7.515314817428588867e-01 1.199457406997680664e+00 -4.465501010417938232e-01 -1.388577222824096680e-01 4.146941378712654114e-02 8.829450607299804688e-01
-1.330530494451522827e-01 7.503457069396972656e-01 1.200345158576965332e+00 -4.508751928806304932e-01 -1.174940168857574463e-01 3.265314921736717224e-02 8.842174410820007324e-01
-1.364639997482299805e-01 7.491930127143859863e-01 1.201255083084106445e+00 -4.547841548919677734e-01 -9.630265831947326660e-02 2.425510995090007782e-02 8.850474357604980469e-01
-1.400166451930999756e-01 7.479804754257202148e-01 1.202045083045959473e+00 -4.579816162586212158e-01 -7.559541612863540649e-02 1.590507850050926208e-02 8.855988383293151855e-01
-1.437924653291702271e-01 7.471182346343994141e-01 1.202663421630859375e+00 -4.605794847011566162e-01 -5.443389713764190674e-02 7.702141534537076950e-03 8.859143257141113281e-01
-1.475551128387451172e-01 7.457054853439331055e-01 1.203443765640258789e+00 -4.627803862094879150e-01 -3.474650532007217407e-02 3.265516133978962898e-04 8.857917189598083496e-01
-1.513625681400299072e-01 7.442758679389953613e-01 1.204107046127319336e+00 -4.643036127090454102e-01 -1.609525270760059357e-02 -6.239444017410278320e-03 8.855079412460327148e-01
-1.553683876991271973e-01 7.431074380874633789e-01 1.204708576202392578e+00 -4.648978412151336670e-01 1.291081076487898827e-03 -1.207875460386276245e-02 8.852810859680175781e-01
-1.593164205551147461e-01 7.415667772293090820e-01 1.205324411392211914e+00 -4.648947119712829590e-01 1.741419546306133270e-02 -1.601751148700714111e-02 8.850498199462890625e-01
-1.634904444217681885e-01 7.399519681930541992e-01 1.205850958824157715e+00 -4.640390872955322266e-01 3.243928030133247375e-02 -1.814088411629199982e-02 8.850346803665161133e-01
-1.677321791648864746e-01 7.383559942245483398e-01 1.206476211547851562e+00 -4.625784158706665039e-01 4.501862823963165283e-02 -2.001820877194404602e-02 8.852084279060363770e-01
-1.720387786626815796e-01 7.370640635490417480e-01 1.206856131553649902e+00 -4.601400792598724365e-01 5.467638745903968811e-02 -2.153817377984523773e-02 8.858994245529174805e-01
-1.770634502172470093e-01 7.355573177337646484e-01 1.207597732543945312e+00 -4.575757980346679688e-01 6.170442700386047363e-02 -2.372075431048870087e-02 8.867098093032836914e-01
-1.816477626562118530e-01 7.336421012878417969e-01 1.208184719085693359e+00 -4.543399810791015625e-01 6.469241529703140259e-02 -2.469189465045928955e-02 8.881331086158752441e-01
-1.863871365785598755e-01 7.318720817565917969e-01 1.208570122718811035e+00 -4.495035111904144287e-01 6.618808954954147339e-02 -2.155231498181819916e-02 8.905623555183410645e-01
-1.912223398685455322e-01 7.300600409507751465e-01 1.209090709686279297e+00 -4.439731240272521973e-01 6.475413590669631958e-02 -1.686005666851997375e-02 8.935382366180419922e-01
-1.960471272468566895e-01 7.281565666198730469e-01 1.209513545036315918e+00 -4.376696050167083740e-01 6.060919910669326782e-02 -1.063398830592632294e-02 8.970277905464172363e-01
-2.013128697872161865e-01 7.259505391120910645e-01 1.210316896438598633e+00 -4.308071136474609375e-01 5.447361990809440613e-02 -3.363865660503506660e-03 9.007921814918518066e-01
-2.067138552665710449e-01 7.237790226936340332e-01 1.211043238639831543e+00 -4.229736626148223877e-01 4.600702971220016479e-02 5.396355874836444855e-03 9.049572348594665527e-01
-2.131004482507705688e-01 7.221926450729370117e-01 1.212091922760009766e+00 -4.144628047943115234e-01 3.701703995466232300e-02 1.402232516556978226e-02 9.092049598693847656e-01
-2.187711298465728760e-01 7.201505303382873535e-01 1.212981462478637695e+00 -4.046449959278106689e-01 2.509220503270626068e-02 2.500726655125617981e-02 9.137874245643615723e-01
-2.248203754425048828e-01 7.176359295845031738e-01 1.213936924934387207e+00 -3.945169448852539062e-01 1.224606763571500778e-02 3.654278442263603210e-02 9.180800914764404297e-01
-2.303158342838287354e-01 7.153406143188476562e-01 1.214946389198303223e+00 -3.831939399242401123e-01 -2.387956017628312111e-03 4.960513487458229065e-02 9.223318696022033691e-01
-2.359029054641723633e-01 7.130463123321533203e-01 1.216349720954895020e+00 -3.716205656528472900e-01 -1.786641962826251984e-02 6.325884163379669189e-02 9.260547161102294922e-01
-2.420052886009216309e-01 7.105455398559570312e-01 1.217602014541625977e+00 -3.590717613697052002e-01 -3.346320614218711853e-02 7.775279134511947632e-02 9.294633865356445312e-01
-2.486464232206344604e-01 7.078626751899719238e-01 1.219253182411193848e+00 -3.459134697914123535e-01 -4.934495687484741211e-02 9.220741689205169678e-02 9.324198365211486816e-01
-2.541823685169219971e-01 7.055893540382385254e-01 1.221129298210144043e+00 -3.321213722229003906e-01 -6.635405868291854858e-02 1.081495061516761780e-01 9.346637129783630371e-01
-2.604372203350067139e-01 7.026672363281250000e-01 1.223175764083862305e+00 -3.177679777145385742e-01 -8.259265869855880737e-02 1.240901947021484375e-01 9.363780021667480469e-01
-2.664396464824676514e-01 7.001125216484069824e-01 1.225205063819885254e+00 -3.025007545948028564e-01 -9.864289313554763794e-02 1.408260166645050049e-01 9.375131726264953613e-01
-2.725090980529785156e-01 6.974007487297058105e-01 1.227461814880371094e+00 -2.870232760906219482e-01 -1.145456507802009583e-01 1.569033563137054443e-01 9.380183219909667969e-01
-2.787893116474151611e-01 6.942095160484313965e-01 1.230034708976745605e+00 -2.716789841651916504e-01 -1.291514188051223755e-01 1.734905540943145752e-01 9.377694129943847656e-01
-2.850378751754760742e-01 6.909973025321960449e-01 1.232728838920593262e+00 -2.558043003082275391e-01 -1.428697556257247925e-01 1.900633722543716431e-01 9.370316863059997559e-01
-2.901838123798370361e-01 6.883797049522399902e-01 1.235302925109863281e+00 -2.398875057697296143e-01 -1.556578576564788818e-01 2.068806886672973633e-01 9.356415271759033203e-01
-2.957485020160675049e-01 6.859729886054992676e-01 1.237515449523925781e+00 -2.234612107276916504e-01 -1.664506196975708008e-01 2.236464768648147583e-01 9.339922666549682617e-01
-3.006635904312133789e-01 6.834537982940673828e-01 1.240000486373901367e+00 -2.075729072093963623e-01 -1.757025718688964844e-01 2.400772720575332642e-01 9.318825006484985352e-01
-3.049348592758178711e-01 6.813262104988098145e-01 1.241953015327453613e+00 -1.915812343358993530e-01 -1.835394948720932007e-01 2.561633884906768799e-01 9.295107126235961914e-01
-3.083366155624389648e-01 6.789624094963073730e-01 1.243745207786560059e+00 -1.759786009788513184e-01 -1.899792253971099854e-01 2.717341482639312744e-01 9.268765449523925781e-01
-3.111206293106079102e-01 6.767646074295043945e-01 1.245453715324401855e+00 -1.609444171190261841e-01 -1.956006437540054321e-01 2.869846224784851074e-01 9.238382577896118164e-01
-3.139413297176361084e-01 6.751022338867187500e-01 1.247038483619689941e+00 -1.458711475133895874e-01 -1.995927989482879639e-01 3.020006716251373291e-01 9.206953644752502441e-01
-3.164212405681610107e-01 6.728007793426513672e-01 1.248351097106933594e+00 -1.317532807588577271e-01 -2.021173834800720215e-01 3.161825239658355713e-01 9.175065159797668457e-01
-3.186339735984802246e-01 6.704607009887695312e-01 1.249691247940063477e+00 -1.184458062052726746e-01 -2.036161124706268311e-01 3.298108279705047607e-01 9.141859412193298340e-01
-3.207255601882934570e-01 6.686484813690185547e-01 1.250391602516174316e+00 -1.049233376979827881e-01 -2.041255086660385132e-01 3.426818847656250000e-01 9.109846353530883789e-01
-3.215643763542175293e-01 6.679845452308654785e-01 1.251252651214599609e+00 -9.183239191770553589e-02 -2.044492512941360474e-01 3.551767766475677490e-01 9.075333476066589355e-01
-3.226763308048248291e-01 6.673520803451538086e-01 1.251654267311096191e+00 -7.928075641393661499e-02 -2.038353085517883301e-01 3.668331503868103027e-01 9.042119979858398438e-01
-3.217965364456176758e-01 6.675231456756591797e-01 1.252731561660766602e+00 -6.790528446435928345e-02 -2.037905603647232056e-01 3.780339360237121582e-01 9.005269408226013184e-01
-3.227357268333435059e-01 6.661100387573242188e-01 1.252610445022583008e+00 -5.707903951406478882e-02 -2.018503993749618530e-01 3.878160417079925537e-01 8.975506424903869629e-01
-3.235788941383361816e-01 6.650859117507934570e-01 1.253275036811828613e+00 -4.729841277003288269e-02 -1.998900026082992554e-01 3.968884348869323730e-01 8.945873379707336426e-01
-3.246385455131530762e-01 6.643477082252502441e-01 1.253247022628784180e+00 -3.771798312664031982e-02 -1.976612955331802368e-01 4.054900407791137695e-01 8.916755318641662598e-01
-3.248223662376403809e-01 6.637080907821655273e-01 1.254191756248474121e+00 -2.963176369667053223e-02 -1.962282955646514893e-01 4.129170179367065430e-01 8.888847231864929199e-01
-3.261680603027343750e-01 6.628381013870239258e-01 1.254632472991943359e+00 -2.227137424051761627e-02 -1.942985206842422485e-01 4.192561507225036621e-01 8.865531086921691895e-01
-3.281360864639282227e-01 6.615079045295715332e-01 1.255988836288452148e+00 -1.595197245478630066e-02 -1.926606744527816772e-01 4.239436388015747070e-01 8.848159313201904297e-01
-3.298161029815673828e-01 6.611720919609069824e-01 1.257399201393127441e+00 -1.021665986627340317e-02 -1.915884912014007568e-01 4.283412396907806396e-01 8.830137848854064941e-01
-3.318415880203247070e-01 6.601146459579467773e-01 1.258829355239868164e+00 -5.994648206979036331e-03 -1.909121721982955933e-01 4.305775463581085205e-01 8.821108937263488770e-01
-3.347855508327484131e-01 6.587058901786804199e-01 1.260607361793518066e+00 -3.110688645392656326e-03 -1.902554482221603394e-01 4.324248731136322021e-01 8.813636898994445801e-01
-3.386188149452209473e-01 6.576187014579772949e-01 1.262125015258789062e+00 -2.533415798097848892e-03 -1.905360668897628784e-01 4.325484335422515869e-01 8.812442421913146973e-01
-3.423887193202972412e-01 6.563006639480590820e-01 1.263293147087097168e+00 -1.984020229429006577e-03 -1.911339312791824341e-01 4.321391284465789795e-01 8.813170194625854492e-01
-3.459177613258361816e-01 6.533972024917602539e-01 1.265235662460327148e+00 -2.083337632939219475e-03 -1.924579590559005737e-01 4.302918910980224609e-01 8.819322586059570312e-01
-3.506191670894622803e-01 6.494998335838317871e-01 1.266189098358154297e+00 -2.755434252321720123e-03 -1.935472041368484497e-01 4.280589520931243896e-01 8.827782869338989258e-01
-3.549072742462158203e-01 6.465069055557250977e-01 1.266869902610778809e+00 -5.322573706507682800e-03 -1.958648562431335449e-01 4.248290359973907471e-01 8.838149905204772949e-01
-3.592869043350219727e-01 6.443250179290771484e-01 1.267564773559570312e+00 -7.898512296378612518e-03 -1.992374509572982788e-01 4.201651215553283691e-01 8.852702975273132324e-01
-3.669193685054779053e-01 6.399396657943725586e-01 1.266645073890686035e+00 -1.173130329698324203e-02 -2.008334994316101074e-01 4.144575595855712891e-01 8.875547051429748535e-01
-3.758195340633392334e-01 6.358937025070190430e-01 1.264696955680847168e+00 -1.573750376701354980e-02 -2.027666270732879639e-01 4.082300662994384766e-01 8.899360895156860352e-01
-3.819617927074432373e-01 6.328222751617431641e-01 1.263281106948852539e+00 -2.060415782034397125e-02 -2.061482667922973633e-01 4.015711545944213867e-01 8.920868635177612305e-01
-3.889964520931243896e-01 6.295810937881469727e-01 1.262193560600280762e+00 -2.585106715559959412e-02 -2.099477797746658325e-01 3.949519395828247070e-01 8.940171599388122559e-01
-3.950605690479278564e-01 6.245112419128417969e-01 1.260133504867553711e+00 -3.246055543422698975e-02 -2.137987613677978516e-01 3.869881331920623779e-01 8.963685631752014160e-01
-4.006333351135253906e-01 6.205121278762817383e-01 1.259440422058105469e+00 -3.954931721091270447e-02 -2.188590168952941895e-01 3.785272538661956787e-01 8.984730243682861328e-01
-4.081645011901855469e-01 6.159698367118835449e-01 1.256912827491760254e+00 -4.638882726430892944e-02 -2.228261381387710571e-01 3.698000907897949219e-01 9.008021950721740723e-01
-4.171072542667388916e-01 6.110423803329467773e-01 1.255051970481872559e+00 -5.359687283635139465e-02 -2.264858633279800415e-01 3.610584735870361328e-01 9.030328989028930664e-01
-4.263001084327697754e-01 6.059695482254028320e-01 1.252855062484741211e+00 -6.132625788450241089e-02 -2.301673740148544312e-01 3.515783548355102539e-01 9.053478837013244629e-01
-4.329098761081695557e-01 6.035536527633666992e-01 1.250256419181823730e+00 -6.847866624593734741e-02 -2.354069799184799194e-01 3.425090610980987549e-01 9.069629907608032227e-01
-4.425893127918243408e-01 6.010560989379882812e-01 1.247387290000915527e+00 -7.523123174905776978e-02 -2.392797470092773438e-01 3.338462114334106445e-01 9.086431264877319336e-01
-4.520609378814697266e-01 5.968292951583862305e-01 1.244484663009643555e+00 -8.343286812305450439e-02 -2.431373745203018188e-01 3.248037397861480713e-01 9.101789593696594238e-01
-4.618014693260192871e-01 5.947954654693603516e-01 1.241214871406555176e+00 -9.006614983081817627e-02 -2.470986098051071167e-01 3.165146708488464355e-01 9.113994240760803223e-01
-4.728095531463623047e-01 5.910937190055847168e-01 1.236595511436462402e+00 -9.671952575445175171e-02 -2.500412762165069580e-01 3.081025779247283936e-01 9.127965569496154785e-01
-4.836505353450775146e-01 5.861978530883789062e-01 1.232743859291076660e+00 -1.041276901960372925e-01 -2.533271014690399170e-01 2.999439537525177002e-01 9.137924313545227051e-01
-4.936257302761077881e-01 5.811140537261962891e-01 1.228517889976501465e+00 -1.113307178020477295e-01 -2.563901841640472412e-01 2.922458946704864502e-01 9.145829677581787109e-01
-5.042827129364013672e-01 5.759665369987487793e-01 1.222867965698242188e+00 -1.181165277957916260e-01 -2.585565745830535889e-01 2.849984765052795410e-01 9.154086112976074219e-01
-5.153185129165649414e-01 5.713829398155212402e-01 1.217661619186401367e+00 -1.240457147359848022e-01 -2.611805498600006104e-01 2.783990204334259033e-01 9.159101843833923340e-01
-5.259736180305480957e-01 5.659776329994201660e-01 1.212581634521484375e+00 -1.305571794509887695e-01 -2.635013759136199951e-01 2.721682488918304443e-01 9.162130355834960938e-01
-5.370756983757019043e-01 5.604606270790100098e-01 1.207019329071044922e+00 -1.366072297096252441e-01 -2.658352851867675781e-01 2.659441530704498291e-01 9.164845347404479980e-01
-5.487871170043945312e-01 5.544941425323486328e-01 1.201457619667053223e+00 -1.424263864755630493e-01 -2.677442431449890137e-01 2.591427862644195557e-01 9.169911146163940430e-01
-5.610632300376892090e-01 5.488745570182800293e-01 1.195674777030944824e+00 -1.477349251508712769e-01 -2.693440616130828857e-01 2.531230151653289795e-01 9.173641204833984375e-01
-5.720717906951904297e-01 5.413950085639953613e-01 1.189880609512329102e+00 -1.542384475469589233e-01 -2.714403569698333740e-01 2.464658766984939575e-01 9.174885153770446777e-01
-5.839034914970397949e-01 5.345786809921264648e-01 1.182993888854980469e+00 -1.595219671726226807e-01 -2.727104425430297852e-01 2.406374812126159668e-01 9.177556633949279785e-01
-5.931587815284729004e-01 5.261681675910949707e-01 1.173824429512023926e+00 -1.652729362249374390e-01 -2.739296257495880127e-01 2.349766045808792114e-01 9.178417325019836426e-01
-5.994890928268432617e-01 5.179262757301330566e-01 1.163086175918579102e+00 -1.705972850322723389e-01 -2.752063870429992676e-01 2.293829321861267090e-01 9.179005622863769531e-01
-6.052438020706176758e-01 5.100708603858947754e-01 1.152050495147705078e+00 -1.758638471364974976e-01 -2.764882147312164307e-01 2.239948213100433350e-01 9.178521633148193359e-01
-6.107031702995300293e-01 5.016507506370544434e-01 1.141273021697998047e+00 -1.819174587726593018e-01 -2.775439620018005371e-01 2.183334529399871826e-01 9.177178144454956055e-01
-6.144399642944335938e-01 4.922523796558380127e-01 1.129882216453552246e+00 -1.882759034633636475e-01 -2.787879109382629395e-01 2.127089649438858032e-01 9.173790812492370605e-01
-6.189042925834655762e-01 4.837023019790649414e-01 1.119232535362243652e+00 -1.939473450183868408e-01 -2.796354591846466064e-01 2.066837102174758911e-01 9.173169136047363281e-01
-6.230885386466979980e-01 4.746388792991638184e-01 1.109031200408935547e+00 -1.998028755187988281e-01 -2.804706990718841553e-01 2.007070332765579224e-01 9.171323180198669434e-01
-6.269738078117370605e-01 4.652233719825744629e-01 1.099091768264770508e+00 -2.060208022594451904e-01 -2.811142206192016602e-01 1.942637860774993896e-01 9.169470071792602539e-01
-6.305973529815673828e-01 4.550639986991882324e-01 1.089253425598144531e+00 -2.126202136278152466e-01 -2.816657423973083496e-01 1.877366751432418823e-01 9.166308045387268066e-01
-6.349564790725708008e-01 4.458732008934020996e-01 1.079275608062744141e+00 -2.183215618133544922e-01 -2.817254662513732910e-01 1.810208559036254883e-01 9.166231751441955566e-01
-6.379714608192443848e-01 4.345261752605438232e-01 1.069511175155639648e+00 -2.250300347805023193e-01 -2.823532223701477051e-01 1.736602932214736938e-01 9.162315726280212402e-01
-6.414807438850402832e-01 4.235460758209228516e-01 1.059668660163879395e+00 -2.318093031644821167e-01 -2.822787761688232422e-01 1.665495783090591431e-01 9.158844947814941406e-01
-6.448171734809875488e-01 4.126053452491760254e-01 1.050456166267395020e+00 -2.384560257196426392e-01 -2.821328639984130859e-01 1.587330847978591919e-01 9.156110882759094238e-01
-6.477285623550415039e-01 4.013585448265075684e-01 1.041586518287658691e+00 -2.451464384794235229e-01 -2.822247445583343506e-01 1.506179720163345337e-01 9.151867032051086426e-01
-6.506323218345642090e-01 3.906250894069671631e-01 1.032801389694213867e+00 -2.519455552101135254e-01 -2.821505665779113770e-01 1.424746513366699219e-01 9.146668910980224609e-01
-6.531130075454711914e-01 3.788652718067169189e-01 1.024195909500122070e+00 -2.589602470397949219e-01 -2.820425033569335938e-01 1.339371055364608765e-01 9.140309691429138184e-01
-6.555462479591369629e-01 3.676232993602752686e-01 1.015863299369812012e+00 -2.660484313964843750e-01 -2.819325029850006104e-01 1.255320757627487183e-01 9.132217764854431152e-01
-6.587364077568054199e-01 3.564397692680358887e-01 1.007046222686767578e+00 -2.730935513973236084e-01 -2.808036208152770996e-01 1.166167482733726501e-01 9.126718044281005859e-01
-6.613856554031372070e-01 3.450095951557159424e-01 9.987969398498535156e-01 -2.802077233791351318e-01 -2.800893485546112061e-01 1.075908616185188293e-01 9.118431210517883301e-01
-6.636029481887817383e-01 3.333363831043243408e-01 9.909967184066772461e-01 -2.875962853431701660e-01 -2.797713577747344971e-01 9.828346222639083862e-02 9.106903076171875000e-01
-6.657093763351440430e-01 3.216118812561035156e-01 9.831272363662719727e-01 -2.949544489383697510e-01 -2.791883647441864014e-01 8.923791348934173584e-02 9.094462394714355469e-01
-6.680225133895874023e-01 3.099235892295837402e-01 9.755098819732666016e-01 -3.023017346858978271e-01 -2.786133885383605957e-01 7.972715795040130615e-02 9.080924391746520996e-01
-6.703719496726989746e-01 2.984703481197357178e-01 9.677504301071166992e-01 -3.094877898693084717e-01 -2.777087092399597168e-01 7.047001272439956665e-02 9.067134261131286621e-01
-6.724339127540588379e-01 2.863284349441528320e-01 9.596043825149536133e-01 -3.168875277042388916e-01 -2.768763303756713867e-01 6.109922379255294800e-02 9.050905108451843262e-01
-6.746430993080139160e-01 2.753026783466339111e-01 9.518938064575195312e-01 -3.238088190555572510e-01 -2.760566771030426025e-01 5.191747099161148071e-02 9.034628868103027344e-01
-6.764776706695556641e-01 2.640141844749450684e-01 9.444383382797241211e-01 -3.308603465557098389e-01 -2.753280401229858398e-01 4.263281449675559998e-02 9.016143679618835449e-01
-6.785596609115600586e-01 2.526804208755493164e-01 9.369420409202575684e-01 -3.377754390239715576e-01 -2.744869887828826904e-01 3.326537832617759705e-02 8.996989130973815918e-01
-6.803284287452697754e-01 2.422634810209274292e-01 9.300693273544311523e-01 -3.446313738822937012e-01 -2.737060785293579102e-01 2.412487380206584930e-02 8.976258039474487305e-01
