-0.000000000000000000e+00 -0.000000000000000000e+00 -0.000000000000000000e+00 -0.000000000000000000e+00 -0.000000000000000000e+00 -0.000000000000000000e+00 1.000000000000000000e+00
-0.000000000000000000e+00 -0.000000000000000000e+00 -0.000000000000000000e+00 -0.000000000000000000e+00 -0.000000000000000000e+00 -0.000000000000000000e+00 1.000000000000000000e+00
1.507778186351060867e-02 1.688286289572715759e-02 2.509103901684284210e-02 -4.574957303702831268e-03 1.640291768126189709e-03 -2.868862124159932137e-03 9.999841451644897461e-01
2.209081873297691345e-02 2.450037188827991486e-02 3.758654370903968811e-02 -6.992638111114501953e-03 3.764759516343474388e-03 -4.329271148890256882e-03 9.999591112136840820e-01
2.209081873297691345e-02 2.450037188827991486e-02 3.758654370903968811e-02 -6.992638111114501953e-03 3.764759516343474388e-03 -4.329271148890256882e-03 9.999591112136840820e-01
3.685200586915016174e-02 3.798064589500427246e-02 6.277154386043548584e-02 -1.187003869563341141e-02 1.006969995796680450e-02 -8.242436684668064117e-03 9.998449087142944336e-01
3.685200586915016174e-02 3.798064589500427246e-02 6.277154386043548584e-02 -1.187003869563341141e-02 1.006969995796680450e-02 -8.242436684668064117e-03 9.998449087142944336e-01
5.382546037435531616e-02 5.060458555817604065e-02 8.421880751848220825e-02 -1.622125692665576935e-02 1.843211241066455841e-02 -1.357167027890682220e-02 9.996064305305480957e-01
5.382546037435531616e-02 5.060458555817604065e-02 8.421880751848220825e-02 -1.622125692665576935e-02 1.843211241066455841e-02 -1.357167027890682220e-02 9.996064305305480957e-01
6.838551908731460571e-02 6.386807560920715332e-02 1.095699295401573181e-01 -2.169220149517059326e-02 3.031911328434944153e-02 -2.043307386338710785e-02 9.990959167480468750e-01
6.838551908731460571e-02 6.386807560920715332e-02 1.095699295401573181e-01 -2.169220335781574249e-02 3.031911514699459076e-02 -2.043307572603225708e-02 9.990959763526916504e-01
8.046702295541763306e-02 7.689878344535827637e-02 1.299402266740798950e-01 -2.650432661175727844e-02 4.335807636380195618e-02 -2.841744385659694672e-02 9.983035922050476074e-01
8.046702295541763306e-02 7.689878344535827637e-02 1.299402266740798950e-01 -2.650432661175727844e-02 4.335807636380195618e-02 -2.841744385659694672e-02 9.983035922050476074e-01
9.447041898965835571e-02 8.778215199708938599e-02 1.501122266054153442e-01 -3.165140748023986816e-02 5.599605664610862732e-02 -3.562366962432861328e-02 9.972931742668151855e-01
1.005320996046066284e-01 9.469782561063766479e-02 1.600191891193389893e-01 -3.339936211705207825e-02 6.229702383279800415e-02 -3.961708769202232361e-02 9.967116713523864746e-01
1.078754439949989319e-01 1.024367213249206543e-01 1.726704686880111694e-01 -3.534204885363578796e-02 6.791667640209197998e-02 -4.335411265492439270e-02 9.961218833923339844e-01
1.149935722351074219e-01 1.106609106063842773e-01 1.841619759798049927e-01 -3.697838261723518372e-02 7.422269880771636963e-02 -4.681049659848213196e-02 9.954558610916137695e-01
1.196883916854858398e-01 1.189153343439102173e-01 1.965653151273727417e-01 -3.861064463853836060e-02 8.135059475898742676e-02 -5.170378461480140686e-02 9.945944547653198242e-01
1.560785025358200073e-01 1.182287037372589111e-01 1.830423325300216675e-01 -3.494735807180404663e-02 6.583987921476364136e-02 -4.728654026985168457e-02 9.960963129997253418e-01
1.658238172531127930e-01 1.272401064634323120e-01 1.946647614240646362e-01 -3.552012890577316284e-02 7.086996734142303467e-02 -5.049774795770645142e-02 9.955731034278869629e-01
1.752273738384246826e-01 1.336499303579330444e-01 2.034393846988677979e-01 -3.583956137299537659e-02 7.449232786893844604e-02 -5.128524079918861389e-02 9.952569007873535156e-01
1.881580203771591187e-01 1.431635618209838867e-01 2.136458754539489746e-01 -3.496022894978523254e-02 7.772674411535263062e-02 -5.027447268366813660e-02 9.950923919677734375e-01
2.003767788410186768e-01 1.505869179964065552e-01 2.234795987606048584e-01 -3.521191701292991638e-02 8.145739883184432983e-02 -5.012079328298568726e-02 9.947928190231323242e-01
2.190142720937728882e-01 1.521738469600677490e-01 2.249803543090820312e-01 -3.583833202719688416e-02 8.339027315378189087e-02 -4.791246727108955383e-02 9.947190880775451660e-01
2.451691329479217529e-01 1.521737128496170044e-01 2.290266454219818115e-01 -3.490972146391868591e-02 8.153081685304641724e-02 -4.689009487628936768e-02 9.949550032615661621e-01
2.664322853088378906e-01 1.510867923498153687e-01 2.367471009492874146e-01 -3.347008675336837769e-02 8.573041111230850220e-02 -4.899597167968750000e-02 9.945499300956726074e-01
3.065671026706695557e-01 1.455004513263702393e-01 2.286013066768646240e-01 -3.080764040350914001e-02 6.821453571319580078e-02 -4.102713987231254578e-02 9.963505864143371582e-01
3.262433111667633057e-01 1.470225304365158081e-01 2.378003150224685669e-01 -2.977662533521652222e-02 6.863299757242202759e-02 -4.017695784568786621e-02 9.963878393173217773e-01
3.431524038314819336e-01 1.496450453996658325e-01 2.442619204521179199e-01 -2.939389646053314209e-02 6.888875365257263184e-02 -3.928431123495101929e-02 9.964171648025512695e-01
3.636921346187591553e-01 1.488786190748214722e-01 2.535468935966491699e-01 -3.082598745822906494e-02 6.684582680463790894e-02 -3.972250968217849731e-02 9.964956641197204590e-01
3.838631510734558105e-01 1.534321308135986328e-01 2.593307495117187500e-01 -3.064995259046554565e-02 6.675522774457931519e-02 -3.915173560380935669e-02 9.965297579765319824e-01
4.013293385505676270e-01 1.596517413854598999e-01 2.700279951095581055e-01 -2.980109862983226776e-02 6.673008948564529419e-02 -3.932766243815422058e-02 9.965502619743347168e-01
4.138807356357574463e-01 1.672920882701873779e-01 2.832109332084655762e-01 -2.957844920456409454e-02 6.781129539012908936e-02 -4.080677032470703125e-02 9.964244365692138672e-01
4.216507375240325928e-01 1.778221130371093750e-01 2.978816926479339600e-01 -3.026312030851840973e-02 6.819097697734832764e-02 -4.022357985377311707e-02 9.964016675949096680e-01
4.216172397136688232e-01 1.909815371036529541e-01 3.103010952472686768e-01 -2.989316917955875397e-02 6.891784071922302246e-02 -3.893975168466567993e-02 9.964138269424438477e-01
4.204247593879699707e-01 2.022220641374588013e-01 3.167628943920135498e-01 -3.001428022980690002e-02 6.933148205280303955e-02 -4.041443392634391785e-02 9.963227510452270508e-01
4.217454493045806885e-01 2.149726003408432007e-01 3.323651850223541260e-01 -3.038650751113891602e-02 6.901556253433227539e-02 -4.075903445482254028e-02 9.963194131851196289e-01
4.224178791046142578e-01 2.281056493520736694e-01 3.464431762695312500e-01 -3.022697754204273224e-02 6.893207132816314697e-02 -4.089288786053657532e-02 9.963245391845703125e-01
4.246456921100616455e-01 2.407927811145782471e-01 3.621690571308135986e-01 -3.071583621203899384e-02 6.795050203800201416e-02 -4.182156547904014587e-02 9.963384270668029785e-01
4.246046543121337891e-01 2.569479048252105713e-01 3.797438442707061768e-01 -2.978524193167686462e-02 6.902842223644256592e-02 -4.163743928074836731e-02 9.963002800941467285e-01
4.276776313781738281e-01 2.724089324474334717e-01 3.966770768165588379e-01 -3.050222992897033691e-02 6.813830882310867310e-02 -4.232346639037132263e-02 9.963110089302062988e-01
4.287557899951934814e-01 2.903154194355010986e-01 4.148187041282653809e-01 -2.978344634175300598e-02 6.897915154695510864e-02 -4.121990501880645752e-02 9.963211417198181152e-01
4.318909347057342529e-01 3.054518401622772217e-01 4.285210371017456055e-01 -2.982889302074909210e-02 6.921346485614776611e-02 -4.051848128437995911e-02 9.963322877883911133e-01
4.363217949867248535e-01 3.189224600791931152e-01 4.463123679161071777e-01 -3.065620362758636475e-02 6.860923022031784058e-02 -4.129089415073394775e-02 9.963172078132629395e-01
4.384601712226867676e-01 3.340373635292053223e-01 4.602317810058593750e-01 -3.072101622819900513e-02 6.882328540086746216e-02 -4.132562875747680664e-02 9.962990283966064453e-01
4.425914585590362549e-01 3.493349254131317139e-01 4.723450541496276855e-01 -3.011716529726982117e-02 6.933170557022094727e-02 -4.053671285510063171e-02 9.963147044181823730e-01
4.439298212528228760e-01 3.624778389930725098e-01 4.852622449398040771e-01 -3.029790706932544708e-02 6.986274570226669312e-02 -4.124737530946731567e-02 9.962428808212280273e-01
4.480698704719543457e-01 3.764696717262268066e-01 4.975012838840484619e-01 -3.063713200390338898e-02 6.839523464441299438e-02 -4.183522611856460571e-02 9.963098764419555664e-01
4.464195370674133301e-01 3.955569267272949219e-01 5.211428999900817871e-01 -2.970261126756668091e-02 6.930651515722274780e-02 -4.004591703414916992e-02 9.963487386703491211e-01
4.480214715003967285e-01 4.049566984176635742e-01 5.349898338317871094e-01 -3.202795237302780151e-02 6.799101084470748901e-02 -4.276393726468086243e-02 9.962543845176696777e-01
4.489408731460571289e-01 4.168910384178161621e-01 5.485257506370544434e-01 -3.222107887268066406e-02 6.814774125814437866e-02 -4.260639846324920654e-02 9.962441921234130859e-01
4.494526982307434082e-01 4.274128079414367676e-01 5.620614290237426758e-01 -3.255653008818626404e-02 6.778850406408309937e-02 -4.310973733663558960e-02 9.962361454963684082e-01
4.510173201560974121e-01 4.373336732387542725e-01 5.733705163002014160e-01 -3.289313986897468567e-02 6.711170822381973267e-02 -4.332643002271652222e-02 9.962615370750427246e-01
4.506199359893798828e-01 4.478085637092590332e-01 5.869157314300537109e-01 -3.275737538933753967e-02 6.736221164464950562e-02 -4.247119277715682983e-02 9.962859153747558594e-01
4.497956931591033936e-01 4.560892879962921143e-01 5.994341969490051270e-01 -3.315667435526847839e-02 6.704663485288619995e-02 -4.405047371983528137e-02 9.962254166603088379e-01
4.497165679931640625e-01 4.628296494483947754e-01 6.093767881393432617e-01 -3.358314931392669678e-02 6.678079813718795776e-02 -4.347424954175949097e-02 9.962543249130249023e-01
4.487765431404113770e-01 4.693413376808166504e-01 6.191734075546264648e-01 -3.316534683108329773e-02 6.650332361459732056e-02 -4.529365897178649902e-02 9.962057471275329590e-01
4.487075507640838623e-01 4.734257757663726807e-01 6.282359957695007324e-01 -3.420800715684890747e-02 6.558854877948760986e-02 -4.610905423760414124e-02 9.961937665939331055e-01
4.475403428077697754e-01 4.751300215721130371e-01 6.364907026290893555e-01 -3.506496176123619080e-02 6.442095339298248291e-02 -4.796262085437774658e-02 9.961526393890380859e-01
4.380992054939270020e-01 4.901355504989624023e-01 6.582196950912475586e-01 -2.868277207016944885e-02 7.129804790019989014e-02 -3.855917230248451233e-02 9.962967038154602051e-01
4.347997307777404785e-01 4.935666322708129883e-01 6.656517386436462402e-01 -2.663047052919864655e-02 7.322099804878234863e-02 -3.574676439166069031e-02 9.963191151618957520e-01
4.315277636051177979e-01 4.964529573917388916e-01 6.738545894622802734e-01 -2.756278775632381439e-02 7.204066216945648193e-02 -3.767409920692443848e-02 9.963087439537048340e-01
4.269913434982299805e-01 4.981794953346252441e-01 6.820444464683532715e-01 -2.907194569706916809e-02 7.111830264329910278e-02 -3.843681514263153076e-02 9.963030219078063965e-01
4.227474033832550049e-01 5.026726722717285156e-01 6.870477199554443359e-01 -2.905078232288360596e-02 7.026772946119308472e-02 -3.988465294241905212e-02 9.963070750236511230e-01
4.185765087604522705e-01 5.053827762603759766e-01 6.855170726776123047e-01 -2.703159116208553314e-02 7.367482036352157593e-02 -3.648144751787185669e-02 9.962481856346130371e-01
4.165917634963989258e-01 5.119384527206420898e-01 6.957802772521972656e-01 -2.879346348345279694e-02 7.036565244197845459e-02 -4.024068266153335571e-02 9.962932467460632324e-01
4.122626781463623047e-01 5.214561223983764648e-01 7.081210017204284668e-01 -3.111717291176319122e-02 6.913016736507415771e-02 -4.268721863627433777e-02 9.962081313133239746e-01
4.056143760681152344e-01 5.310807228088378906e-01 7.200782299041748047e-01 -2.713970653712749481e-02 7.253382354974746704e-02 -3.663094714283943176e-02 9.963235259056091309e-01
4.074012041091918945e-01 5.290550589561462402e-01 7.217067480087280273e-01 -3.214665502309799194e-02 6.833509355783462524e-02 -4.556794464588165283e-02 9.961026906967163086e-01
4.049979150295257568e-01 5.300469994544982910e-01 7.263113856315612793e-01 -2.963053621351718903e-02 6.892286241054534912e-02 -4.029396548867225647e-02 9.963675141334533691e-01
4.030766189098358154e-01 5.392794013023376465e-01 7.454113364219665527e-01 -3.136709704995155334e-02 6.895216554403305054e-02 -4.161215201020240784e-02 9.962580800056457520e-01
4.013526737689971924e-01 5.750455856323242188e-01 7.670280337333679199e-01 4.270214587450027466e-03 5.445745214819908142e-02 7.359538972377777100e-02 9.957910776138305664e-01
3.998909890651702881e-01 5.809974074363708496e-01 7.762063741683959961e-01 5.997512023895978928e-03 5.422686412930488586e-02 7.744718343019485474e-02 9.955025911331176758e-01
4.017439782619476318e-01 5.884637832641601562e-01 7.869765162467956543e-01 7.288717664778232574e-03 4.550581425428390503e-02 8.492034673690795898e-02 9.953213930130004883e-01
4.082055985927581787e-01 5.976558923721313477e-01 7.932874560356140137e-01 1.150842662900686264e-02 3.041610866785049438e-02 1.000233218073844910e-01 9.944535493850708008e-01
4.124139249324798584e-01 6.059887409210205078e-01 8.041948676109313965e-01 1.164853107184171677e-02 2.317139320075511932e-02 1.066462323069572449e-01 9.939587712287902832e-01
4.084273874759674072e-01 6.161304116249084473e-01 8.229765892028808594e-01 1.380302570760250092e-02 2.208155021071434021e-02 1.133412122726440430e-01 9.932148456573486328e-01
4.113118946552276611e-01 6.260548830032348633e-01 8.354356884956359863e-01 1.481352373957633972e-02 1.705880090594291687e-02 1.164103150367736816e-01 9.929442405700683594e-01
4.142377972602844238e-01 6.373485922813415527e-01 8.473832011222839355e-01 1.630044914782047272e-02 1.318722311407327652e-02 1.185342967510223389e-01 9.927285909652709961e-01
4.148196280002593994e-01 6.410219073295593262e-01 8.519805669784545898e-01 1.709072105586528778e-02 8.976929821074008942e-03 1.203412190079689026e-01 9.925448894500732422e-01
4.173687994480133057e-01 6.519363522529602051e-01 8.648731112480163574e-01 1.800978789106011391e-03 3.511839313432574272e-03 1.186418756842613220e-01 9.929292798042297363e-01
4.205501973628997803e-01 6.628090739250183105e-01 8.763833642005920410e-01 -1.615068688988685608e-02 -2.295467769727110863e-03 1.163380295038223267e-01 9.930757880210876465e-01
4.204953312873840332e-01 6.694871187210083008e-01 8.752431869506835938e-01 -3.400661796331405640e-02 -7.297813892364501953e-03 1.128053143620491028e-01 9.930082559585571289e-01
4.228776395320892334e-01 6.802862882614135742e-01 8.876535892486572266e-01 -5.644622445106506348e-02 -1.114752329885959625e-02 1.080621406435966492e-01 9.924777746200561523e-01
4.306884407997131348e-01 6.943321824073791504e-01 9.054036140441894531e-01 -8.128437399864196777e-02 -1.659645140171051025e-02 1.009402275085449219e-01 9.914274811744689941e-01
4.308374524116516113e-01 7.043393254280090332e-01 9.178651571273803711e-01 -1.065849140286445618e-01 -2.147366292774677277e-02 9.374947100877761841e-02 9.896411895751953125e-01
4.350562095642089844e-01 6.958199143409729004e-01 9.080841541290283203e-01 -1.334189027547836304e-01 -2.765306085348129272e-02 8.501341193914413452e-02 9.870194792747497559e-01
4.351741373538970947e-01 7.043185234069824219e-01 9.211685061454772949e-01 -1.613792181015014648e-01 -3.167133405804634094e-02 7.563339173793792725e-02 9.834801554679870605e-01
4.328871965408325195e-01 7.151255011558532715e-01 9.379235506057739258e-01 -1.897425055503845215e-01 -3.537603467702865601e-02 6.578654795885086060e-02 9.789885282516479492e-01
4.329817891120910645e-01 7.241482734680175781e-01 9.530504941940307617e-01 -2.186768501996994019e-01 -3.998270258307456970e-02 5.618391558527946472e-02 9.733577370643615723e-01
4.340603351593017578e-01 7.251403331756591797e-01 9.539201259613037109e-01 -2.465998083353042603e-01 -4.439294338226318359e-02 4.661617055535316467e-02 9.669771194458007812e-01
4.324940145015716553e-01 7.329412698745727539e-01 9.684249162673950195e-01 -2.747148573398590088e-01 -4.910619556903839111e-02 3.745750710368156433e-02 9.595401883125305176e-01
4.308660328388214111e-01 7.409637570381164551e-01 9.827779531478881836e-01 -3.022432923316955566e-01 -5.377393588423728943e-02 2.878165990114212036e-02 9.512776136398315430e-01
4.288648366928100586e-01 7.495161890983581543e-01 9.957984685897827148e-01 -3.280519843101501465e-01 -5.836764723062515259e-02 2.117305248975753784e-02 9.426170587539672852e-01
4.282176494598388672e-01 7.528101801872253418e-01 1.001066088676452637e+00 -3.528929054737091064e-01 -6.346840411424636841e-02 1.467322744429111481e-02 9.333933591842651367e-01
4.261326491832733154e-01 7.607386708259582520e-01 1.015330314636230469e+00 -3.765491843223571777e-01 -6.879087537527084351e-02 8.913505822420120239e-03 9.237960577011108398e-01
4.239390790462493896e-01 7.686197757720947266e-01 1.029362201690673828e+00 -3.984039127826690674e-01 -7.410137355327606201e-02 5.038573872298002243e-03 9.141980409622192383e-01
4.220452606678009033e-01 7.755985856056213379e-01 1.041924834251403809e+00 -4.183719754219055176e-01 -8.012157678604125977e-02 2.689175540581345558e-03 9.047310948371887207e-01
4.208148419857025146e-01 7.805559635162353516e-01 1.051048040390014648e+00 -4.360782802104949951e-01 -8.676902204751968384e-02 2.679826924577355385e-03 8.957118988037109375e-01
4.185122847557067871e-01 7.880112528800964355e-01 1.064429044723510742e+00 -4.514278471469879150e-01 -9.400510042905807495e-02 3.710438963025808334e-03 8.873343467712402344e-01
4.167085587978363037e-01 7.950485944747924805e-01 1.077228903770446777e+00 -4.642318189144134521e-01 -1.016996949911117554e-01 8.043419569730758667e-03 8.798189759254455566e-01
4.145030379295349121e-01 8.016684055328369141e-01 1.089231252670288086e+00 -4.746450483798980713e-01 -1.095807105302810669e-01 1.413851045072078705e-02 8.732149600982666016e-01
4.125111997127532959e-01 8.083924651145935059e-01 1.101918220520019531e+00 -4.825928509235382080e-01 -1.184887290000915527e-01 2.253059484064579010e-02 8.675004243850708008e-01
4.087155163288116455e-01 8.164250850677490234e-01 1.117264270782470703e+00 -4.883141219615936279e-01 -1.274359673261642456e-01 3.193159028887748718e-02 8.627223968505859375e-01
4.059896171092987061e-01 8.236010074615478516e-01 1.130717515945434570e+00 -4.920654892921447754e-01 -1.370641142129898071e-01 4.353576526045799255e-02 8.585975170135498047e-01
4.031947553157806396e-01 8.306174278259277344e-01 1.144238710403442383e+00 -4.937552511692047119e-01 -1.469876319169998169e-01 5.673895031213760376e-02 8.552082180976867676e-01
3.988603949546813965e-01 8.380986452102661133e-01 1.158697247505187988e+00 -4.931232631206512451e-01 -1.569031327962875366e-01 7.098717242479324341e-02 8.527436256408691406e-01
3.951183557510375977e-01 8.452143669128417969e-01 1.172619342803955078e+00 -4.907840788364410400e-01 -1.673022806644439697e-01 8.706656098365783691e-02 8.506235480308532715e-01
3.907632529735565186e-01 8.521186113357543945e-01 1.186774849891662598e+00 -4.868011474609375000e-01 -1.780383288860321045e-01 1.038766875863075256e-01 8.488442897796630859e-01
3.851653635501861572e-01 8.587199449539184570e-01 1.200862288475036621e+00 -4.807864725589752197e-01 -1.888727694749832153e-01 1.215451657772064209e-01 8.475838303565979004e-01
3.787918388843536377e-01 8.653451800346374512e-01 1.215031504631042480e+00 -4.730728268623352051e-01 -2.001316845417022705e-01 1.400421410799026489e-01 8.464854955673217773e-01
3.704165220260620117e-01 8.709207773208618164e-01 1.229185819625854492e+00 -4.642048478126525879e-01 -2.108422368764877319e-01 1.587489396333694458e-01 8.454928994178771973e-01
3.608013987541198730e-01 8.766845464706420898e-01 1.242418289184570312e+00 -4.533929526805877686e-01 -2.219637930393218994e-01 1.783917397260665894e-01 8.445965051651000977e-01
3.495955467224121094e-01 8.814829587936401367e-01 1.254855155944824219e+00 -4.412946403026580811e-01 -2.327474057674407959e-01 1.981194317340850830e-01 8.437039852142333984e-01
3.381631970405578613e-01 8.886412382125854492e-01 1.266165137290954590e+00 -4.274118542671203613e-01 -2.436870932579040527e-01 2.175152003765106201e-01 8.429844975471496582e-01
3.283433914184570312e-01 8.981224894523620605e-01 1.277125954627990723e+00 -4.126046895980834961e-01 -2.538813948631286621e-01 2.370518147945404053e-01 8.420855998992919922e-01
3.190278410911560059e-01 9.047104120254516602e-01 1.289643645286560059e+00 -3.967977166175842285e-01 -2.645317018032073975e-01 2.567748725414276123e-01 8.406195640563964844e-01
3.089936375617980957e-01 9.098148345947265625e-01 1.301963329315185547e+00 -3.802729249000549316e-01 -2.749095261096954346e-01 2.758827507495880127e-01 8.388718366622924805e-01
2.982724308967590332e-01 9.140646457672119141e-01 1.313373923301696777e+00 -3.628474175930023193e-01 -2.844851911067962646e-01 2.943010032176971436e-01 8.371360898017883301e-01
2.884736657142639160e-01 9.184670448303222656e-01 1.324513673782348633e+00 -3.448473215103149414e-01 -2.941769957542419434e-01 3.121924102306365967e-01 8.349109292030334473e-01
2.784035801887512207e-01 9.227190613746643066e-01 1.334921836853027344e+00 -3.260489106178283691e-01 -3.031945526599884033e-01 3.291401863098144531e-01 8.327256441116333008e-01
2.689743638038635254e-01 9.266243577003479004e-01 1.344590067863464355e+00 -3.064269125461578369e-01 -3.119527399539947510e-01 3.452468514442443848e-01 8.304171562194824219e-01
2.593610286712646484e-01 9.308254122734069824e-01 1.354052305221557617e+00 -2.864687144756317139e-01 -3.203922212123870850e-01 3.606196641921997070e-01 8.277910351753234863e-01
2.501685023307800293e-01 9.350566267967224121e-01 1.362940907478332520e+00 -2.661758065223693848e-01 -3.285238444805145264e-01 3.751117289066314697e-01 8.249326348304748535e-01
2.410778999328613281e-01 9.392909407615661621e-01 1.371229410171508789e+00 -2.444283813238143921e-01 -3.372287452220916748e-01 3.864432871341705322e-01 8.229174613952636719e-01
2.320563197135925293e-01 9.426846504211425781e-01 1.379311800003051758e+00 -2.228635549545288086e-01 -3.450655341148376465e-01 3.963082432746887207e-01 8.210976719856262207e-01
2.234402894973754883e-01 9.465844035148620605e-01 1.386748313903808594e+00 -2.011819928884506226e-01 -3.526358902454376221e-01 4.065895676612854004e-01 8.184489607810974121e-01
2.151956558227539062e-01 9.501152038574218750e-01 1.394058227539062500e+00 -1.800612062215805054e-01 -3.594688177108764648e-01 4.163586199283599854e-01 8.154788017272949219e-01
2.068496942520141602e-01 9.539639949798583984e-01 1.400994896888732910e+00 -1.593615561723709106e-01 -3.655967116355895996e-01 4.267282783985137939e-01 8.116932511329650879e-01
1.990584135055541992e-01 9.571825265884399414e-01 1.407727956771850586e+00 -1.392835825681686401e-01 -3.713230490684509277e-01 4.365894794464111328e-01 8.075326681137084961e-01
1.913837194442749023e-01 9.602141380310058594e-01 1.413497686386108398e+00 -1.198761761188507080e-01 -3.767356872558593750e-01 4.463224112987518311e-01 8.028053045272827148e-01
1.832572221755981445e-01 9.625479578971862793e-01 1.418150305747985840e+00 -1.012972667813301086e-01 -3.817686140537261963e-01 4.556064903736114502e-01 7.977558970451354980e-01
1.740541458129882812e-01 9.648620486259460449e-01 1.421675562858581543e+00 -8.259778469800949097e-02 -3.862421512603759766e-01 4.648881852626800537e-01 7.923847436904907227e-01
1.679611206054687500e-01 9.661692976951599121e-01 1.425482034683227539e+00 -6.617707014083862305e-02 -3.909395337104797363e-01 4.739613831043243408e-01 7.862235307693481445e-01
1.604954004287719727e-01 9.678805470466613770e-01 1.428931355476379395e+00 -4.969947412610054016e-02 -3.950275480747222900e-01 4.827336072921752930e-01 7.800330519676208496e-01
1.551455259323120117e-01 9.690739512443542480e-01 1.431624650955200195e+00 -3.448213636875152588e-02 -3.992334008216857910e-01 4.909951388835906982e-01 7.735292315483093262e-01
1.484286785125732422e-01 9.714550375938415527e-01 1.434720993041992188e+00 -1.858874596655368805e-02 -4.033403396606445312e-01 4.973818957805633545e-01 7.678426504135131836e-01
1.425389051437377930e-01 9.739513993263244629e-01 1.438099145889282227e+00 -3.210843773558735847e-03 -4.076818823814392090e-01 5.033686757087707520e-01 7.618432641029357910e-01
1.373231410980224609e-01 9.758475422859191895e-01 1.441873908042907715e+00 1.116987410932779312e-02 -4.120626151561737061e-01 5.084074139595031738e-01 7.560433745384216309e-01
1.321560144424438477e-01 9.776568412780761719e-01 1.444498777389526367e+00 2.430617250502109528e-02 -4.157782196998596191e-01 5.136737227439880371e-01 7.501180171966552734e-01
1.287921667098999023e-01 9.790981411933898926e-01 1.446968078613281250e+00 2.539789117872714996e-02 -4.230320453643798828e-01 5.139264464378356934e-01 7.458407878875732422e-01
1.234512329101562500e-01 9.800848960876464844e-01 1.448666453361511230e+00 2.658704482018947601e-02 -4.290833473205566406e-01 5.141372084617614746e-01 7.421884536743164062e-01
1.197586059570312500e-01 9.811552166938781738e-01 1.450272321701049805e+00 2.807496301829814911e-02 -4.354330301284790039e-01 5.135502219200134277e-01 7.388342618942260742e-01
1.153471469879150391e-01 9.830092787742614746e-01 1.451832890510559082e+00 3.022073954343795776e-02 -4.412589669227600098e-01 5.135404467582702637e-01 7.352914214134216309e-01
1.120824813842773438e-01 9.835941791534423828e-01 1.453513979911804199e+00 3.120891191065311432e-02 -4.465351700782775879e-01 5.133816599845886230e-01 7.321690917015075684e-01
1.096448898315429688e-01 9.843520522117614746e-01 1.455485582351684570e+00 3.228831663727760315e-02 -4.516004920005798340e-01 5.136176943778991699e-01 7.288425564765930176e-01
1.071394681930541992e-01 9.848319292068481445e-01 1.457902073860168457e+00 3.297203034162521362e-02 -4.562864601612091064e-01 5.138528943061828613e-01 7.257208824157714844e-01
1.056578159332275391e-01 9.845834970474243164e-01 1.458613991737365723e+00 3.336139395833015442e-02 -4.597805142402648926e-01 5.139110088348388672e-01 7.234531641006469727e-01
1.043566465377807617e-01 9.853534698486328125e-01 1.460400462150573730e+00 3.359498828649520874e-02 -4.631017446517944336e-01 5.147227048873901367e-01 7.207418084144592285e-01
1.025124788284301758e-01 9.862571954727172852e-01 1.461688518524169922e+00 3.408012166619300842e-02 -4.653412997722625732e-01 5.152997374534606934e-01 7.188618779182434082e-01
1.018610000610351562e-01 9.867813587188720703e-01 1.462585210800170898e+00 3.403891250491142273e-02 -4.668579101562500000e-01 5.161537528038024902e-01 7.172659039497375488e-01
9.980702400207519531e-02 9.871860146522521973e-01 1.464157342910766602e+00 3.396396711468696594e-02 -4.675165414810180664e-01 5.166953802108764648e-01 7.164500951766967773e-01
9.860205650329589844e-02 9.870393872261047363e-01 1.464005470275878906e+00 3.398997709155082703e-02 -4.670300483703613281e-01 5.170795321464538574e-01 7.164889574050903320e-01
9.811198711395263672e-02 9.869461655616760254e-01 1.464865803718566895e+00 3.343217447400093079e-02 -4.662398099899291992e-01 5.172604322433471680e-01 7.168992161750793457e-01
9.832894802093505859e-02 9.874361753463745117e-01 1.465961933135986328e+00 3.266784548759460449e-02 -4.647298753261566162e-01 5.175681114196777344e-01 7.176923155784606934e-01
9.731769561767578125e-02 9.877508878707885742e-01 1.465598225593566895e+00 3.216888010501861572e-02 -4.611484110355377197e-01 5.181846022605895996e-01 7.195777893066406250e-01
9.789776802062988281e-02 9.885870814323425293e-01 1.466352820396423340e+00 3.141818195581436157e-02 -4.577396810054779053e-01 5.187245011329650879e-01 7.213960886001586914e-01
9.681773185729980469e-02 9.889522790908813477e-01 1.465921282768249512e+00 3.095056489109992981e-02 -4.522796869277954102e-01 5.186759829521179199e-01 7.248865365982055664e-01
9.630000591278076172e-02 9.888436198234558105e-01 1.466928839683532715e+00 2.995142340660095215e-02 -4.465210437774658203e-01 5.177826881408691406e-01 7.291248440742492676e-01
9.495317935943603516e-02 9.882370233535766602e-01 1.468159556388854980e+00 2.911289408802986145e-02 -4.393181502819061279e-01 5.163477659225463867e-01 7.345318198204040527e-01
9.506011009216308594e-02 9.886229634284973145e-01 1.469072461128234863e+00 1.430828589946031570e-02 -4.357475042343139648e-01 5.083605647087097168e-01 7.426229715347290039e-01
9.332716464996337891e-02 9.895929098129272461e-01 1.471020936965942383e+00 -1.505237654782831669e-03 -4.311189353466033936e-01 4.993408918380737305e-01 7.515270709991455078e-01
9.148418903350830078e-02 9.893778562545776367e-01 1.471729636192321777e+00 -1.875180937349796295e-02 -4.250038564205169678e-01 4.889877438545227051e-01 7.615189552307128906e-01
8.785426616668701172e-02 9.898264408111572266e-01 1.474618911743164062e+00 -3.685286268591880798e-02 -4.191370010375976562e-01 4.766797423362731934e-01 7.718436121940612793e-01
8.643066883087158203e-02 9.894996285438537598e-01 1.476653099060058594e+00 -5.648278072476387024e-02 -4.120889902114868164e-01 4.639790356159210205e-01 7.821227312088012695e-01
8.354091644287109375e-02 9.895681738853454590e-01 1.478888988494873047e+00 -7.633429020643234253e-02 -4.043572247028350830e-01 4.499340653419494629e-01 7.926081418991088867e-01
8.125424385070800781e-02 9.892085790634155273e-01 1.481775045394897461e+00 -9.720540791749954224e-02 -3.960493505001068115e-01 4.350654184818267822e-01 8.027541041374206543e-01
7.923054695129394531e-02 9.905157685279846191e-01 1.485014677047729492e+00 -1.180891543626785278e-01 -3.874247074127197266e-01 4.204232990741729736e-01 8.119121789932250977e-01
7.678568363189697266e-02 9.901463389396667480e-01 1.488208770751953125e+00 -1.394187808036804199e-01 -3.781695067882537842e-01 4.041727185249328613e-01 8.210936188697814941e-01
7.397866249084472656e-02 9.896947741508483887e-01 1.491340160369873047e+00 -1.607400029897689819e-01 -3.685641884803771973e-01 3.872468173503875732e-01 8.296765089035034180e-01
7.139843702316284180e-02 9.890685677528381348e-01 1.493761658668518066e+00 -1.817849725484848022e-01 -3.583716750144958496e-01 3.701343238353729248e-01 8.375706672668457031e-01
6.871294975280761719e-02 9.898403882980346680e-01 1.496792197227478027e+00 -2.021600306034088135e-01 -3.484392762184143066e-01 3.528771996498107910e-01 8.445111513137817383e-01
6.627589464187622070e-02 9.894329309463500977e-01 1.499213457107543945e+00 -2.224202305078506470e-01 -3.383128941059112549e-01 3.351777791976928711e-01 8.507229089736938477e-01
6.408643722534179688e-02 9.892734289169311523e-01 1.501188158988952637e+00 -2.419020533561706543e-01 -3.281527459621429443e-01 3.176480829715728760e-01 8.560951352119445801e-01
6.235325336456298828e-02 9.891564249992370605e-01 1.503134727478027344e+00 -2.604895830154418945e-01 -3.184834420680999756e-01 3.005831539630889893e-01 8.604436516761779785e-01
6.015205383300781250e-02 9.893681406974792480e-01 1.504489302635192871e+00 -2.780920863151550293e-01 -3.087407052516937256e-01 2.837163209915161133e-01 8.642042875289916992e-01
5.924856662750244141e-02 9.893196821212768555e-01 1.505434632301330566e+00 -2.944654524326324463e-01 -2.998145818710327148e-01 2.673860490322113037e-01 8.671251535415649414e-01
5.832475423812866211e-02 9.891256093978881836e-01 1.506481647491455078e+00 -3.099018335342407227e-01 -2.916519641876220703e-01 2.518992722034454346e-01 8.691644072532653809e-01
5.729430913925170898e-02 9.892477393150329590e-01 1.507161378860473633e+00 -3.237090706825256348e-01 -2.839892804622650146e-01 2.375727593898773193e-01 8.707019090652465820e-01
5.677723884582519531e-02 9.892059564590454102e-01 1.507589936256408691e+00 -3.361854553222656250e-01 -2.774713635444641113e-01 2.240146845579147339e-01 8.716687560081481934e-01
5.645716190338134766e-02 9.893066287040710449e-01 1.507840633392333984e+00 -3.469370305538177490e-01 -2.721349596977233887e-01 2.116004824638366699e-01 8.722400069236755371e-01
5.600857734680175781e-02 9.892948865890502930e-01 1.508106231689453125e+00 -3.564801812171936035e-01 -2.676588296890258789e-01 2.005513906478881836e-01 8.723874092102050781e-01
5.543273687362670898e-02 9.893283247947692871e-01 1.508486986160278320e+00 -3.646710216999053955e-01 -2.639726102352142334e-01 1.907972544431686401e-01 8.723129630088806152e-01
5.470827221870422363e-02 9.892480373382568359e-01 1.508883118629455566e+00 -3.717012405395507812e-01 -2.609269618988037109e-01 1.819108575582504272e-01 8.721604347229003906e-01
5.411148071289062500e-02 9.893214702606201172e-01 1.509312987327575684e+00 -3.775562345981597900e-01 -2.586506307125091553e-01 1.742381602525711060e-01 8.718901276588439941e-01
5.338397622108459473e-02 9.893357753753662109e-01 1.509878158569335938e+00 -3.824476599693298340e-01 -2.570362091064453125e-01 1.674867570400238037e-01 8.715586066246032715e-01
5.269324779510498047e-02 9.892765283584594727e-01 1.510480880737304688e+00 -3.865998387336730957e-01 -2.556653618812561035e-01 1.612978726625442505e-01 8.712972402572631836e-01
5.173969268798828125e-02 9.891365766525268555e-01 1.511232256889343262e+00 -3.901486694812774658e-01 -2.543210685253143311e-01 1.558892130851745605e-01 8.710931539535522461e-01
5.065980553627014160e-02 9.889639019966125488e-01 1.512070655822753906e+00 -3.930951952934265137e-01 -2.529033124446868896e-01 1.509518921375274658e-01 8.710509538650512695e-01
4.944029450416564941e-02 9.886605739593505859e-01 1.512923955917358398e+00 -3.957005739212036133e-01 -2.513455450534820557e-01 1.464031785726547241e-01 8.710985779762268066e-01
4.813584685325622559e-02 9.884964227676391602e-01 1.513848185539245605e+00 -3.977491259574890137e-01 -2.493493258953094482e-01 1.426702886819839478e-01 8.713585734367370605e-01
4.662367701530456543e-02 9.882628917694091797e-01 1.514902234077453613e+00 -3.997542262077331543e-01 -2.470160722732543945e-01 1.387455016374588013e-01 8.717392683029174805e-01
4.513809084892272949e-02 9.881523251533508301e-01 1.516084313392639160e+00 -4.015230536460876465e-01 -2.441608309745788574e-01 1.354478597640991211e-01 8.722492456436157227e-01
4.338088631629943848e-02 9.878355264663696289e-01 1.517115950584411621e+00 -4.030952155590057373e-01 -2.405139207839965820e-01 1.316895633935928345e-01 8.731123805046081543e-01
4.136776924133300781e-02 9.876010417938232422e-01 1.518471479415893555e+00 -4.049524366855621338e-01 -2.357137054204940796e-01 1.280509531497955322e-01 8.741027712821960449e-01
3.936132788658142090e-02 9.871729612350463867e-01 1.519722223281860352e+00 -4.069480895996093750e-01 -2.297488152980804443e-01 1.243283301591873169e-01 8.753007054328918457e-01
3.734791278839111328e-02 9.865915775299072266e-01 1.521129846572875977e+00 -4.093838036060333252e-01 -2.226559370756149292e-01 1.202012822031974792e-01 8.765734434127807617e-01
3.496688604354858398e-02 9.861382842063903809e-01 1.522544503211975098e+00 -4.120628833770751953e-01 -2.140294611454010010e-01 1.156134381890296936e-01 8.780826926231384277e-01
3.276482224464416504e-02 9.855412840843200684e-01 1.524053335189819336e+00 -4.152357578277587891e-01 -2.039257735013961792e-01 1.105703637003898621e-01 8.796407580375671387e-01
3.013151884078979492e-02 9.849840402603149414e-01 1.525326728820800781e+00 -4.187947809696197510e-01 -1.914141923189163208e-01 1.047904938459396362e-01 8.814706802368164062e-01
2.766352891921997070e-02 9.841971397399902344e-01 1.526883363723754883e+00 -4.231147766113281250e-01 -1.771638542413711548e-01 9.866838902235031128e-02 8.830919861793518066e-01
2.428704500198364258e-02 9.836529493331909180e-01 1.528627872467041016e+00 -4.278255701065063477e-01 -1.611222773790359497e-01 9.100355952978134155e-02 8.847165107727050781e-01
2.141249179840087891e-02 9.828485250473022461e-01 1.530187249183654785e+00 -4.327360689640045166e-01 -1.438374966382980347e-01 8.362991362810134888e-02 8.860340714454650879e-01
1.842574775218963623e-02 9.819481372833251953e-01 1.531794309616088867e+00 -4.377841353416442871e-01 -1.252094507217407227e-01 7.559379190206527710e-02 8.871038556098937988e-01
1.498585939407348633e-02 9.810963869094848633e-01 1.533389091491699219e+00 -4.428369998931884766e-01 -1.054790169000625610e-01 6.717122346162796021e-02 8.878387808799743652e-01
1.162008941173553467e-02 9.801233410835266113e-01 1.534917593002319336e+00 -4.477861225605010986e-01 -8.475766330957412720e-02 5.865929275751113892e-02 8.881795406341552734e-01
8.111774921417236328e-03 9.791269302368164062e-01 1.536549568176269531e+00 -4.524202942848205566e-01 -6.402798742055892944e-02 5.032648891210556030e-02 8.880785703659057617e-01
4.592113196849822998e-03 9.778451919555664062e-01 1.538176536560058594e+00 -4.570434093475341797e-01 -4.267990216612815857e-02 4.187946394085884094e-02 8.874322175979614258e-01
6.900206208229064941e-04 9.768195152282714844e-01 1.539693355560302734e+00 -4.608444273471832275e-01 -2.133673802018165588e-02 3.336645662784576416e-02 8.865968585014343262e-01
-3.222923725843429565e-03 9.757266640663146973e-01 1.541101694107055664e+00 -4.640108048915863037e-01 -1.503521925769746304e-04 2.505764737725257874e-02 8.854750990867614746e-01
-7.230546325445175171e-03 9.742778539657592773e-01 1.542624950408935547e+00 -4.670941829681396484e-01 2.036715112626552582e-02 1.723123900592327118e-02 8.838050961494445801e-01
-1.127611193805932999e-02 9.730037450790405273e-01 1.544076919555664062e+00 -4.691884815692901611e-01 3.990123048424720764e-02 1.008637808263301849e-02 8.821384906768798828e-01
-1.575485244393348694e-02 9.720294475555419922e-01 1.545504093170166016e+00 -4.706358313560485840e-01 5.859642848372459412e-02 3.214167430996894836e-03 8.803738355636596680e-01
-2.016013488173484802e-02 9.706424474716186523e-01 1.546934604644775391e+00 -4.715107977390289307e-01 7.600357383489608765e-02 -2.707331441342830658e-03 8.785748481750488281e-01
-2.463553845882415771e-02 9.693498611450195312e-01 1.548236250877380371e+00 -4.713471531867980957e-01 9.224908053874969482e-02 -6.804430857300758362e-03 8.770836591720581055e-01
-2.940583974123001099e-02 9.681620597839355469e-01 1.549599885940551758e+00 -4.701570272445678711e-01 1.073802039027214050e-01 -9.209257550537586212e-03 8.759778141975402832e-01
-3.399671614170074463e-02 9.664734601974487305e-01 1.550918579101562500e+00 -4.684403836727142334e-01 1.196611821651458740e-01 -1.107025891542434692e-02 8.752841949462890625e-01
-3.899329155683517456e-02 9.651792049407958984e-01 1.552306056022644043e+00 -4.660489559173583984e-01 1.294265091419219971e-01 -1.308725401759147644e-02 8.751434087753295898e-01
-4.422384500503540039e-02 9.633551836013793945e-01 1.553759217262268066e+00 -4.634163379669189453e-01 1.359906643629074097e-01 -1.513840258121490479e-02 8.755128383636474609e-01
-4.976153373718261719e-02 9.617102146148681641e-01 1.554955720901489258e+00 -4.598318338394165039e-01 1.394078582525253296e-01 -1.683348044753074646e-02 8.768334388732910156e-01
-5.510608851909637451e-02 9.598053693771362305e-01 1.556330680847167969e+00 -4.550499022006988525e-01 1.408828198909759521e-01 -1.446280814707279205e-02 8.791317343711853027e-01
-6.086636334657669067e-02 9.582679271697998047e-01 1.557724714279174805e+00 -4.492137730121612549e-01 1.398447751998901367e-01 -1.028950698673725128e-02 8.823518157005310059e-01
-6.611675769090652466e-02 9.565700292587280273e-01 1.559404969215393066e+00 -4.429129362106323242e-01 1.356624662876129150e-01 -4.549752920866012573e-03 8.862297534942626953e-01
-7.175122946500778198e-02 9.552782773971557617e-01 1.560729980468750000e+00 -4.352014362812042236e-01 1.299003362655639648e-01 2.352656098082661629e-03 8.909097313880920410e-01
-7.770948112010955811e-02 9.533811807632446289e-01 1.562272071838378906e+00 -4.267804026603698730e-01 1.216848567128181458e-01 1.036908570677042007e-02 8.960713744163513184e-01
-8.404523134231567383e-02 9.517251253128051758e-01 1.564169883728027344e+00 -4.176663756370544434e-01 1.117584407329559326e-01 1.919622160494327545e-02 9.014967679977416992e-01
-9.012032300233840942e-02 9.494456648826599121e-01 1.565963983535766602e+00 -4.076875150203704834e-01 1.000436991453170776e-01 2.948024496436119080e-02 9.071456193923950195e-01
-9.640513360500335693e-02 9.474000334739685059e-01 1.567941665649414062e+00 -3.970033824443817139e-01 8.710920810699462891e-02 4.042012244462966919e-02 9.127795696258544922e-01
-1.029940098524093628e-01 9.456540346145629883e-01 1.570130825042724609e+00 -3.850975334644317627e-01 7.294267416000366211e-02 5.221578851342201233e-02 9.185057282447814941e-01
-1.092543080449104309e-01 9.430571794509887695e-01 1.572460174560546875e+00 -3.728396594524383545e-01 5.769179761409759521e-02 6.525500118732452393e-02 9.237987399101257324e-01
-1.158969774842262268e-01 9.403830170631408691e-01 1.575201988220214844e+00 -3.603277206420898438e-01 4.201610013842582703e-02 7.844804227352142334e-02 9.285712242126464844e-01
-1.226566210389137268e-01 9.378247261047363281e-01 1.578121304512023926e+00 -3.465149104595184326e-01 2.579634264111518860e-02 9.227765351533889771e-02 9.331381916999816895e-01
-1.292846351861953735e-01 9.351640939712524414e-01 1.580926895141601562e+00 -3.321144878864288330e-01 9.257424622774124146e-03 1.066282019019126892e-01 9.371471405029296875e-01
-1.357659846544265747e-01 9.318712353706359863e-01 1.584244012832641602e+00 -3.174219727516174316e-01 -7.261627819389104843e-03 1.217975392937660217e-01 9.404020309448242188e-01
-1.426708102226257324e-01 9.294770956039428711e-01 1.587719440460205078e+00 -3.015530705451965332e-01 -2.338740974664688110e-02 1.370014697313308716e-01 9.432653188705444336e-01
-1.495921611785888672e-01 9.263656139373779297e-01 1.591384887695312500e+00 -2.857626676559448242e-01 -3.877459466457366943e-02 1.522676050662994385e-01 9.453310966491699219e-01
-1.566068381071090698e-01 9.235952496528625488e-01 1.595523357391357422e+00 -2.695935368537902832e-01 -5.374895781278610229e-02 1.675091683864593506e-01 9.467688202857971191e-01
-1.629813164472579956e-01 9.206460118293762207e-01 1.599523305892944336e+00 -2.528103291988372803e-01 -6.808076053857803345e-02 1.834994703531265259e-01 9.475125074386596680e-01
-1.688165515661239624e-01 9.175719618797302246e-01 1.603205442428588867e+00 -2.360516786575317383e-01 -8.103235065937042236e-02 1.989129483699798584e-01 9.477062225341796875e-01
-1.747713834047317505e-01 9.149790406227111816e-01 1.606647491455078125e+00 -2.189118415117263794e-01 -9.234060347080230713e-02 2.146754860877990723e-01 9.473464488983154297e-01
-1.807897835969924927e-01 9.126343727111816406e-01 1.610327839851379395e+00 -2.021383196115493774e-01 -1.019066274166107178e-01 2.294579595327377319e-01 9.466278553009033203e-01
-1.850381344556808472e-01 9.102911949157714844e-01 1.613461613655090332e+00 -1.852537095546722412e-01 -1.106375381350517273e-01 2.445045411586761475e-01 9.453348517417907715e-01
-1.891688704490661621e-01 9.080109000205993652e-01 1.616121530532836914e+00 -1.688403785228729248e-01 -1.173509135842323303e-01 2.592136263847351074e-01 9.436789751052856445e-01
-1.925359517335891724e-01 9.058014154434204102e-01 1.618243932723999023e+00 -1.526645869016647339e-01 -1.228383854031562805e-01 2.736738622188568115e-01 9.416512250900268555e-01
-1.956277340650558472e-01 9.041247367858886719e-01 1.620543360710144043e+00 -1.367236822843551636e-01 -1.271984279155731201e-01 2.872645556926727295e-01 9.394713044166564941e-01
-1.986981183290481567e-01 9.046862125396728516e-01 1.621965646743774414e+00 -1.200677081942558289e-01 -1.304951906204223633e-01 3.012450635433197021e-01 9.369131326675415039e-01
-2.012945711612701416e-01 9.032702445983886719e-01 1.623866558074951172e+00 -1.051499098539352417e-01 -1.327531337738037109e-01 3.140610456466674805e-01 9.341765046119689941e-01
-2.029430866241455078e-01 9.020980596542358398e-01 1.624895334243774414e+00 -9.040334820747375488e-02 -1.340010762214660645e-01 3.264775574207305908e-01 9.312805533409118652e-01
-2.046631872653961182e-01 9.007119536399841309e-01 1.625339627265930176e+00 -7.652441412210464478e-02 -1.343780905008316040e-01 3.380356132984161377e-01 9.283418655395507812e-01
-2.051078975200653076e-01 9.002802371978759766e-01 1.626868486404418945e+00 -6.340005248785018921e-02 -1.347288042306900024e-01 3.488994836807250977e-01 9.252555370330810547e-01
-2.071571052074432373e-01 8.989450931549072266e-01 1.627285122871398926e+00 -5.114969611167907715e-02 -1.334191262722015381e-01 3.588530123233795166e-01 9.223923683166503906e-01
-2.077049612998962402e-01 8.968663811683654785e-01 1.626917123794555664e+00 -3.956963866949081421e-02 -1.319980770349502563e-01 3.678398728370666504e-01 9.196220040321350098e-01
-2.079118639230728149e-01 8.960092067718505859e-01 1.627038717269897461e+00 -2.873428538441658020e-02 -1.308199167251586914e-01 3.765576779842376709e-01 9.166595935821533203e-01
-2.080933898687362671e-01 8.957201242446899414e-01 1.627713561058044434e+00 -1.878064498305320740e-02 -1.295726299285888672e-01 3.842802047729492188e-01 9.138856530189514160e-01
-2.093672454357147217e-01 8.968036770820617676e-01 1.629521965980529785e+00 -9.491031058132648468e-03 -1.284122914075851440e-01 3.914503455162048340e-01 9.111459255218505859e-01
-2.110231071710586548e-01 8.951656818389892578e-01 1.630233883857727051e+00 -2.080745529383420944e-03 -1.266728788614273071e-01 3.973414897918701172e-01 9.088836312294006348e-01
-2.133305668830871582e-01 8.941917419433593750e-01 1.631245493888854980e+00 5.127374082803726196e-03 -1.249821707606315613e-01 4.017308652400970459e-01 9.071744680404663086e-01
-2.160111218690872192e-01 8.924270868301391602e-01 1.633153796195983887e+00 1.073715835809707642e-02 -1.237010955810546875e-01 4.052352905273437500e-01 9.057412743568420410e-01
-2.200662195682525635e-01 8.902641534805297852e-01 1.635470747947692871e+00 1.478196866810321808e-02 -1.223306506872177124e-01 4.077053368091583252e-01 9.047613739967346191e-01
-2.229917645454406738e-01 8.880308866500854492e-01 1.637199878692626953e+00 1.779269427061080933e-02 -1.217213347554206848e-01 4.087025821208953857e-01 9.043393135070800781e-01
-2.262610346078872681e-01 8.862328529357910156e-01 1.639374256134033203e+00 1.760826446115970612e-02 -1.221423670649528503e-01 4.083836376667022705e-01 9.044302105903625488e-01
-2.284889817237854004e-01 8.841189146041870117e-01 1.643024086952209473e+00 1.715848036110401154e-02 -1.238410249352455139e-01 4.079304337501525879e-01 9.044124484062194824e-01
-2.321851700544357300e-01 8.815939426422119141e-01 1.645990371704101562e+00 1.706811785697937012e-02 -1.254205405712127686e-01 4.058458209037780762e-01 9.051340222358703613e-01
-2.365646213293075562e-01 8.790678977966308594e-01 1.648332476615905762e+00 1.685618422925472260e-02 -1.268153935670852661e-01 4.037108719348907471e-01 9.058980941772460938e-01
-2.424176335334777832e-01 8.756505250930786133e-01 1.650384068489074707e+00 1.395388226956129074e-02 -1.287104487419128418e-01 3.997156322002410889e-01 9.074504971504211426e-01
-2.484012842178344727e-01 8.733149766921997070e-01 1.651782989501953125e+00 1.085298135876655579e-02 -1.313908696174621582e-01 3.951497673988342285e-01 9.091069102287292480e-01
-2.561323046684265137e-01 8.714674711227416992e-01 1.651515722274780273e+00 7.523776032030582428e-03 -1.334653347730636597e-01 3.902117311954498291e-01 9.109694361686706543e-01
-2.629367113113403320e-01 8.684669733047485352e-01 1.651075005531311035e+00 2.802736824378371239e-03 -1.364306360483169556e-01 3.845938742160797119e-01 9.129438400268554688e-01
-2.693904340267181396e-01 8.644083738327026367e-01 1.651123762130737305e+00 -3.301926655694842339e-03 -1.401076316833496094e-01 3.784334361553192139e-01 9.149574637413024902e-01
-2.779369950294494629e-01 8.584576845169067383e-01 1.650778293609619141e+00 -1.043564919382333755e-02 -1.429868936538696289e-01 3.714235723018646240e-01 9.173278212547302246e-01
-2.864443659782409668e-01 8.557510375976562500e-01 1.648598074913024902e+00 -1.613574102520942688e-02 -1.460197567939758301e-01 3.647150397300720215e-01 9.194568395614624023e-01
-2.948954403400421143e-01 8.521213531494140625e-01 1.647644400596618652e+00 -2.304849401116371155e-02 -1.498763710260391235e-01 3.567977547645568848e-01 9.217924475669860840e-01
-3.043480813503265381e-01 8.468418717384338379e-01 1.646103024482727051e+00 -3.097563982009887695e-02 -1.531521528959274292e-01 3.487941324710845947e-01 9.240821003913879395e-01
-3.133393526077270508e-01 8.408312797546386719e-01 1.646249294281005859e+00 -3.994262963533401489e-02 -1.571681499481201172e-01 3.405322730541229248e-01 9.261428713798522949e-01
-3.244973123073577881e-01 8.370225429534912109e-01 1.644635915756225586e+00 -4.755918681621551514e-02 -1.604727357625961304e-01 3.318473100662231445e-01 9.283663630485534668e-01
-3.350393176078796387e-01 8.320662975311279297e-01 1.644297361373901367e+00 -5.640235915780067444e-02 -1.643617451190948486e-01 3.233162760734558105e-01 9.301992654800415039e-01
-3.457093834877014160e-01 8.285216689109802246e-01 1.642923831939697266e+00 -6.500905007123947144e-02 -1.682639867067337036e-01 3.149269223213195801e-01 9.318166375160217285e-01
-3.567841649055480957e-01 8.273926377296447754e-01 1.641289830207824707e+00 -7.233763486146926880e-02 -1.721789091825485229e-01 3.067473769187927246e-01 9.332886338233947754e-01
-3.689456582069396973e-01 8.248301744461059570e-01 1.638991594314575195e+00 -7.994417846202850342e-02 -1.755813360214233398e-01 2.987547218799591064e-01 9.346260428428649902e-01
-3.809939026832580566e-01 8.207741975784301758e-01 1.636237502098083496e+00 -8.804493397474288940e-02 -1.786764115095138550e-01 2.910530567169189453e-01 9.357408285140991211e-01
-3.935721814632415771e-01 8.170875310897827148e-01 1.633302688598632812e+00 -9.534028917551040649e-02 -1.817295849323272705e-01 2.835979759693145752e-01 9.367266893386840820e-01
-4.072802066802978516e-01 8.125215768814086914e-01 1.629774808883666992e+00 -1.025772616267204285e-01 -1.841073483228683472e-01 2.765478491783142090e-01 9.376053214073181152e-01
-4.203521311283111572e-01 8.076682686805725098e-01 1.626123905181884766e+00 -1.096316128969192505e-01 -1.864552795886993408e-01 2.696287333965301514e-01 9.383580088615417480e-01
-4.332078695297241211e-01 8.033629655838012695e-01 1.623125910758972168e+00 -1.163493990898132324e-01 -1.891833245754241943e-01 2.633549869060516357e-01 9.387847185134887695e-01
-4.449142217636108398e-01 7.995503544807434082e-01 1.618487000465393066e+00 -1.223786547780036926e-01 -1.920897215604782104e-01 2.574540674686431885e-01 9.390646815299987793e-01
-4.594037532806396484e-01 7.945326566696166992e-01 1.614140748977661133e+00 -1.284414082765579224e-01 -1.937670856714248657e-01 2.515382170677185059e-01 9.395135641098022461e-01
-4.733155369758605957e-01 7.888778448104858398e-01 1.609947800636291504e+00 -1.348516494035720825e-01 -1.958386898040771484e-01 2.459991723299026489e-01 9.396524429321289062e-01
-4.870618581771850586e-01 7.813799381256103516e-01 1.605387926101684570e+00 -1.417203843593597412e-01 -1.974742114543914795e-01 2.400608062744140625e-01 9.398351907730102539e-01
-5.014706254005432129e-01 7.743346095085144043e-01 1.600287556648254395e+00 -1.480525881052017212e-01 -1.988946646451950073e-01 2.343142479658126831e-01 9.400096535682678223e-01
-5.163229703903198242e-01 7.673723697662353516e-01 1.594710350036621094e+00 -1.539791971445083618e-01 -1.999179720878601074e-01 2.291639149188995361e-01 9.401102066040039062e-01
-5.266781449317932129e-01 7.586979866027832031e-01 1.585854649543762207e+00 -1.599765121936798096e-01 -2.018022686243057251e-01 2.238449305295944214e-01 9.399876594543457031e-01
-5.363040566444396973e-01 7.493398785591125488e-01 1.575302600860595703e+00 -1.660331636667251587e-01 -2.030155062675476074e-01 2.185614258050918579e-01 9.399195313453674316e-01
-5.451585650444030762e-01 7.406222820281982422e-01 1.563734173774719238e+00 -1.717865467071533203e-01 -2.037606090307235718e-01 2.134524136781692505e-01 9.398984313011169434e-01
-5.536370873451232910e-01 7.316309809684753418e-01 1.552811622619628906e+00 -1.780327260494232178e-01 -2.043959200382232666e-01 2.080056369304656982e-01 9.398193359375000000e-01
-5.609044432640075684e-01 7.222812771797180176e-01 1.542051553726196289e+00 -1.844450980424880981e-01 -2.056634277105331421e-01 2.027041912078857422e-01 9.394645094871520996e-01
-5.683541297912597656e-01 7.128024101257324219e-01 1.530748128890991211e+00 -1.903741657733917236e-01 -2.062836438417434692e-01 1.973320096731185913e-01 9.392895698547363281e-01
-5.743179917335510254e-01 7.028566598892211914e-01 1.519978046417236328e+00 -1.969801485538482666e-01 -2.074800133705139160e-01 1.918864399194717407e-01 9.387920498847961426e-01
-5.810796618461608887e-01 6.922254562377929688e-01 1.509386062622070312e+00 -2.034862190485000610e-01 -2.076093852519989014e-01 1.859163492918014526e-01 9.385770559310913086e-01
-5.877217054367065430e-01 6.805838942527770996e-01 1.498787164688110352e+00 -2.105540782213211060e-01 -2.076568156480789185e-01 1.794380992650985718e-01 9.382684826850891113e-01
-5.937002301216125488e-01 6.692184805870056152e-01 1.488660573959350586e+00 -2.175045460462570190e-01 -2.083011716604232788e-01 1.730893254280090332e-01 9.377326965332031250e-01
-5.995683073997497559e-01 6.572534441947937012e-01 1.478313684463500977e+00 -2.244033366441726685e-01 -2.086602449417114258e-01 1.663673818111419678e-01 9.372438788414001465e-01
-6.055541038513183594e-01 6.458384394645690918e-01 1.468668222427368164e+00 -2.311883568763732910e-01 -2.087064832448959351e-01 1.596136838197708130e-01 9.367588162422180176e-01
-6.112015843391418457e-01 6.332538723945617676e-01 1.458493471145629883e+00 -2.384473830461502075e-01 -2.085716575384140015e-01 1.526155769824981689e-01 9.361352324485778809e-01
-6.166912317276000977e-01 6.209990978240966797e-01 1.448995828628540039e+00 -2.456249445676803589e-01 -2.083702534437179565e-01 1.450883299112319946e-01 9.355210661888122559e-01
-6.216332912445068359e-01 6.083284020423889160e-01 1.440162897109985352e+00 -2.533637285232543945e-01 -2.083868831396102905e-01 1.374302655458450317e-01 9.346093535423278809e-01
-6.264947056770324707e-01 5.954838395118713379e-01 1.431232929229736328e+00 -2.609639465808868408e-01 -2.080535739660263062e-01 1.297366917133331299e-01 9.336915612220764160e-01
-6.316522359848022461e-01 5.826987624168395996e-01 1.422370672225952148e+00 -2.687319815158843994e-01 -2.074715644121170044e-01 1.214674562215805054e-01 9.327295422554016113e-01
-6.366575360298156738e-01 5.695109963417053223e-01 1.413983941078186035e+00 -2.768244743347167969e-01 -2.068974077701568604e-01 1.130230799317359924e-01 9.315510988235473633e-01
-6.416828632354736328e-01 5.560818910598754883e-01 1.405578851699829102e+00 -2.849178612232208252e-01 -2.060604542493820190e-01 1.043125689029693604e-01 9.303117394447326660e-01
-6.465299725532531738e-01 5.434112548828125000e-01 1.396399617195129395e+00 -2.923202812671661377e-01 -2.052940875291824341e-01 9.617165476083755493e-02 9.290609359741210938e-01
-6.515524387359619141e-01 5.307238698005676270e-01 1.388145089149475098e+00 -3.001290261745452881e-01 -2.043484598398208618e-01 8.733386546373367310e-02 9.276514649391174316e-01
-6.556413769721984863e-01 5.178626775741577148e-01 1.380328178405761719e+00 -3.081074953079223633e-01 -2.038096636533737183e-01 7.872923463582992554e-02 9.259228706359863281e-01
-6.600128412246704102e-01 5.049766898155212402e-01 1.372208833694458008e+00 -3.159509301185607910e-01 -2.029950916767120361e-01 7.008399814367294312e-02 9.241516590118408203e-01
-6.640630960464477539e-01 4.919511973857879639e-01 1.364539146423339844e+00 -3.240064382553100586e-01 -2.023696750402450562e-01 6.125794723629951477e-02 9.221246838569641113e-01
-6.673326492309570312e-01 4.784320890903472900e-01 1.356434345245361328e+00 -3.319644927978515625e-01 -2.020545899868011475e-01 5.282903090119361877e-02 9.198818206787109375e-01
-6.715167760848999023e-01 4.658344388008117676e-01 1.348605036735534668e+00 -3.396788239479064941e-01 -2.012010663747787476e-01 4.396661743521690369e-02 9.177164435386657715e-01
-6.755677461624145508e-01 4.532645940780639648e-01 1.340775370597839355e+00 -3.471666574478149414e-01 -2.004198282957077026e-01 3.535833209753036499e-02 9.154545068740844727e-01
-6.792916655540466309e-01 4.415592551231384277e-01 1.333613634109497070e+00 -3.546896278858184814e-01 -1.996670216321945190e-01 2.669961750507354736e-02 9.130254983901977539e-01
