-0.000000000000000000e+00 -0.000000000000000000e+00 -0.000000000000000000e+00 -0.000000000000000000e+00 -0.000000000000000000e+00 -0.000000000000000000e+00 1.000000000000000000e+00
-0.000000000000000000e+00 -0.000000000000000000e+00 -0.000000000000000000e+00 -0.000000000000000000e+00 -0.000000000000000000e+00 -0.000000000000000000e+00 1.000000000000000000e+00
1.475984323769807816e-02 1.833246089518070221e-02 2.329468727111816406e-02 -3.540325444191694260e-03 1.054108841344714165e-03 -3.010587999597191811e-03 9.999887347221374512e-01
2.088405750691890717e-02 2.617367729544639587e-02 3.443853184580802917e-02 -5.643717013299465179e-03 3.267308464273810387e-03 -4.406513180583715439e-03 9.999690651893615723e-01
2.088405750691890717e-02 2.617367729544639587e-02 3.443853184580802917e-02 -5.643717013299465179e-03 3.267308464273810387e-03 -4.406513180583715439e-03 9.999690651893615723e-01
3.328698873519897461e-02 3.861428797245025635e-02 5.521266162395477295e-02 -9.981041774153709412e-03 1.013964693993330002e-02 -9.009612724184989929e-03 9.998582005500793457e-01
3.328698873519897461e-02 3.861428797245025635e-02 5.521266162395477295e-02 -9.981041774153709412e-03 1.013964693993330002e-02 -9.009612724184989929e-03 9.998582005500793457e-01
4.636811837553977966e-02 4.993022978305816650e-02 7.592162489891052246e-02 -1.454161107540130615e-02 1.912589743733406067e-02 -1.466239709407091141e-02 9.996038675308227539e-01
4.636811837553977966e-02 4.993022978305816650e-02 7.592162489891052246e-02 -1.454161107540130615e-02 1.912589743733406067e-02 -1.466239709407091141e-02 9.996038675308227539e-01
6.006675213575363159e-02 6.045552715659141541e-02 9.558276832103729248e-02 -1.959854550659656525e-02 2.988860383629798889e-02 -2.121489308774471283e-02 9.991359114646911621e-01
6.006675213575363159e-02 6.045552715659141541e-02 9.558276832103729248e-02 -1.959854550659656525e-02 2.988860383629798889e-02 -2.121489308774471283e-02 9.991359114646911621e-01
7.169280946254730225e-02 7.091576606035232544e-02 1.130425557494163513e-01 -2.422661520540714264e-02 4.125345870852470398e-02 -2.879798226058483124e-02 9.984397888183593750e-01
7.169280946254730225e-02 7.091576606035232544e-02 1.130425557494163513e-01 -2.422661520540714264e-02 4.125345870852470398e-02 -2.879798226058483124e-02 9.984397888183593750e-01
8.468659222126007080e-02 8.170610666275024414e-02 1.275383085012435913e-01 -2.810408174991607666e-02 5.282896384596824646e-02 -3.574874624609947205e-02 9.975677728652954102e-01
8.904919028282165527e-02 8.711071312427520752e-02 1.347360312938690186e-01 -2.994571253657341003e-02 5.878913775086402893e-02 -3.989733755588531494e-02 9.970232844352722168e-01
9.546580165624618530e-02 8.954874426126480103e-02 1.419304758310317993e-01 -3.268167003989219666e-02 6.453584879636764526e-02 -4.377166554331779480e-02 9.964191913604736328e-01
1.032259464263916016e-01 9.646198153495788574e-02 1.489953994750976562e-01 -3.377230837941169739e-02 7.038696855306625366e-02 -4.663414508104324341e-02 9.958566427230834961e-01
1.099842712283134460e-01 1.018382012844085693e-01 1.561097800731658936e-01 -3.521237894892692566e-02 7.594992965459823608e-02 -4.956394433975219727e-02 9.952563643455505371e-01
1.128601282835006714e-01 1.105804592370986938e-01 1.562993228435516357e-01 -3.135526552796363831e-02 8.014827221632003784e-02 -5.420263484120368958e-02 9.948142170906066895e-01
1.239801645278930664e-01 1.173430904746055603e-01 1.652577221393585205e-01 -3.200363740324974060e-02 8.338644355535507202e-02 -5.627379193902015686e-02 9.944123029708862305e-01
1.437581479549407959e-01 1.224108040332794189e-01 1.693118512630462646e-01 -3.125182911753654480e-02 8.227843046188354492e-02 -5.389966070652008057e-02 9.946599602699279785e-01
1.606568396091461182e-01 1.291486024856567383e-01 1.752228438854217529e-01 -3.032077290117740631e-02 8.169058710336685181e-02 -5.121057108044624329e-02 9.948793053627014160e-01
1.791704446077346802e-01 1.356933414936065674e-01 1.829470098018646240e-01 -2.992607839405536652e-02 8.081904798746109009e-02 -4.987235739827156067e-02 9.950304627418518066e-01
1.954542696475982666e-01 1.427343040704727173e-01 1.838006526231765747e-01 -2.767176181077957153e-02 8.240680396556854248e-02 -4.752134531736373901e-02 9.950804710388183594e-01
2.117311805486679077e-01 1.437063366174697876e-01 1.907575279474258423e-01 -2.719829417765140533e-02 8.340912312269210815e-02 -4.719445854425430298e-02 9.950256347656250000e-01
2.308461815118789673e-01 1.440139561891555786e-01 2.005085945129394531e-01 -2.685164660215377808e-02 8.263586461544036865e-02 -4.538182541728019714e-02 9.951838850975036621e-01
2.458509504795074463e-01 1.439070254564285278e-01 2.106295377016067505e-01 -2.681981027126312256e-02 8.379838615655899048e-02 -4.401934891939163208e-02 9.951487183570861816e-01
2.433385103940963745e-01 1.414617300033569336e-01 2.165548652410507202e-01 -2.633976563811302185e-02 9.207765758037567139e-02 -4.982524737715721130e-02 9.941556453704833984e-01
2.607097625732421875e-01 1.433294564485549927e-01 2.231964021921157837e-01 -2.539927698671817780e-02 9.206256270408630371e-02 -4.892599582672119141e-02 9.942261576652526855e-01
2.793804705142974854e-01 1.470695286989212036e-01 2.282515466213226318e-01 -2.447483874857425690e-02 9.175160527229309082e-02 -4.753220081329345703e-02 9.943457245826721191e-01
2.986296415328979492e-01 1.521005779504776001e-01 2.318204790353775024e-01 -2.318063192069530487e-02 9.202806651592254639e-02 -4.603938758373260498e-02 9.944214224815368652e-01
3.151236474514007568e-01 1.575641036033630371e-01 2.392210364341735840e-01 -2.199408039450645447e-02 9.258773177862167358e-02 -4.597049579024314880e-02 9.943996071815490723e-01
3.302652239799499512e-01 1.652319133281707764e-01 2.523008584976196289e-01 -2.202840708196163177e-02 9.162452071905136108e-02 -4.523945972323417664e-02 9.945215582847595215e-01
3.377441465854644775e-01 1.749687790870666504e-01 2.671678066253662109e-01 -2.261141315102577209e-02 9.150642156600952148e-02 -4.538994282484054565e-02 9.945125579833984375e-01
3.400092422962188721e-01 1.847343891859054565e-01 2.816877961158752441e-01 -2.372266352176666260e-02 9.099522978067398071e-02 -4.751473292708396912e-02 9.944342374801635742e-01
3.386479318141937256e-01 1.944242417812347412e-01 3.001730442047119141e-01 -2.589317038655281067e-02 9.047167748212814331e-02 -4.902660474181175232e-02 9.943544864654541016e-01
3.369416892528533936e-01 2.024863064289093018e-01 3.069333732128143311e-01 -2.551980316638946533e-02 9.033437073230743408e-02 -5.203374102711677551e-02 9.942238330841064453e-01
3.388459682464599609e-01 2.135376334190368652e-01 3.202872276306152344e-01 -2.582331560552120209e-02 8.947441726922988892e-02 -5.302536115050315857e-02 9.942413568496704102e-01
3.417097032070159912e-01 2.254512906074523926e-01 3.349570930004119873e-01 -2.636834979057312012e-02 8.875128626823425293e-02 -5.344904586672782898e-02 9.942691922187805176e-01
3.441198170185089111e-01 2.381259948015213013e-01 3.491930365562438965e-01 -2.640225552022457123e-02 8.795601129531860352e-02 -5.431361496448516846e-02 9.942921400070190430e-01
3.451894223690032959e-01 2.508353888988494873e-01 3.631915748119354248e-01 -2.606979198753833771e-02 8.830857276916503906e-02 -5.607006326317787170e-02 9.941721558570861816e-01
3.487139940261840820e-01 2.644602358341217041e-01 3.740720450878143311e-01 -2.558516897261142731e-02 8.834451436996459961e-02 -5.481056123971939087e-02 9.942517280578613281e-01
3.526579737663269043e-01 2.766407728195190430e-01 3.855513930320739746e-01 -2.635801769793033600e-02 8.859205245971679688e-02 -5.553112551569938660e-02 9.941695332527160645e-01
3.580093979835510254e-01 2.836617231369018555e-01 4.002631008625030518e-01 -2.983633801341056824e-02 8.438935130834579468e-02 -5.981532856822013855e-02 9.941883087158203125e-01
3.608915805816650391e-01 2.966229915618896484e-01 4.130299985408782959e-01 -3.033112734556198120e-02 8.454100787639617920e-02 -5.988425016403198242e-02 9.941563606262207031e-01
3.646444678306579590e-01 3.097558915615081787e-01 4.253277480602264404e-01 -3.008007630705833435e-02 8.474050462245941162e-02 -5.984456837177276611e-02 9.941493272781372070e-01
3.665905296802520752e-01 3.229196369647979736e-01 4.384523928165435791e-01 -2.965169958770275116e-02 8.553317934274673462e-02 -5.907210335135459900e-02 9.941405653953552246e-01
3.700499534606933594e-01 3.364730179309844971e-01 4.501300752162933350e-01 -2.860436774790287018e-02 8.602073788642883301e-02 -5.747673660516738892e-02 9.942226409912109375e-01
3.710508346557617188e-01 3.417175710201263428e-01 4.588577151298522949e-01 -3.048526868224143982e-02 8.458741754293441772e-02 -6.013102456927299500e-02 9.941327571868896484e-01
3.744262158870697021e-01 3.538726270198822021e-01 4.706439375877380371e-01 -3.019270673394203186e-02 8.448398113250732422e-02 -5.920965969562530518e-02 9.942057728767395020e-01
3.769626915454864502e-01 3.550580739974975586e-01 4.807226657867431641e-01 -3.751496225595474243e-02 8.186053484678268433e-02 -6.340704858303070068e-02 9.939170479774475098e-01
3.787123858928680420e-01 3.641988337039947510e-01 4.907048344612121582e-01 -3.747029602527618408e-02 8.181153237819671631e-02 -6.292779743671417236e-02 9.939532279968261719e-01
3.799106180667877197e-01 3.731695115566253662e-01 5.013934373855590820e-01 -3.768520429730415344e-02 8.201174437999725342e-02 -6.174511462450027466e-02 9.940027594566345215e-01
3.802929222583770752e-01 3.820005655288696289e-01 5.119774341583251953e-01 -3.694428130984306335e-02 8.226178586483001709e-02 -6.199032068252563477e-02 9.939946532249450684e-01
3.812948167324066162e-01 3.891112506389617920e-01 5.221722722053527832e-01 -3.753675892949104309e-02 8.176013827323913574e-02 -6.269041448831558228e-02 9.939699172973632812e-01
3.808749616146087646e-01 3.952798247337341309e-01 5.310075879096984863e-01 -3.739913925528526306e-02 8.233282715082168579e-02 -6.237863749265670776e-02 9.939475059509277344e-01
3.807473182678222656e-01 4.021952152252197266e-01 5.410392880439758301e-01 -3.769785910844802856e-02 8.234795928001403809e-02 -6.246731057763099670e-02 9.939293861389160156e-01
3.798677921295166016e-01 4.063403010368347168e-01 5.491213202476501465e-01 -3.736639395356178284e-02 8.266821503639221191e-02 -6.377493590116500854e-02 9.938322901725769043e-01
3.785082697868347168e-01 4.102183580398559570e-01 5.596839189529418945e-01 -3.873063623905181885e-02 8.050277829170227051e-02 -6.507758796215057373e-02 9.938733577728271484e-01
3.771499991416931152e-01 4.135901927947998047e-01 5.688484311103820801e-01 -3.895189985632896423e-02 7.947532087564468384e-02 -6.670290231704711914e-02 9.938396215438842773e-01
3.745002448558807373e-01 4.158680140972137451e-01 5.788592696189880371e-01 -3.838135674595832825e-02 7.842873781919479370e-02 -6.718812882900238037e-02 9.939123392105102539e-01
3.865380883216857910e-01 4.394340813159942627e-01 5.845103263854980469e-01 -1.597411558032035828e-02 6.328028440475463867e-02 -2.453072369098663330e-02 9.975664019584655762e-01
3.815170824527740479e-01 4.455183446407318115e-01 5.932526588439941406e-01 -1.395117957144975662e-02 6.392255425453186035e-02 -1.927331835031509399e-02 9.976711869239807129e-01
3.727413713932037354e-01 4.542555809020996094e-01 6.067196130752563477e-01 -1.098843198269605637e-02 6.491040438413619995e-02 -1.416534744203090668e-02 9.977300763130187988e-01
3.731001019477844238e-01 4.627584218978881836e-01 6.181970834732055664e-01 -6.467929575592279434e-03 5.533396080136299133e-02 3.350351005792617798e-03 9.984413981437683105e-01
3.772769570350646973e-01 4.764442741870880127e-01 6.357148289680480957e-01 -1.345280907116830349e-03 3.890256956219673157e-02 2.567626163363456726e-02 9.989121556282043457e-01
3.876360952854156494e-01 4.700320959091186523e-01 6.269424557685852051e-01 -2.691189525648951530e-03 2.783543802797794342e-02 3.485029190778732300e-02 9.990012645721435547e-01
3.867978155612945557e-01 4.761817753314971924e-01 6.324585676193237305e-01 -1.164560089819133282e-03 2.312086336314678192e-02 4.384049400687217712e-02 9.987703561782836914e-01
3.853546977043151855e-01 4.840390980243682861e-01 6.415320634841918945e-01 2.980715595185756683e-03 1.706421934068202972e-02 5.802832916378974915e-02 9.981646537780761719e-01
3.865229189395904541e-01 4.889097809791564941e-01 6.514587998390197754e-01 2.117541385814547539e-03 5.252319388091564178e-03 6.508879363536834717e-02 9.978634119033813477e-01
3.874707221984863281e-01 4.966616928577423096e-01 6.579993963241577148e-01 6.262800656259059906e-03 -3.845178522169589996e-03 8.394887298345565796e-02 9.964429736137390137e-01
3.886900544166564941e-01 5.036349892616271973e-01 6.660605669021606445e-01 8.055163547396659851e-03 -1.175604853779077530e-02 9.480755776166915894e-02 9.953936338424682617e-01
3.891402482986450195e-01 5.115207433700561523e-01 6.757774353027343750e-01 1.014820393174886703e-02 -1.905609481036663055e-02 1.049037575721740723e-01 9.942480325698852539e-01
3.900001943111419678e-01 5.181413888931274414e-01 6.853924989700317383e-01 1.105320733040571213e-02 -2.671139314770698547e-02 1.125115677714347839e-01 9.932298660278320312e-01
3.900510668754577637e-01 5.260496735572814941e-01 6.958637237548828125e-01 1.296251267194747925e-02 -3.365904837846755981e-02 1.211976557970046997e-01 9.919729232788085938e-01
3.907911777496337891e-01 5.338053703308105469e-01 7.051624059677124023e-01 1.393869146704673767e-02 -3.969815373420715332e-02 1.277690976858139038e-01 9.909111261367797852e-01
3.903534412384033203e-01 5.405930876731872559e-01 7.140041589736938477e-01 1.655570231378078461e-02 -4.481298848986625671e-02 1.354959458112716675e-01 9.896255135536193848e-01
3.910806477069854736e-01 5.484994053840637207e-01 7.245432734489440918e-01 1.714933849871158600e-02 -4.960041865706443787e-02 1.389921754598617554e-01 9.889019131660461426e-01
3.921928405761718750e-01 5.565829277038574219e-01 7.345651984214782715e-01 1.788970269262790680e-02 -5.373843759298324585e-02 1.402817070484161377e-01 9.884904026985168457e-01
3.930819034576416016e-01 5.657471418380737305e-01 7.441279888153076172e-01 1.987766847014427185e-02 -5.765071883797645569e-02 1.436049193143844604e-01 9.877544641494750977e-01
3.932562470436096191e-01 5.744360089302062988e-01 7.551084756851196289e-01 4.799414891749620438e-03 -6.384107470512390137e-02 1.413424462080001831e-01 9.878885149955749512e-01
3.931314945220947266e-01 5.825371742248535156e-01 7.662154436111450195e-01 -1.278442423790693283e-02 -6.960021704435348511e-02 1.377231925725936890e-01 9.879396557807922363e-01
3.931988775730133057e-01 5.914374589920043945e-01 7.773925065994262695e-01 -3.229647502303123474e-02 -7.469970732927322388e-02 1.320599168539047241e-01 9.878953099250793457e-01
3.944703638553619385e-01 6.008879542350769043e-01 7.880313396453857422e-01 -5.360340327024459839e-02 -8.073808252811431885e-02 1.252917200326919556e-01 9.873753190040588379e-01
3.977335691452026367e-01 6.079584360122680664e-01 7.966192364692687988e-01 -7.773443311452865601e-02 -8.595944195985794067e-02 1.177167668938636780e-01 9.862611889839172363e-01
3.977671563625335693e-01 6.165046691894531250e-01 8.087552785873413086e-01 -1.034855470061302185e-01 -9.054633229970932007e-02 1.074106618762016296e-01 9.846598505973815918e-01
3.957544565200805664e-01 6.250988841056823730e-01 8.219992518424987793e-01 -1.295333802700042725e-01 -9.481463581323623657e-02 9.712709486484527588e-02 9.822411537170410156e-01
3.925983011722564697e-01 6.341633796691894531e-01 8.349822163581848145e-01 -1.563210636377334595e-01 -9.933044761419296265e-02 8.572565019130706787e-02 9.789527058601379395e-01
3.899746537208557129e-01 6.419131159782409668e-01 8.473745584487915039e-01 -1.837891340255737305e-01 -1.036593019962310791e-01 7.397131621837615967e-02 9.746817946434020996e-01
3.872721791267395020e-01 6.499364972114562988e-01 8.599684238433837891e-01 -2.115711718797683716e-01 -1.078470647335052490e-01 6.298913061618804932e-02 9.693498611450195312e-01
3.861135840415954590e-01 6.575582623481750488e-01 8.726508021354675293e-01 -2.393013238906860352e-01 -1.125665083527565002e-01 5.103221535682678223e-02 9.630469083786010742e-01
3.815120458602905273e-01 6.656034588813781738e-01 8.867344856262207031e-01 -2.665743529796600342e-01 -1.170014142990112305e-01 3.980502486228942871e-02 9.558579325675964355e-01
3.787871003150939941e-01 6.728086471557617188e-01 9.001106619834899902e-01 -2.934394478797912598e-01 -1.217527240514755249e-01 2.963039837777614594e-02 9.477297663688659668e-01
3.753897547721862793e-01 6.799106597900390625e-01 9.122123122215270996e-01 -3.190499544143676758e-01 -1.264571845531463623e-01 2.015139535069465637e-02 9.390471577644348145e-01
3.713137507438659668e-01 6.877536773681640625e-01 9.263541698455810547e-01 -3.435587882995605469e-01 -1.315143704414367676e-01 1.148176938295364380e-02 9.298062324523925781e-01
3.669012486934661865e-01 6.954957246780395508e-01 9.400162100791931152e-01 -3.664036989212036133e-01 -1.366614848375320435e-01 4.259709268808364868e-03 9.203553199768066406e-01
3.629956543445587158e-01 7.030094861984252930e-01 9.539415836334228516e-01 -3.879060447216033936e-01 -1.420106142759323120e-01 -9.061703458428382874e-04 9.106926918029785156e-01
3.592114448547363281e-01 7.103281021118164062e-01 9.676346182823181152e-01 -4.075408577919006348e-01 -1.482307910919189453e-01 -4.819126799702644348e-03 9.010632634162902832e-01
3.546081185340881348e-01 7.183331251144409180e-01 9.818494319915771484e-01 -4.249675869941711426e-01 -1.545084118843078613e-01 -6.496124435216188431e-03 8.919011354446411133e-01
3.499677777290344238e-01 7.261436581611633301e-01 9.965872764587402344e-01 -4.403004348278045654e-01 -1.615327596664428711e-01 -6.490062456578016281e-03 8.831764459609985352e-01
3.448948562145233154e-01 7.345808744430541992e-01 1.011381983757019043e+00 -4.529517590999603271e-01 -1.685384511947631836e-01 -3.362605813890695572e-03 8.754531741142272949e-01
3.398870527744293213e-01 7.424350976943969727e-01 1.026860475540161133e+00 -4.637636244297027588e-01 -1.764302700757980347e-01 1.661889604292809963e-03 8.682124614715576172e-01
3.343915641307830811e-01 7.492149472236633301e-01 1.040519237518310547e+00 -4.722933769226074219e-01 -1.848356425762176514e-01 8.459042757749557495e-03 8.618023395538330078e-01
3.289629817008972168e-01 7.571938037872314453e-01 1.055605173110961914e+00 -4.785345792770385742e-01 -1.935158967971801758e-01 1.782980747520923615e-02 8.562934398651123047e-01
3.231248259544372559e-01 7.647361755371093750e-01 1.070782303810119629e+00 -4.827664792537689209e-01 -2.028473764657974243e-01 2.899087779223918915e-02 8.514393568038940430e-01
3.169041872024536133e-01 7.725192308425903320e-01 1.085799217224121094e+00 -4.850411117076873779e-01 -2.125207632780075073e-01 4.161640629172325134e-02 8.472533226013183594e-01
3.107426762580871582e-01 7.799951434135437012e-01 1.101227164268493652e+00 -4.854116737842559814e-01 -2.228929251432418823e-01 5.608827620744705200e-02 8.435332775115966797e-01
3.036444783210754395e-01 7.879254817962646484e-01 1.116682529449462891e+00 -4.837825596332550049e-01 -2.332139015197753906e-01 7.198992371559143066e-02 8.404660224914550781e-01
2.957808673381805420e-01 7.953132390975952148e-01 1.132110357284545898e+00 -4.803626835346221924e-01 -2.435641884803771973e-01 8.838494122028350830e-02 8.379238247871398926e-01
2.868722975254058838e-01 8.024471402168273926e-01 1.147410392761230469e+00 -4.753243327140808105e-01 -2.543011605739593506e-01 1.063147932291030884e-01 8.355207443237304688e-01
2.769013345241546631e-01 8.084471225738525391e-01 1.162713289260864258e+00 -4.691644608974456787e-01 -2.649479508399963379e-01 1.251048743724822998e-01 8.330882787704467773e-01
2.652822136878967285e-01 8.149114847183227539e-01 1.177997589111328125e+00 -4.611673355102539062e-01 -2.761321067810058594e-01 1.444357633590698242e-01 8.307912945747375488e-01
2.525919079780578613e-01 8.204048871994018555e-01 1.191684961318969727e+00 -4.515174031257629395e-01 -2.870717346668243408e-01 1.645524650812149048e-01 8.286401033401489258e-01
2.382348179817199707e-01 8.258048295974731445e-01 1.203888416290283203e+00 -4.401262104511260986e-01 -2.980140149593353271e-01 1.850979626178741455e-01 8.265684247016906738e-01
2.229135036468505859e-01 8.320647478103637695e-01 1.215435028076171875e+00 -4.279806315898895264e-01 -3.083281517028808594e-01 2.052140384912490845e-01 8.244110941886901855e-01
2.099128961563110352e-01 8.424265980720520020e-01 1.226792812347412109e+00 -4.142707884311676025e-01 -3.186633586883544922e-01 2.256269007921218872e-01 8.221471309661865234e-01
1.964068412780761719e-01 8.491789102554321289e-01 1.239807486534118652e+00 -3.995957076549530029e-01 -3.288752734661102295e-01 2.458986788988113403e-01 8.195719718933105469e-01
1.835687160491943359e-01 8.546127080917358398e-01 1.252224683761596680e+00 -3.837788701057434082e-01 -3.391446173191070557e-01 2.665614783763885498e-01 8.164800405502319336e-01
1.698384284973144531e-01 8.587106466293334961e-01 1.263780117034912109e+00 -3.671814203262329102e-01 -3.485020399093627930e-01 2.857383191585540771e-01 8.136816620826721191e-01
1.568911075592041016e-01 8.631570339202880859e-01 1.275278568267822266e+00 -3.500919342041015625e-01 -3.579059243202209473e-01 3.046818077564239502e-01 8.102518320083618164e-01
1.431936025619506836e-01 8.675235509872436523e-01 1.285617351531982422e+00 -3.320770263671875000e-01 -3.664604127407073975e-01 3.228218257427215576e-01 8.069806694984436035e-01
1.304914951324462891e-01 8.718607425689697266e-01 1.295489788055419922e+00 -3.132299482822418213e-01 -3.748574554920196533e-01 3.400458395481109619e-01 8.035780787467956543e-01
1.182176470756530762e-01 8.752745389938354492e-01 1.305317401885986328e+00 -2.946375906467437744e-01 -3.828760087490081787e-01 3.563485145568847656e-01 7.997564673423767090e-01
1.062127351760864258e-01 8.789544701576232910e-01 1.314015388488769531e+00 -2.753631174564361572e-01 -3.905373811721801758e-01 3.716947436332702637e-01 7.959263324737548828e-01
9.429275989532470703e-02 8.832661509513854980e-01 1.322453498840332031e+00 -2.546003758907318115e-01 -3.984164297580718994e-01 3.846770823001861572e-01 7.927588820457458496e-01
8.271992206573486328e-02 8.869932889938354492e-01 1.330208063125610352e+00 -2.332684546709060669e-01 -4.059508144855499268e-01 3.958922326564788818e-01 7.899740934371948242e-01
7.173454761505126953e-02 8.911337256431579590e-01 1.337979555130004883e+00 -2.124159336090087891e-01 -4.129453599452972412e-01 4.078316390514373779e-01 7.861482501029968262e-01
6.126773357391357422e-02 8.941497206687927246e-01 1.345015525817871094e+00 -1.921688020229339600e-01 -4.191153645515441895e-01 4.189349114894866943e-01 7.822448611259460449e-01
5.007863044738769531e-02 8.977203369140625000e-01 1.351867914199829102e+00 -1.717917472124099731e-01 -4.247599840164184570e-01 4.300854206085205078e-01 7.778773307800292969e-01
4.057455062866210938e-02 9.014196991920471191e-01 1.358829855918884277e+00 -1.522537469863891602e-01 -4.302201271057128906e-01 4.411376118659973145e-01 7.727400660514831543e-01
3.042173385620117188e-02 9.040760397911071777e-01 1.364127874374389648e+00 -1.334168016910552979e-01 -4.348663389682769775e-01 4.516735970973968506e-01 7.675169706344604492e-01
2.097940444946289062e-02 9.083205461502075195e-01 1.368023633956909180e+00 -1.148908734321594238e-01 -4.393081665039062500e-01 4.631164073944091797e-01 7.611384391784667969e-01
1.172077655792236328e-02 9.106572270393371582e-01 1.371493339538574219e+00 -9.732574969530105591e-02 -4.433341622352600098e-01 4.733799695968627930e-01 7.549132108688354492e-01
2.288460731506347656e-03 9.119700193405151367e-01 1.374920129776000977e+00 -8.080945163965225220e-02 -4.472725391387939453e-01 4.831685721874237061e-01 7.483083009719848633e-01
-6.708025932312011719e-03 9.132304787635803223e-01 1.377501964569091797e+00 -6.486872583627700806e-02 -4.505021572113037109e-01 4.927362501621246338e-01 7.416542172431945801e-01
-1.463472843170166016e-02 9.151097536087036133e-01 1.380019664764404297e+00 -4.913716390728950500e-02 -4.542735815048217773e-01 5.015410780906677246e-01 7.346276044845581055e-01
-2.165114879608154297e-02 9.174557924270629883e-01 1.382587075233459473e+00 -3.376062959432601929e-02 -4.579997062683105469e-01 5.089983940124511719e-01 7.280227541923522949e-01
-2.975165843963623047e-02 9.200125932693481445e-01 1.385356545448303223e+00 -1.913420669734477997e-02 -4.613890945911407471e-01 5.155208110809326172e-01 7.217979431152343750e-01
-3.642082214355468750e-02 9.211030602455139160e-01 1.387393951416015625e+00 -5.507837515324354172e-03 -4.644805192947387695e-01 5.215467810630798340e-01 7.156929969787597656e-01
-4.280388355255126953e-02 9.222626090049743652e-01 1.389690041542053223e+00 6.880704313516616821e-03 -4.674773216247558594e-01 5.273838639259338379e-01 7.094250917434692383e-01
-4.927325248718261719e-02 9.241483211517333984e-01 1.391215085983276367e+00 8.468898944556713104e-03 -4.737226366996765137e-01 5.275495052337646484e-01 7.051289081573486328e-01
-5.373644828796386719e-02 9.248875975608825684e-01 1.393172383308410645e+00 9.719637222588062286e-03 -4.799276888370513916e-01 5.271033048629760742e-01 7.012396454811096191e-01
-6.002259254455566406e-02 9.261711835861206055e-01 1.395241856575012207e+00 1.134684402495622635e-02 -4.859685003757476807e-01 5.271517038345336914e-01 6.970057487487792969e-01
-6.456136703491210938e-02 9.271526932716369629e-01 1.397689938545227051e+00 1.257168129086494446e-02 -4.917550981044769287e-01 5.271200537681579590e-01 6.929382681846618652e-01
-6.943607330322265625e-02 9.279521107673645020e-01 1.399246454238891602e+00 1.403754111379384995e-02 -4.969795048236846924e-01 5.273358821868896484e-01 6.890074014663696289e-01
-7.170486450195312500e-02 9.284019470214843750e-01 1.401740789413452148e+00 1.492977607995271683e-02 -5.021398067474365234e-01 5.272619128227233887e-01 6.852939128875732422e-01
-7.624697685241699219e-02 9.287378191947937012e-01 1.402889847755432129e+00 1.597668230533599854e-02 -5.061485171318054199e-01 5.271866917610168457e-01 6.823727488517761230e-01
-7.790160179138183594e-02 9.287154674530029297e-01 1.403929948806762695e+00 1.640049554407596588e-02 -5.095404982566833496e-01 5.272666811943054199e-01 6.797716617584228516e-01
-7.993030548095703125e-02 9.298396110534667969e-01 1.406247258186340332e+00 1.718735322356224060e-02 -5.127919316291809082e-01 5.276482105255126953e-01 6.770055294036865234e-01
-8.139979839324951172e-02 9.298722743988037109e-01 1.408005118370056152e+00 1.714195683598518372e-02 -5.152150392532348633e-01 5.280493497848510742e-01 6.748508214950561523e-01
-8.405590057373046875e-02 9.299095273017883301e-01 1.407779812812805176e+00 1.762252114713191986e-02 -5.163454413414001465e-01 5.284239649772644043e-01 6.736802458763122559e-01
-8.382213115692138672e-02 9.305278062820434570e-01 1.409416079521179199e+00 1.739436388015747070e-02 -5.174997448921203613e-01 5.286844372749328613e-01 6.725952029228210449e-01
-8.360648155212402344e-02 9.310302734375000000e-01 1.410022258758544922e+00 1.714362390339374542e-02 -5.174307227134704590e-01 5.292977094650268555e-01 6.721721887588500977e-01
-8.540153503417968750e-02 9.304259419441223145e-01 1.409641504287719727e+00 1.646902225911617279e-02 -5.158184766769409180e-01 5.297361016273498535e-01 6.730822324752807617e-01
-8.526110649108886719e-02 9.306462407112121582e-01 1.410313606262207031e+00 1.549596618860960007e-02 -5.140592455863952637e-01 5.302195549011230469e-01 6.740700006484985352e-01
-8.435809612274169922e-02 9.309608936309814453e-01 1.411499977111816406e+00 1.456653047353029251e-02 -5.116477608680725098e-01 5.303246974945068359e-01 6.758403778076171875e-01
-8.408653736114501953e-02 9.306359291076660156e-01 1.411063432693481445e+00 1.392746064811944962e-02 -5.080961585044860840e-01 5.302439332008361816e-01 6.785910725593566895e-01
-8.660316467285156250e-02 9.310598969459533691e-01 1.412325620651245117e+00 1.287031080573797226e-02 -5.028454661369323730e-01 5.309068560600280762e-01 6.819961071014404297e-01
-8.901166915893554688e-02 9.313422441482543945e-01 1.412311196327209473e+00 1.207549311220645905e-02 -4.968208074569702148e-01 5.309144854545593262e-01 6.864059567451477051e-01
-8.877968788146972656e-02 9.315816164016723633e-01 1.414067745208740234e+00 1.117531210184097290e-02 -4.906063675880432129e-01 5.294276475906372070e-01 6.920165419578552246e-01
-8.914649486541748047e-02 9.320952296257019043e-01 1.414582133293151855e+00 -2.712843939661979675e-03 -4.879103899002075195e-01 5.200311541557312012e-01 7.010732293128967285e-01
-9.280443191528320312e-02 9.313592910766601562e-01 1.416141390800476074e+00 -1.818639785051345825e-02 -4.833846688270568848e-01 5.099465847015380859e-01 7.113108038902282715e-01
-9.425711631774902344e-02 9.323841333389282227e-01 1.418597698211669922e+00 -3.474378213286399841e-02 -4.791530966758728027e-01 4.994640052318572998e-01 7.209306359291076660e-01
-9.670817852020263672e-02 9.330201148986816406e-01 1.420529723167419434e+00 -5.226193740963935852e-02 -4.741199314594268799e-01 4.871484041213989258e-01 7.315500974655151367e-01
-9.941053390502929688e-02 9.326940178871154785e-01 1.422234654426574707e+00 -7.102672010660171509e-02 -4.678525626659393311e-01 4.735428392887115479e-01 7.428502440452575684e-01
-1.022877693176269531e-01 9.320168495178222656e-01 1.424563288688659668e+00 -9.035436809062957764e-02 -4.610811471939086914e-01 4.584854543209075928e-01 7.543417215347290039e-01
-1.055718660354614258e-01 9.320152997970581055e-01 1.426882386207580566e+00 -1.100253984332084656e-01 -4.536482095718383789e-01 4.428781867027282715e-01 7.654781341552734375e-01
-1.096318960189819336e-01 9.328027963638305664e-01 1.430216193199157715e+00 -1.299510002136230469e-01 -4.459024667739868164e-01 4.266765415668487549e-01 7.760353684425354004e-01
-1.132496595382690430e-01 9.323539137840270996e-01 1.433074474334716797e+00 -1.501717716455459595e-01 -4.373488724231719971e-01 4.094707667827606201e-01 7.864528894424438477e-01
-1.165094375610351562e-01 9.322888255119323730e-01 1.436241865158081055e+00 -1.700902730226516724e-01 -4.289700090885162354e-01 3.918850719928741455e-01 7.959146499633789062e-01
-1.203832030296325684e-01 9.316287636756896973e-01 1.439345121383666992e+00 -1.901491731405258179e-01 -4.197194874286651611e-01 3.735678791999816895e-01 8.050627112388610840e-01
-1.238086223602294922e-01 9.313603639602661133e-01 1.442355155944824219e+00 -2.099729180335998535e-01 -4.104152321815490723e-01 3.551529943943023682e-01 8.132264018058776855e-01
-1.269619464874267578e-01 9.309087991714477539e-01 1.444811701774597168e+00 -2.289709299802780151e-01 -4.011403918266296387e-01 3.363950550556182861e-01 8.206686973571777344e-01
-1.299703121185302734e-01 9.305396080017089844e-01 1.446938991546630859e+00 -2.477476447820663452e-01 -3.916559815406799316e-01 3.179077208042144775e-01 8.271405100822448730e-01
-1.326016187667846680e-01 9.303652048110961914e-01 1.448753237724304199e+00 -2.652747631072998047e-01 -3.824280500411987305e-01 2.995582222938537598e-01 8.328523635864257812e-01
-1.347525119781494141e-01 9.306840896606445312e-01 1.449776053428649902e+00 -2.815904617309570312e-01 -3.733391761779785156e-01 2.822099328041076660e-01 8.376647830009460449e-01
-1.368516087532043457e-01 9.306110739707946777e-01 1.450981020927429199e+00 -2.970485985279083252e-01 -3.647701144218444824e-01 2.649950385093688965e-01 8.417141437530517578e-01
-1.382783651351928711e-01 9.305264353752136230e-01 1.451885223388671875e+00 -3.113077282905578613e-01 -3.568704724311828613e-01 2.485102415084838867e-01 8.449696302413940430e-01
-1.395967006683349609e-01 9.305931329727172852e-01 1.452697753906250000e+00 -3.242818713188171387e-01 -3.497810959815979004e-01 2.332517951726913452e-01 8.474008440971374512e-01
-1.404175758361816406e-01 9.304362535476684570e-01 1.453010201454162598e+00 -3.360522985458374023e-01 -3.432577550411224365e-01 2.189005613327026367e-01 8.493089079856872559e-01
-1.406968235969543457e-01 9.304367303848266602e-01 1.453215599060058594e+00 -3.463484048843383789e-01 -3.379015326499938965e-01 2.063223570585250854e-01 8.504684567451477051e-01
-1.411648094654083252e-01 9.305591583251953125e-01 1.453651666641235352e+00 -3.551270365715026855e-01 -3.337698876857757568e-01 1.947227269411087036e-01 8.512141704559326172e-01
-1.413795351982116699e-01 9.305659532546997070e-01 1.453656435012817383e+00 -3.625617325305938721e-01 -3.303112685680389404e-01 1.843788772821426392e-01 8.517323136329650879e-01
-1.421343088150024414e-01 9.305962324142456055e-01 1.454008817672729492e+00 -3.689794540405273438e-01 -3.274659812450408936e-01 1.754135340452194214e-01 8.519685268402099609e-01
-1.428088247776031494e-01 9.304282665252685547e-01 1.454481840133666992e+00 -3.743839859962463379e-01 -3.253569006919860840e-01 1.672953963279724121e-01 8.520515561103820801e-01
-1.437752246856689453e-01 9.302316904067993164e-01 1.455039024353027344e+00 -3.790102601051330566e-01 -3.235416412353515625e-01 1.600687503814697266e-01 8.520857095718383789e-01
-1.449302732944488525e-01 9.300469160079956055e-01 1.455702662467956543e+00 -3.827748596668243408e-01 -3.221362829208374023e-01 1.534957885742187500e-01 8.521447777748107910e-01
-1.460311114788055420e-01 9.297590255737304688e-01 1.456494569778442383e+00 -3.860880136489868164e-01 -3.209773600101470947e-01 1.478935331106185913e-01 8.520780801773071289e-01
-1.474164426326751709e-01 9.295951724052429199e-01 1.457169532775878906e+00 -3.887300491333007812e-01 -3.194597959518432617e-01 1.429568976163864136e-01 8.522897362709045410e-01
-1.490182280540466309e-01 9.292993545532226562e-01 1.457997441291809082e+00 -3.910135030746459961e-01 -3.179910480976104736e-01 1.383860409259796143e-01 8.525488376617431641e-01
-1.505962312221527100e-01 9.289304614067077637e-01 1.458975434303283691e+00 -3.930143117904663086e-01 -3.162122070789337158e-01 1.343759000301361084e-01 8.529318571090698242e-01
-1.525353193283081055e-01 9.285583496093750000e-01 1.459873795509338379e+00 -3.946411907672882080e-01 -3.138553798198699951e-01 1.303809881210327148e-01 8.536708950996398926e-01
-1.544445455074310303e-01 9.282945990562438965e-01 1.460953950881958008e+00 -3.962550759315490723e-01 -3.110420107841491699e-01 1.268175244331359863e-01 8.544893860816955566e-01
-1.565977931022644043e-01 9.276595115661621094e-01 1.461983323097229004e+00 -3.979214131832122803e-01 -3.072863817214965820e-01 1.231690421700477600e-01 8.556067943572998047e-01
-1.588634252548217773e-01 9.270708560943603516e-01 1.463161945343017578e+00 -3.996400833129882812e-01 -3.027221560478210449e-01 1.192737072706222534e-01 8.569836616516113281e-01
-1.613164246082305908e-01 9.266136884689331055e-01 1.464269757270812988e+00 -4.014827907085418701e-01 -2.968704104423522949e-01 1.152916550636291504e-01 8.587126731872558594e-01
-1.637926995754241943e-01 9.257297515869140625e-01 1.465468406677246094e+00 -4.037572145462036133e-01 -2.897959947586059570e-01 1.109272465109825134e-01 8.606355786323547363e-01
-1.665611714124679565e-01 9.250112175941467285e-01 1.466783046722412109e+00 -4.064368009567260742e-01 -2.812194228172302246e-01 1.064342260360717773e-01 8.627842068672180176e-01
-1.695171594619750977e-01 9.241352081298828125e-01 1.468207597732543945e+00 -4.096749424934387207e-01 -2.710098326206207275e-01 1.016096100211143494e-01 8.650986552238464355e-01
-1.724938005208969116e-01 9.235625267028808594e-01 1.469263315200805664e+00 -4.130097329616546631e-01 -2.589436173439025879e-01 9.592819213867187500e-02 8.678531050682067871e-01
-1.756968051195144653e-01 9.224456548690795898e-01 1.470620393753051758e+00 -4.171525537967681885e-01 -2.449920624494552612e-01 8.949059993028640747e-02 8.706055879592895508e-01
-1.791761815547943115e-01 9.215609431266784668e-01 1.471974134445190430e+00 -4.215903878211975098e-01 -2.293038070201873779e-01 8.233451098203659058e-02 8.734428286552429199e-01
-1.827622652053833008e-01 9.203862547874450684e-01 1.473335504531860352e+00 -4.264177978038787842e-01 -2.121408283710479736e-01 7.467038929462432861e-02 8.761213421821594238e-01
-1.865628063678741455e-01 9.192373752593994141e-01 1.474673986434936523e+00 -4.313353896141052246e-01 -1.935683786869049072e-01 6.661894917488098145e-02 8.786597847938537598e-01
-1.903769671916961670e-01 9.180072546005249023e-01 1.476020812988281250e+00 -4.363320767879486084e-01 -1.742286235094070435e-01 5.853869020938873291e-02 8.808133006095886230e-01
-1.943283081054687500e-01 9.170157909393310547e-01 1.477182388305664062e+00 -4.410004019737243652e-01 -1.537912786006927490e-01 4.964027181267738342e-02 8.828379511833190918e-01
-1.986143141984939575e-01 9.155357480049133301e-01 1.478491425514221191e+00 -4.457781612873077393e-01 -1.330327093601226807e-01 4.064646735787391663e-02 8.842692375183105469e-01
-2.029088437557220459e-01 9.141579866409301758e-01 1.479698657989501953e+00 -4.498963654041290283e-01 -1.117729842662811279e-01 3.205768391489982605e-02 8.854786753654479980e-01
-2.073466181755065918e-01 9.125175476074218750e-01 1.480866432189941406e+00 -4.538179636001586914e-01 -9.055657684803009033e-02 2.354271337389945984e-02 8.861684203147888184e-01
-2.119901329278945923e-01 9.109032154083251953e-01 1.481957197189331055e+00 -4.571240842342376709e-01 -6.951138377189636230e-02 1.512380596250295639e-02 8.865534663200378418e-01
-2.168930321931838989e-01 9.094792604446411133e-01 1.482957363128662109e+00 -4.598403871059417725e-01 -4.886465147137641907e-02 7.209894247353076935e-03 8.866268992424011230e-01
-2.217870503664016724e-01 9.077739715576171875e-01 1.484005928039550781e+00 -4.619796872138977051e-01 -2.916900813579559326e-02 -2.202440227847546339e-04 8.864107131958007812e-01
-2.269097566604614258e-01 9.061905145645141602e-01 1.484869360923767090e+00 -4.633316099643707275e-01 -1.048973295837640762e-02 -7.103816606104373932e-03 8.860943913459777832e-01
-2.318589389324188232e-01 9.042524099349975586e-01 1.485839486122131348e+00 -4.641463160514831543e-01 6.870308890938758850e-03 -1.259303744882345200e-02 8.856423497200012207e-01
-2.372425198554992676e-01 9.024162292480468750e-01 1.486609458923339844e+00 -4.641919434070587158e-01 2.339587546885013580e-02 -1.685840077698230743e-02 8.852651119232177734e-01
-2.426594793796539307e-01 9.006403684616088867e-01 1.487341046333312988e+00 -4.631389379501342773e-01 3.857278451323509216e-02 -1.880752481520175934e-02 8.852461576461791992e-01
-2.480723559856414795e-01 8.984986543655395508e-01 1.488171339035034180e+00 -4.617111980915069580e-01 5.097578465938568115e-02 -2.061779052019119263e-02 8.853242993354797363e-01
-2.537273466587066650e-01 8.966143131256103516e-01 1.488860130310058594e+00 -4.593602120876312256e-01 6.071088835597038269e-02 -2.246996574103832245e-02 8.858880400657653809e-01
-2.597732543945312500e-01 8.947162628173828125e-01 1.489593029022216797e+00 -4.564386308193206787e-01 6.734255701303482056e-02 -2.415045164525508881e-02 8.868740797042846680e-01
-2.662252783775329590e-01 8.931803107261657715e-01 1.490570068359375000e+00 -4.530023336410522461e-01 7.098617404699325562e-02 -2.493658661842346191e-02 8.883287906646728516e-01
-2.724458873271942139e-01 8.907221555709838867e-01 1.491263151168823242e+00 -4.485083818435668945e-01 7.243714481592178345e-02 -2.196882292628288269e-02 8.905675411224365234e-01
-2.786649465560913086e-01 8.883274793624877930e-01 1.491970777511596680e+00 -4.431029260158538818e-01 7.095573097467422485e-02 -1.728191599249839783e-02 8.934912085533142090e-01
-2.850473225116729736e-01 8.854900598526000977e-01 1.492803692817687988e+00 -4.369727373123168945e-01 6.693082302808761597e-02 -1.122999005019664764e-02 8.969107866287231445e-01
-2.923625707626342773e-01 8.829157352447509766e-01 1.493842124938964844e+00 -4.299343526363372803e-01 6.104249507188796997e-02 -4.320045467466115952e-03 9.007839560508728027e-01
-2.993594110012054443e-01 8.804260492324829102e-01 1.494531512260437012e+00 -4.217059910297393799e-01 5.256205052137374878e-02 4.120538476854562759e-03 9.051985144615173340e-01
-3.066999316215515137e-01 8.784623742103576660e-01 1.495378017425537109e+00 -4.127249717712402344e-01 4.251490533351898193e-02 1.322024781256914139e-02 9.097669124603271484e-01
-3.137660920619964600e-01 8.753326535224914551e-01 1.496656060218811035e+00 -4.033295512199401855e-01 3.061886876821517944e-02 2.434274740517139435e-02 9.142183661460876465e-01
-3.212203979492187500e-01 8.725235462188720703e-01 1.497950077056884766e+00 -3.928809463977813721e-01 1.724117994308471680e-02 3.617431968450546265e-02 9.187158346176147461e-01
-3.285793960094451904e-01 8.695681691169738770e-01 1.499454021453857422e+00 -3.816850483417510986e-01 2.879187697544693947e-03 4.903218895196914673e-02 9.229865074157714844e-01
-3.359838724136352539e-01 8.663999438285827637e-01 1.500921607017517090e+00 -3.698923885822296143e-01 -1.243711262941360474e-02 6.257650256156921387e-02 9.268814325332641602e-01
-3.436791002750396729e-01 8.631536960601806641e-01 1.502925872802734375e+00 -3.574959635734558105e-01 -2.833052538335323334e-02 7.685448229312896729e-02 9.303157925605773926e-01
-3.516603410243988037e-01 8.593560457229614258e-01 1.505081415176391602e+00 -3.443643748760223389e-01 -4.452985897660255432e-02 9.149885922670364380e-02 9.333050251007080078e-01
-3.598152101039886475e-01 8.562682867050170898e-01 1.507591605186462402e+00 -3.305919170379638672e-01 -6.079041585326194763e-02 1.066426187753677368e-01 9.357568621635437012e-01
-3.677334189414978027e-01 8.525463938713073730e-01 1.510299921035766602e+00 -3.162392377853393555e-01 -7.731048762798309326e-02 1.224957555532455444e-01 9.375557303428649902e-01
-3.759465515613555908e-01 8.494434952735900879e-01 1.512968420982360840e+00 -3.009237051010131836e-01 -9.338496625423431396e-02 1.387542486190795898e-01 9.388671517372131348e-01
-3.841660022735595703e-01 8.448626995086669922e-01 1.516090035438537598e+00 -2.860068380832672119e-01 -1.087870970368385315e-01 1.545253545045852661e-01 9.394080042839050293e-01
-3.919812440872192383e-01 8.411207199096679688e-01 1.519476652145385742e+00 -2.702670991420745850e-01 -1.238382309675216675e-01 1.714507490396499634e-01 9.392681121826171875e-01
-4.001016020774841309e-01 8.372114300727844238e-01 1.523127794265747070e+00 -2.542783617973327637e-01 -1.377582252025604248e-01 1.879983991384506226e-01 9.386276602745056152e-01
-4.075424671173095703e-01 8.338266611099243164e-01 1.526496529579162598e+00 -2.381057888269424438e-01 -1.503209918737411499e-01 2.045464962720870972e-01 9.374806880950927734e-01
-4.144939780235290527e-01 8.300964236259460449e-01 1.529754877090454102e+00 -2.222024798393249512e-01 -1.613174080848693848e-01 2.208997011184692383e-01 9.358451962471008301e-01
-4.209418594837188721e-01 8.266870975494384766e-01 1.532770395278930664e+00 -2.060779780149459839e-01 -1.707607358694076538e-01 2.370814681053161621e-01 9.338977932929992676e-01
-4.259623289108276367e-01 8.237109184265136719e-01 1.535808324813842773e+00 -1.903639137744903564e-01 -1.792813390493392944e-01 2.531833350658416748e-01 9.314064979553222656e-01
-4.323235154151916504e-01 8.197807073593139648e-01 1.538593769073486328e+00 -1.751320809125900269e-01 -1.848984509706497192e-01 2.683473527431488037e-01 9.290484786033630371e-01
-4.366571605205535889e-01 8.169848918914794922e-01 1.540874123573303223e+00 -1.598923206329345703e-01 -1.899337768554687500e-01 2.838703989982604980e-01 9.261626601219177246e-01
-4.401295483112335205e-01 8.147679567337036133e-01 1.542959690093994141e+00 -1.448027789592742920e-01 -1.940197199583053589e-01 2.988308668136596680e-01 9.230864644050598145e-01
-4.432343542575836182e-01 8.127393126487731934e-01 1.544283270835876465e+00 -1.302220225334167480e-01 -1.967476159334182739e-01 3.132039308547973633e-01 9.199108481407165527e-01
-4.459162950515747070e-01 8.108898401260375977e-01 1.545341372489929199e+00 -1.158669888973236084e-01 -1.984592378139495850e-01 3.268393278121948242e-01 9.167141914367675781e-01
-4.490786790847778320e-01 8.083025217056274414e-01 1.546732783317565918e+00 -1.025715321302413940e-01 -1.989678889513015747e-01 3.395744860172271729e-01 9.135535359382629395e-01
-4.497949779033660889e-01 8.101418018341064453e-01 1.547360062599182129e+00 -8.842922747135162354e-02 -1.999575346708297729e-01 3.529066443443298340e-01 9.097550511360168457e-01
-4.516212940216064453e-01 8.086607456207275391e-01 1.548268795013427734e+00 -7.625737041234970093e-02 -1.992256343364715576e-01 3.645219504833221436e-01 9.064313769340515137e-01
-4.530608952045440674e-01 8.074775934219360352e-01 1.548575520515441895e+00 -6.447041779756546021e-02 -1.979836076498031616e-01 3.750377297401428223e-01 9.033232331275939941e-01
-4.540013670921325684e-01 8.058321475982666016e-01 1.547394156455993652e+00 -5.351289361715316772e-02 -1.960178613662719727e-01 3.850681781768798828e-01 9.002422094345092773e-01
-4.558741748332977295e-01 8.046296834945678711e-01 1.547860980033874512e+00 -4.319744184613227844e-02 -1.939963251352310181e-01 3.943242728710174561e-01 8.972222805023193359e-01
-4.565686583518981934e-01 8.036644458770751953e-01 1.548299551010131836e+00 -3.401459753513336182e-02 -1.921303570270538330e-01 4.028331637382507324e-01 8.942340016365051270e-01
-4.581866264343261719e-01 8.030948638916015625e-01 1.549484133720397949e+00 -2.529006451368331909e-02 -1.902624368667602539e-01 4.099034667015075684e-01 8.917061686515808105e-01
-4.603923559188842773e-01 8.022158145904541016e-01 1.549677610397338867e+00 -1.752955652773380280e-02 -1.882717609405517578e-01 4.160061776638031006e-01 8.894860148429870605e-01
-4.627522528171539307e-01 8.017528057098388672e-01 1.551851987838745117e+00 -1.076466031372547150e-02 -1.868387907743453979e-01 4.215618371963500977e-01 8.872773051261901855e-01
-4.663783013820648193e-01 8.010331392288208008e-01 1.554274678230285645e+00 -5.046790000051259995e-03 -1.852824538946151733e-01 4.252486824989318848e-01 8.858942389488220215e-01
-4.698776602745056152e-01 7.994198799133300781e-01 1.556023597717285156e+00 -8.314401493407785892e-04 -1.843505501747131348e-01 4.282572269439697266e-01 8.846524953842163086e-01
-4.711260199546813965e-01 7.975744009017944336e-01 1.558789849281311035e+00 1.747818547300994396e-03 -1.848597973585128784e-01 4.297935962677001953e-01 8.837993741035461426e-01
-4.732015430927276611e-01 7.955136299133300781e-01 1.560962438583374023e+00 1.612986787222325802e-03 -1.860625147819519043e-01 4.296718835830688477e-01 8.836063742637634277e-01
-4.764851629734039307e-01 7.931485772132873535e-01 1.563316822052001953e+00 1.745007350109517574e-03 -1.871923804283142090e-01 4.288174808025360107e-01 8.837825655937194824e-01
-4.844055175781250000e-01 7.881484031677246094e-01 1.564608573913574219e+00 1.494224299676716328e-03 -1.871021687984466553e-01 4.265872836112976074e-01 8.848807215690612793e-01
-4.914934635162353516e-01 7.828112840652465820e-01 1.565383195877075195e+00 9.656427428126335144e-04 -1.873874813318252563e-01 4.238301217555999756e-01 8.861451148986816406e-01
-4.994365572929382324e-01 7.779257297515869141e-01 1.566279411315917969e+00 -1.191585673950612545e-03 -1.893565058708190918e-01 4.199320673942565918e-01 8.875808119773864746e-01
-5.063389539718627930e-01 7.742303609848022461e-01 1.565923094749450684e+00 -3.875889116898179054e-03 -1.917977333068847656e-01 4.152712523937225342e-01 8.892403841018676758e-01
-5.126928091049194336e-01 7.690751552581787109e-01 1.566535830497741699e+00 -8.480533026158809662e-03 -1.948697566986083984e-01 4.099311828613281250e-01 8.910164833068847656e-01
-5.218664407730102539e-01 7.627635002136230469e-01 1.563823342323303223e+00 -1.337402500212192535e-02 -1.971499025821685791e-01 4.036823213100433350e-01 8.933049440383911133e-01
-5.290206074714660645e-01 7.606906890869140625e-01 1.561999440193176270e+00 -1.775697432458400726e-02 -2.011422365903854370e-01 3.976383507251739502e-01 8.950476050376892090e-01
-5.402122735977172852e-01 7.533686161041259766e-01 1.560794591903686523e+00 -2.407927811145782471e-02 -2.037868648767471313e-01 3.903237879276275635e-01 8.975179791450500488e-01
-5.481334328651428223e-01 7.473511695861816406e-01 1.559281110763549805e+00 -3.073284216225147247e-02 -2.080689221620559692e-01 3.824763000011444092e-01 8.997081518173217773e-01
-5.557059049606323242e-01 7.416942119598388672e-01 1.556956052780151367e+00 -3.780300542712211609e-02 -2.127336114645004272e-01 3.743787705898284912e-01 9.017516374588012695e-01
-5.643563270568847656e-01 7.379264831542968750e-01 1.554135322570800781e+00 -4.409413039684295654e-02 -2.172940969467163086e-01 3.662817776203155518e-01 9.037016630172729492e-01
-5.778853893280029297e-01 7.281944751739501953e-01 1.551620960235595703e+00 -5.262099951505661011e-02 -2.199765443801879883e-01 3.565327227115631104e-01 9.064909219741821289e-01
-5.893815755844116211e-01 7.232551574707031250e-01 1.547905921936035156e+00 -5.971268936991691589e-02 -2.237415611743927002e-01 3.478512763977050781e-01 9.085007905960083008e-01
-6.005682945251464844e-01 7.193349599838256836e-01 1.545583128929138184e+00 -6.703878194093704224e-02 -2.281971275806427002e-01 3.389949798583984375e-01 9.102275967597961426e-01
-6.119573116302490234e-01 7.155237197875976562e-01 1.542424917221069336e+00 -7.455500960350036621e-02 -2.324084639549255371e-01 3.301683962345123291e-01 9.118205308914184570e-01
-6.258491277694702148e-01 7.112395763397216797e-01 1.539190053939819336e+00 -8.211667090654373169e-02 -2.361284047365188599e-01 3.211826980113983154e-01 9.134231805801391602e-01
-6.387004256248474121e-01 7.064064741134643555e-01 1.534911990165710449e+00 -8.982097357511520386e-02 -2.398243695497512817e-01 3.126040697097778320e-01 9.147104620933532715e-01
-6.533356308937072754e-01 7.033293843269348145e-01 1.529501199722290039e+00 -9.603744745254516602e-02 -2.429847866296768188e-01 3.045483231544494629e-01 9.159615635871887207e-01
-6.680583953857421875e-01 6.976926326751708984e-01 1.523287296295166016e+00 -1.030422374606132507e-01 -2.456463873386383057e-01 2.964408695697784424e-01 9.171493649482727051e-01
-6.820844411849975586e-01 6.921781301498413086e-01 1.517243504524230957e+00 -1.095894649624824524e-01 -2.486076354980468750e-01 2.890174388885498047e-01 9.179615378379821777e-01
-6.964914798736572266e-01 6.862081885337829590e-01 1.510731935501098633e+00 -1.159962937235832214e-01 -2.509939670562744141e-01 2.818375825881958008e-01 9.187570810317993164e-01
-7.106936573982238770e-01 6.797577142715454102e-01 1.504581212997436523e+00 -1.224702522158622742e-01 -2.538567483425140381e-01 2.752507328987121582e-01 9.191272258758544922e-01
-7.258178591728210449e-01 6.726472377777099609e-01 1.497428059577941895e+00 -1.285873800516128540e-01 -2.558695375919342041e-01 2.685086727142333984e-01 9.197278022766113281e-01
-7.412829995155334473e-01 6.655189394950866699e-01 1.490721464157104492e+00 -1.349228620529174805e-01 -2.578894495964050293e-01 2.622515261173248291e-01 9.200614094734191895e-01
-7.548207044601440430e-01 6.569921970367431641e-01 1.484031200408935547e+00 -1.417156010866165161e-01 -2.603598535060882568e-01 2.557447254657745361e-01 9.201761484146118164e-01
-7.708165645599365234e-01 6.494795680046081543e-01 1.476132869720458984e+00 -1.470891982316970825e-01 -2.619683742523193359e-01 2.499180734157562256e-01 9.204772710800170898e-01
-7.871664762496948242e-01 6.413196921348571777e-01 1.468426108360290527e+00 -1.528099030256271362e-01 -2.632991671562194824e-01 2.441145777702331543e-01 9.207230210304260254e-01
-8.030294179916381836e-01 6.323434710502624512e-01 1.459427833557128906e+00 -1.582072079181671143e-01 -2.645934224128723145e-01 2.382934093475341797e-01 9.209653139114379883e-01
-8.137735128402709961e-01 6.209145784378051758e-01 1.447371006011962891e+00 -1.642997413873672485e-01 -2.662646174430847168e-01 2.328227460384368896e-01 9.208161234855651855e-01
-8.226597309112548828e-01 6.086234450340270996e-01 1.433516979217529297e+00 -1.703597009181976318e-01 -2.675645947456359863e-01 2.269757241010665894e-01 9.207979440689086914e-01
-8.296135663986206055e-01 5.995301604270935059e-01 1.419333100318908691e+00 -1.754771918058395386e-01 -2.693642973899841309e-01 2.215867042541503906e-01 9.206247925758361816e-01
-8.372582793235778809e-01 5.887100696563720703e-01 1.404964923858642578e+00 -1.812158226966857910e-01 -2.702025175094604492e-01 2.158938944339752197e-01 9.206200838088989258e-01
-8.440029621124267578e-01 5.775226950645446777e-01 1.390424013137817383e+00 -1.870334446430206299e-01 -2.709307968616485596e-01 2.103903889656066895e-01 9.205166697502136230e-01
-8.502260446548461914e-01 5.662959814071655273e-01 1.376741170883178711e+00 -1.928455978631973267e-01 -2.719033956527709961e-01 2.044022381305694580e-01 9.203797578811645508e-01
-8.563816547393798828e-01 5.544779300689697266e-01 1.363470911979675293e+00 -1.988743394613265991e-01 -2.725214958190917969e-01 1.984476596117019653e-01 9.202172160148620605e-01
-8.621373772621154785e-01 5.421611070632934570e-01 1.350518226623535156e+00 -2.049727290868759155e-01 -2.729260325431823730e-01 1.920647621154785156e-01 9.201134443283081055e-01
-8.664494752883911133e-01 5.292853713035583496e-01 1.336733102798461914e+00 -2.112677246332168579e-01 -2.737537026405334473e-01 1.855665594339370728e-01 9.197770953178405762e-01
-8.715139627456665039e-01 5.158782601356506348e-01 1.323609828948974609e+00 -2.175749242305755615e-01 -2.740869224071502686e-01 1.786844581365585327e-01 9.195702672004699707e-01
-8.763683438301086426e-01 5.018192529678344727e-01 1.310866117477416992e+00 -2.240446656942367554e-01 -2.745024859905242920e-01 1.716879010200500488e-01 9.192255735397338867e-01
-8.809743523597717285e-01 4.872358143329620361e-01 1.298408985137939453e+00 -2.308754473924636841e-01 -2.747441530227661133e-01 1.643747687339782715e-01 9.187998175621032715e-01
-8.856797218322753906e-01 4.719941616058349609e-01 1.286179304122924805e+00 -2.379615306854248047e-01 -2.744880318641662598e-01 1.565513759851455688e-01 9.184346795082092285e-01
-8.896435499191284180e-01 4.575361907482147217e-01 1.274614810943603516e+00 -2.447428852319717407e-01 -2.745200395584106445e-01 1.489064246416091919e-01 9.179142713546752930e-01
-8.941461443901062012e-01 4.430213570594787598e-01 1.261936068534851074e+00 -2.512690126895904541e-01 -2.740670144557952881e-01 1.407789289951324463e-01 9.175688028335571289e-01
-8.979671001434326172e-01 4.278661608695983887e-01 1.250670313835144043e+00 -2.583664357662200928e-01 -2.739072442054748535e-01 1.320982426404953003e-01 9.169359803199768066e-01
-9.014441967010498047e-01 4.125006794929504395e-01 1.239631891250610352e+00 -2.657664120197296143e-01 -2.735350430011749268e-01 1.235083416104316711e-01 9.161290526390075684e-01
-9.050207138061523438e-01 3.972552418708801270e-01 1.228979110717773438e+00 -2.732193171977996826e-01 -2.731107175350189209e-01 1.149482876062393188e-01 9.151768088340759277e-01
-9.085313081741333008e-01 3.817138671875000000e-01 1.218375802040100098e+00 -2.805867195129394531e-01 -2.724658250808715820e-01 1.060384735465049744e-01 9.142151474952697754e-01
-9.119651317596435547e-01 3.670874536037445068e-01 1.207639694213867188e+00 -2.875284254550933838e-01 -2.718922495841979980e-01 9.686435014009475708e-02 9.132466316223144531e-01
-9.147680401802062988e-01 3.508541882038116455e-01 1.197056770324707031e+00 -2.953467369079589844e-01 -2.713243961334228516e-01 8.769070357084274292e-02 9.118462800979614258e-01
-9.176558852195739746e-01 3.359300494194030762e-01 1.187005758285522461e+00 -3.026190102100372314e-01 -2.707875370979309082e-01 7.870671153068542480e-02 9.104400873184204102e-01
-9.209578037261962891e-01 3.208877444267272949e-01 1.176834225654602051e+00 -3.099527060985565186e-01 -2.700534462928771973e-01 6.931416690349578857e-02 9.089533090591430664e-01
-9.243935942649841309e-01 3.062923252582550049e-01 1.166963934898376465e+00 -3.171193301677703857e-01 -2.692659795284271240e-01 6.017996370792388916e-02 9.073640704154968262e-01
-9.272052049636840820e-01 2.915970087051391602e-01 1.157205104827880859e+00 -3.242940008640289307e-01 -2.683199048042297363e-01 5.108194425702095032e-02 9.056646823883056641e-01
-9.297611117362976074e-01 2.764973342418670654e-01 1.147089481353759766e+00 -3.314102888107299805e-01 -2.676715254783630371e-01 4.180196672677993774e-02 9.037542343139648438e-01
-9.322034120559692383e-01 2.616103291511535645e-01 1.137383580207824707e+00 -3.384291529655456543e-01 -2.670552432537078857e-01 3.272037580609321594e-02 9.017075896263122559e-01
-9.345680475234985352e-01 2.478685975074768066e-01 1.128500223159790039e+00 -3.454824090003967285e-01 -2.662965357303619385e-01 2.359736710786819458e-02 8.995394706726074219e-01
