-0.000000000000000000e+00 -0.000000000000000000e+00 -0.000000000000000000e+00 -0.000000000000000000e+00 -0.000000000000000000e+00 -0.000000000000000000e+00 1.000000000000000000e+00
-0.000000000000000000e+00 -0.000000000000000000e+00 -0.000000000000000000e+00 -0.000000000000000000e+00 -0.000000000000000000e+00 -0.000000000000000000e+00 1.000000000000000000e+00
1.719809137284755707e-02 1.667088642716407776e-02 1.982349343597888947e-02 -3.295014612376689911e-03 -2.387131535215303302e-04 -1.567026600241661072e-03 9.999933242797851562e-01
1.719809137284755707e-02 1.667088642716407776e-02 1.982349343597888947e-02 -3.295014612376689911e-03 -2.387131535215303302e-04 -1.567026600241661072e-03 9.999933242797851562e-01
3.027560934424400330e-02 3.126395493745803833e-02 4.073997214436531067e-02 -7.396383211016654968e-03 3.801543731242418289e-03 -4.334851168096065521e-03 9.999560713768005371e-01
3.027560934424400330e-02 3.126395493745803833e-02 4.073997214436531067e-02 -7.396383211016654968e-03 3.801543731242418289e-03 -4.334851168096065521e-03 9.999560713768005371e-01
4.451838508248329163e-02 4.170683398842811584e-02 5.910392105579376221e-02 -1.164110098034143448e-02 1.087484136223793030e-02 -8.765771053731441498e-03 9.998347163200378418e-01
4.451838508248329163e-02 4.170683398842811584e-02 5.910392105579376221e-02 -1.164110098034143448e-02 1.087484136223793030e-02 -8.765771053731441498e-03 9.998347163200378418e-01
6.016534566879272461e-02 5.136868730187416077e-02 7.641386240720748901e-02 -1.636491529643535614e-02 1.882107742130756378e-02 -1.397260278463363647e-02 9.995913505554199219e-01
6.016534566879272461e-02 5.136868730187416077e-02 7.641386240720748901e-02 -1.636491529643535614e-02 1.882107742130756378e-02 -1.397260278463363647e-02 9.995913505554199219e-01
7.897350192070007324e-02 6.144468486309051514e-02 9.171704947948455811e-02 -2.086027897894382477e-02 2.678984031081199646e-02 -1.905923709273338318e-02 9.992416501045227051e-01
7.897350192070007324e-02 6.144468486309051514e-02 9.171704947948455811e-02 -2.086027897894382477e-02 2.678984031081199646e-02 -1.905923709273338318e-02 9.992416501045227051e-01
9.671963751316070557e-02 6.991431117057800293e-02 1.064837351441383362e-01 -2.585341408848762512e-02 3.494752943515777588e-02 -2.433018200099468231e-02 9.987584352493286133e-01
9.671963751316070557e-02 6.991431117057800293e-02 1.064837351441383362e-01 -2.585341408848762512e-02 3.494752943515777588e-02 -2.433018200099468231e-02 9.987584352493286133e-01
1.126889064908027649e-01 7.771173864603042603e-02 1.203007921576499939e-01 -3.060367144644260406e-02 4.342069476842880249e-02 -2.946261689066886902e-02 9.981533288955688477e-01
1.210865452885627747e-01 8.242283761501312256e-02 1.289448291063308716e-01 -3.238984569907188416e-02 4.659488424658775330e-02 -3.303790092468261719e-02 9.978418350219726562e-01
1.304058134555816650e-01 8.832188695669174194e-02 1.334137171506881714e-01 -3.245951607823371887e-02 4.941773042082786560e-02 -3.501234948635101318e-02 9.976363778114318848e-01
1.178010255098342896e-01 9.618040174245834351e-02 1.383817493915557861e-01 -3.132884576916694641e-02 6.386596709489822388e-02 -4.294810816645622253e-02 9.965415596961975098e-01
1.281845718622207642e-01 1.023668050765991211e-01 1.460293084383010864e-01 -3.187556192278862000e-02 6.728243827819824219e-02 -4.462127014994621277e-02 9.962258934974670410e-01
1.417026817798614502e-01 1.091284900903701782e-01 1.521723270416259766e-01 -3.165306150913238525e-02 6.872991472482681274e-02 -4.515538737177848816e-02 9.961101412773132324e-01
1.568461358547210693e-01 1.140884533524513245e-01 1.597609966993331909e-01 -3.248088806867599487e-02 6.923963874578475952e-02 -4.312402755022048950e-02 9.961381554603576660e-01
1.720436960458755493e-01 1.203996688127517700e-01 1.650347858667373657e-01 -3.163735941052436829e-02 6.985732913017272949e-02 -4.071811586618423462e-02 9.962234497070312500e-01
1.875337362289428711e-01 1.266985386610031128e-01 1.698600500822067261e-01 -3.061527200043201447e-02 7.097194343805313110e-02 -3.847167268395423889e-02 9.962658882141113281e-01
2.045026123523712158e-01 1.312935054302215576e-01 1.736315041780471802e-01 -2.987094409763813019e-02 7.113184779882431030e-02 -3.669911623001098633e-02 9.963439106941223145e-01
2.226922512054443359e-01 1.354202479124069214e-01 1.799482107162475586e-01 -2.808793447911739349e-02 6.989689916372299194e-02 -3.500642627477645874e-02 9.965440630912780762e-01
2.283333390951156616e-01 1.383736133575439453e-01 1.963609755039215088e-01 -2.818066999316215515e-02 7.045171409845352173e-02 -3.379233181476593018e-02 9.965443015098571777e-01
2.426705211400985718e-01 1.387302130460739136e-01 2.040820717811584473e-01 -2.757486328482627869e-02 7.073981314897537231e-02 -3.319953754544258118e-02 9.965607523918151855e-01
2.579854130744934082e-01 1.404102891683578491e-01 2.118325531482696533e-01 -2.688384428620338440e-02 7.027759402990341187e-02 -3.201788663864135742e-02 9.966509938240051270e-01
2.734201550483703613e-01 1.417635232210159302e-01 2.203145325183868408e-01 -2.675408497452735901e-02 6.998629868030548096e-02 -3.129972517490386963e-02 9.966978430747985840e-01
2.889453768730163574e-01 1.472931355237960815e-01 2.313387542963027954e-01 -2.630093321204185486e-02 6.985144317150115967e-02 -3.063351102173328400e-02 9.967400431632995605e-01
3.051856458187103271e-01 1.529537439346313477e-01 2.374138236045837402e-01 -2.574056573212146759e-02 6.994925439357757568e-02 -2.938492968678474426e-02 9.967854022979736328e-01
3.202279806137084961e-01 1.583642661571502686e-01 2.431072890758514404e-01 -2.410009130835533142e-02 7.083717733621597290e-02 -2.805956825613975525e-02 9.968019127845764160e-01
3.327811062335968018e-01 1.651688367128372192e-01 2.527680099010467529e-01 -2.372443489730358124e-02 7.081452012062072754e-02 -2.892916463315486908e-02 9.967876672744750977e-01
3.280315101146697998e-01 1.657489240169525146e-01 2.659729719161987305e-01 -2.929363958537578583e-02 6.628604233264923096e-02 -3.774389997124671936e-02 9.966561198234558105e-01
3.296773433685302734e-01 1.765350699424743652e-01 2.787292599678039551e-01 -2.915737032890319824e-02 6.624682992696762085e-02 -3.813125938177108765e-02 9.966480731964111328e-01
3.294711410999298096e-01 1.866961270570755005e-01 2.922337651252746582e-01 -2.950633689761161804e-02 6.620831042528152466e-02 -3.934072703123092651e-02 9.965932965278625488e-01
3.310375511646270752e-01 1.964529901742935181e-01 3.044498562812805176e-01 -2.958522923290729523e-02 6.509816646575927734e-02 -3.975911438465118408e-02 9.966474771499633789e-01
3.353481590747833252e-01 2.075757384300231934e-01 3.174326717853546143e-01 -2.993912808597087860e-02 6.304300576448440552e-02 -3.854279220104217529e-02 9.968168139457702637e-01
3.364184498786926270e-01 2.176133841276168823e-01 3.319972753524780273e-01 -3.085626102983951569e-02 6.132953613996505737e-02 -4.044195264577865601e-02 9.968205094337463379e-01
3.376021385192871094e-01 2.287701815366744995e-01 3.452182412147521973e-01 -3.085254505276679993e-02 6.097759306430816650e-02 -4.266199097037315369e-02 9.967496395111083984e-01
3.399159610271453857e-01 2.389421463012695312e-01 3.595185577869415283e-01 -3.296919912099838257e-02 5.961430817842483521e-02 -4.190792515873908997e-02 9.967963695526123047e-01
3.357698023319244385e-01 2.470025718212127686e-01 3.611699938774108887e-01 -3.073197044432163239e-02 6.410179287195205688e-02 -4.202397167682647705e-02 9.965844154357910156e-01
3.375510275363922119e-01 2.581941187381744385e-01 3.732790648937225342e-01 -3.161753714084625244e-02 6.437186151742935181e-02 -4.319312795996665955e-02 9.964893460273742676e-01
3.400007486343383789e-01 2.704066336154937744e-01 3.841100931167602539e-01 -3.064311295747756958e-02 6.416518986225128174e-02 -4.219746962189674377e-02 9.965757727622985840e-01
3.418943583965301514e-01 2.798231542110443115e-01 3.923436701297760010e-01 -3.112323395907878876e-02 6.432409584522247314e-02 -4.296449199318885803e-02 9.965178370475769043e-01
3.443613946437835693e-01 2.948141694068908691e-01 4.058203399181365967e-01 -3.002227097749710083e-02 6.410341709852218628e-02 -4.147146269679069519e-02 9.966291189193725586e-01
3.459237813949584961e-01 3.037467300891876221e-01 4.170214831829071045e-01 -3.131506964564323425e-02 6.352714449167251587e-02 -4.241421818733215332e-02 9.965865612030029297e-01
3.461121916770935059e-01 3.156653046607971191e-01 4.276513457298278809e-01 -2.940230257809162140e-02 6.515130400657653809e-02 -3.968853130936622620e-02 9.966523051261901855e-01
3.469507992267608643e-01 3.228893876075744629e-01 4.356995224952697754e-01 -3.045557253062725067e-02 6.616052985191345215e-02 -3.981626033782958984e-02 9.965490102767944336e-01
3.474338948726654053e-01 3.305633366107940674e-01 4.441317915916442871e-01 -2.971677295863628387e-02 6.687135994434356689e-02 -3.857000917196273804e-02 9.965728521347045898e-01
3.480380475521087646e-01 3.389986753463745117e-01 4.535249471664428711e-01 -2.971521392464637756e-02 6.715019792318344116e-02 -3.874756023287773132e-02 9.965472817420959473e-01
3.494598865509033203e-01 3.467844426631927490e-01 4.629769921302795410e-01 -2.961621619760990143e-02 6.620974093675613403e-02 -3.803192824125289917e-02 9.966407418251037598e-01
3.488655984401702881e-01 3.551411032676696777e-01 4.736373126506805420e-01 -2.948915399610996246e-02 6.691361963748931885e-02 -3.729759901762008667e-02 9.966253042221069336e-01
3.490111827850341797e-01 3.628627359867095947e-01 4.838081598281860352e-01 -2.952175959944725037e-02 6.659104675054550171e-02 -3.636731952428817749e-02 9.966802597045898438e-01
3.490165770053863525e-01 3.682302236557006836e-01 4.914040565490722656e-01 -2.950619161128997803e-02 6.610788404941558838e-02 -3.716904670000076294e-02 9.966832995414733887e-01
3.484877347946166992e-01 3.733471035957336426e-01 4.998872280120849609e-01 -3.050930984318256378e-02 6.601540744304656982e-02 -3.826934471726417542e-02 9.966176152229309082e-01
3.475850224494934082e-01 3.794095814228057861e-01 5.089730620384216309e-01 -3.096454218029975891e-02 6.623732298612594604e-02 -3.751871362328529358e-02 9.966173768043518066e-01
3.459856212139129639e-01 3.832514286041259766e-01 5.139725208282470703e-01 -2.875836752355098724e-02 6.762507557868957520e-02 -3.803280368447303772e-02 9.965708255767822266e-01
3.434682190418243408e-01 3.875978887081146240e-01 5.215842723846435547e-01 -2.764514647424221039e-02 6.944790482521057129e-02 -3.583272546529769897e-02 9.965584278106689453e-01
3.406877517700195312e-01 3.908048868179321289e-01 5.290501117706298828e-01 -2.614148519933223724e-02 7.103926688432693481e-02 -3.365636616945266724e-02 9.965627789497375488e-01
3.382802307605743408e-01 3.929532170295715332e-01 5.350241661071777344e-01 -2.486220188438892365e-02 7.208358496427536011e-02 -3.203969076275825500e-02 9.965737462043762207e-01
3.354685306549072266e-01 3.943137824535369873e-01 5.380679965019226074e-01 -2.529886551201343536e-02 7.244925945997238159e-02 -3.343143686652183533e-02 9.964905977249145508e-01
3.341708183288574219e-01 3.947126865386962891e-01 5.441716909408569336e-01 -2.833109349012374878e-02 6.819343566894531250e-02 -3.766636177897453308e-02 9.965582489967346191e-01
3.292608559131622314e-01 4.000794589519500732e-01 5.519131422042846680e-01 -2.761351317167282104e-02 7.054152339696884155e-02 -3.417088091373443604e-02 9.965409636497497559e-01
3.259612321853637695e-01 4.019342362880706787e-01 5.532410144805908203e-01 -2.591996081173419952e-02 7.371402531862258911e-02 -3.600228577852249146e-02 9.962922334671020508e-01
3.242783248424530029e-01 4.039152264595031738e-01 5.591127872467041016e-01 -2.668078988790512085e-02 7.055182009935379028e-02 -3.329140320420265198e-02 9.965953826904296875e-01
3.198207318782806396e-01 4.074099659919738770e-01 5.619904994964599609e-01 -2.117420732975006104e-02 7.663576304912567139e-02 -2.379056438803672791e-02 9.965503811836242676e-01
3.210473954677581787e-01 4.189056158065795898e-01 5.744823813438415527e-01 -1.028799079358577728e-02 8.326023817062377930e-02 -5.171149503439664841e-03 9.964613318443298340e-01
3.231578767299652100e-01 4.148991703987121582e-01 5.638272762298583984e-01 -1.061958726495504379e-02 7.595355063676834106e-02 4.074219148606061935e-03 9.970465302467346191e-01
3.124299049377441406e-01 4.239761829376220703e-01 5.797011256217956543e-01 -1.198732107877731323e-02 9.507060796022415161e-02 -1.094575878232717514e-02 9.953382015228271484e-01
3.123329877853393555e-01 4.255562722682952881e-01 5.840535759925842285e-01 -1.163558196276426315e-02 8.766340464353561401e-02 -8.966725319623947144e-03 9.960418343544006348e-01
3.259060978889465332e-01 4.570108354091644287e-01 6.134890913963317871e-01 8.212381973862648010e-03 1.438457146286964417e-02 8.188880234956741333e-02 9.965038299560546875e-01
3.233839869499206543e-01 4.621052145957946777e-01 6.206464767456054688e-01 9.737427346408367157e-03 1.590568199753761292e-02 8.446240425109863281e-02 9.962521791458129883e-01
3.262199163436889648e-01 4.674492478370666504e-01 6.276736259460449219e-01 1.040685456246137619e-02 1.098263263702392578e-02 9.079966694116592407e-02 9.957542419433593750e-01
3.293750882148742676e-01 4.692438840866088867e-01 6.312730312347412109e-01 1.059963274747133255e-02 -6.786908488720655441e-03 1.019166409969329834e-01 9.947133064270019531e-01
3.299013078212738037e-01 4.756926596164703369e-01 6.401414871215820312e-01 1.526209432631731033e-02 -1.760070957243442535e-02 1.091469451785087585e-01 9.937526583671569824e-01
3.306578695774078369e-01 4.835512340068817139e-01 6.429873108863830566e-01 1.634599827229976654e-02 -1.938320510089397430e-02 1.216860860586166382e-01 9.922447204589843750e-01
3.320166766643524170e-01 4.891282916069030762e-01 6.511160135269165039e-01 1.650733873248100281e-02 -2.364798448979854584e-02 1.237165629863739014e-01 9.918984770774841309e-01
3.328808248043060303e-01 4.944888353347778320e-01 6.578353047370910645e-01 1.853716373443603516e-02 -2.932007983326911926e-02 1.274585574865341187e-01 9.912371635437011719e-01
3.333420753479003906e-01 5.021103620529174805e-01 6.641117930412292480e-01 1.957963220775127411e-02 -3.224825859069824219e-02 1.286669522523880005e-01 9.909700155258178711e-01
3.332374989986419678e-01 5.072787404060363770e-01 6.718773245811462402e-01 4.336462821811437607e-03 -3.759375214576721191e-02 1.268578171730041504e-01 9.911987781524658203e-01
3.334139287471771240e-01 5.124065279960632324e-01 6.796758770942687988e-01 -1.418814714998006821e-02 -4.267708584666252136e-02 1.223933845758438110e-01 9.914622306823730469e-01
3.347388803958892822e-01 5.175343751907348633e-01 6.871322989463806152e-01 -3.405383974313735962e-02 -4.826603457331657410e-02 1.182674169540405273e-01 9.912232756614685059e-01
3.354562819004058838e-01 5.227737426757812500e-01 6.943644285202026367e-01 -5.684433504939079285e-02 -5.308863893151283264e-02 1.115792691707611084e-01 9.907070398330688477e-01
3.333322405815124512e-01 5.310446619987487793e-01 7.059637308120727539e-01 -8.096265047788619995e-02 -5.687877163290977478e-02 1.039650291204452515e-01 9.896470308303833008e-01
3.359976410865783691e-01 5.359426140785217285e-01 7.123329043388366699e-01 -1.061388775706291199e-01 -6.167953088879585266e-02 9.470612555742263794e-02 9.879074096679687500e-01
3.347274661064147949e-01 5.425194501876831055e-01 7.220301032066345215e-01 -1.330362707376480103e-01 -6.499642133712768555e-02 8.448535948991775513e-02 9.853624105453491211e-01
3.342853784561157227e-01 5.495046377182006836e-01 7.319904565811157227e-01 -1.602088660001754761e-01 -6.909331679344177246e-02 7.461657375097274780e-02 9.818307757377624512e-01
3.334097862243652344e-01 5.561483502388000488e-01 7.412649393081665039e-01 -1.878410875797271729e-01 -7.387693226337432861e-02 6.327866762876510620e-02 9.773709177970886230e-01
3.335613906383514404e-01 5.596653819084167480e-01 7.477227449417114258e-01 -2.157270461320877075e-01 -7.909732311964035034e-02 5.262267589569091797e-02 9.718211293220520020e-01
3.316724300384521484e-01 5.658695697784423828e-01 7.573738694190979004e-01 -2.438162267208099365e-01 -8.276628702878952026e-02 4.134587943553924561e-02 9.653983116149902344e-01
3.287710249423980713e-01 5.722449421882629395e-01 7.672749757766723633e-01 -2.710728049278259277e-01 -8.637060970067977905e-02 3.126823902130126953e-02 9.581660032272338867e-01
3.270812928676605225e-01 5.770120024681091309e-01 7.780735492706298828e-01 -2.985451817512512207e-01 -9.110420942306518555e-02 2.135030739009380341e-02 9.497973918914794922e-01
3.267942368984222412e-01 5.829440355300903320e-01 7.865310907363891602e-01 -3.239024877548217773e-01 -9.659199416637420654e-02 1.342012919485569000e-02 9.410510659217834473e-01
3.244990110397338867e-01 5.891709923744201660e-01 7.973643541336059570e-01 -3.485954701900482178e-01 -1.016748398542404175e-01 5.649098195135593414e-03 9.317250847816467285e-01
3.220725357532501221e-01 5.948820114135742188e-01 8.078448176383972168e-01 -3.719670474529266357e-01 -1.065103039145469666e-01 -9.518273873254656792e-04 9.221145510673522949e-01
3.197594583034515381e-01 6.002701520919799805e-01 8.179336786270141602e-01 -3.937724530696868896e-01 -1.120298504829406738e-01 -5.803440231829881668e-03 9.123370647430419922e-01
3.168559968471527100e-01 6.059569716453552246e-01 8.279694914817810059e-01 -4.133852124214172363e-01 -1.177069246768951416e-01 -9.355359710752964020e-03 9.028678536415100098e-01
3.144996166229248047e-01 6.115185022354125977e-01 8.379472494125366211e-01 -4.308961331844329834e-01 -1.239849850535392761e-01 -1.028966717422008514e-02 8.937843441963195801e-01
3.118178546428680420e-01 6.173967123031616211e-01 8.487524986267089844e-01 -4.463856518268585205e-01 -1.309055238962173462e-01 -9.639348834753036499e-03 8.851614594459533691e-01
3.093850612640380859e-01 6.231898665428161621e-01 8.591595888137817383e-01 -4.591418802738189697e-01 -1.387022137641906738e-01 -6.277325097471475601e-03 8.774457573890686035e-01
3.066100478172302246e-01 6.288349628448486328e-01 8.694140911102294922e-01 -4.697920083999633789e-01 -1.465496420860290527e-01 -7.406921940855681896e-04 8.705275654792785645e-01
3.030551970005035400e-01 6.353945136070251465e-01 8.820210099220275879e-01 -4.778215587139129639e-01 -1.549351364374160767e-01 6.733012385666370392e-03 8.646596670150756836e-01
2.996541857719421387e-01 6.411250829696655273e-01 8.928849697113037109e-01 -4.839223921298980713e-01 -1.636899858713150024e-01 1.606911048293113708e-02 8.595153093338012695e-01
2.965334057807922363e-01 6.467546820640563965e-01 9.035681486129760742e-01 -4.881574511528015137e-01 -1.731551289558410645e-01 2.748758532106876373e-02 8.549643754959106445e-01
2.931124567985534668e-01 6.529738903045654297e-01 9.156410694122314453e-01 -4.903632700443267822e-01 -1.829782277345657349e-01 4.084310680627822876e-02 8.511137962341308594e-01
2.887483835220336914e-01 6.590508222579956055e-01 9.277836084365844727e-01 -4.904097020626068115e-01 -1.933617591857910156e-01 5.490882694721221924e-02 8.479944467544555664e-01
2.847519516944885254e-01 6.648046970367431641e-01 9.391201734542846680e-01 -4.886387586593627930e-01 -2.039552181959152222e-01 7.093151658773422241e-02 8.453420400619506836e-01
2.797760963439941406e-01 6.705646514892578125e-01 9.510138034820556641e-01 -4.852492213249206543e-01 -2.144480943679809570e-01 8.770299702882766724e-02 8.431212902069091797e-01
2.738033533096313477e-01 6.756161451339721680e-01 9.624345898628234863e-01 -4.802273809909820557e-01 -2.249355167150497437e-01 1.054064407944679260e-01 8.412343263626098633e-01
2.675383985042572021e-01 6.806089878082275391e-01 9.735615849494934082e-01 -4.735313653945922852e-01 -2.358123809099197388e-01 1.241622194647789001e-01 8.394905328750610352e-01
2.599050402641296387e-01 6.853587031364440918e-01 9.845486283302307129e-01 -4.649929702281951904e-01 -2.467635273933410645e-01 1.435150206089019775e-01 8.380291461944580078e-01
2.509898245334625244e-01 6.901545524597167969e-01 9.954791665077209473e-01 -4.551123082637786865e-01 -2.580329179763793945e-01 1.633109152317047119e-01 8.364337682723999023e-01
2.410527765750885010e-01 6.940516233444213867e-01 1.004820704460144043e+00 -4.435899853706359863e-01 -2.687769532203674316e-01 1.834781914949417114e-01 8.350585103034973145e-01
2.306972742080688477e-01 6.997340917587280273e-01 1.013853549957275391e+00 -4.305553436279296875e-01 -2.797957956790924072e-01 2.041250616312026978e-01 8.334683179855346680e-01
2.218075096607208252e-01 7.073265314102172852e-01 1.022718787193298340e+00 -4.169267714023590088e-01 -2.901793420314788818e-01 2.237471789121627808e-01 8.318085074424743652e-01
2.126362919807434082e-01 7.125993967056274414e-01 1.032467246055603027e+00 -4.018603563308715820e-01 -3.004450500011444092e-01 2.438168078660964966e-01 8.299363851547241211e-01
2.034865021705627441e-01 7.163498401641845703e-01 1.041910409927368164e+00 -3.860070109367370605e-01 -3.105545043945312500e-01 2.632459998130798340e-01 8.278019428253173828e-01
1.938883066177368164e-01 7.203565835952758789e-01 1.050654768943786621e+00 -3.685135245323181152e-01 -3.206144571304321289e-01 2.826480865478515625e-01 8.255387544631958008e-01
1.848213076591491699e-01 7.236567139625549316e-01 1.059274196624755859e+00 -3.512414395809173584e-01 -3.299148380756378174e-01 3.011952042579650879e-01 8.228408694267272949e-01
1.761255264282226562e-01 7.269342541694641113e-01 1.067450761795043945e+00 -3.330878615379333496e-01 -3.390308618545532227e-01 3.190300762653350830e-01 8.199576139450073242e-01
1.673344969749450684e-01 7.298919558525085449e-01 1.075240015983581543e+00 -3.144137263298034668e-01 -3.478911817073822021e-01 3.357635438442230225e-01 8.169324398040771484e-01
1.586805582046508789e-01 7.332923412322998047e-01 1.082677125930786133e+00 -2.949812412261962891e-01 -3.563437461853027344e-01 3.517334759235382080e-01 8.138113021850585938e-01
1.504840850830078125e-01 7.365668416023254395e-01 1.089414358139038086e+00 -2.750887870788574219e-01 -3.644235730171203613e-01 3.668260872364044189e-01 8.105309605598449707e-01
1.423966884613037109e-01 7.402189970016479492e-01 1.095695137977600098e+00 -2.540778517723083496e-01 -3.728338479995727539e-01 3.791317641735076904e-01 8.078975677490234375e-01
1.343926191329956055e-01 7.430003881454467773e-01 1.101844668388366699e+00 -2.327511161565780640e-01 -3.807598650455474854e-01 3.897440731525421143e-01 8.055734038352966309e-01
1.262478232383728027e-01 7.459766268730163574e-01 1.107377290725708008e+00 -2.114001810550689697e-01 -3.877511024475097656e-01 4.005047678947448730e-01 8.028419017791748047e-01
1.189385056495666504e-01 7.488223910331726074e-01 1.112805128097534180e+00 -1.905993521213531494e-01 -3.942894935607910156e-01 4.113708734512329102e-01 7.993633151054382324e-01
1.116626858711242676e-01 7.517296671867370605e-01 1.118497610092163086e+00 -1.702767610549926758e-01 -4.006261527538299561e-01 4.222388863563537598e-01 7.951218485832214355e-01
1.048242449760437012e-01 7.542634010314941406e-01 1.123567581176757812e+00 -1.507993042469024658e-01 -4.059608578681945801e-01 4.326287508010864258e-01 7.907513976097106934e-01
9.783470630645751953e-02 7.566252946853637695e-01 1.127798318862915039e+00 -1.317900717258453369e-01 -4.110942184925079346e-01 4.429406225681304932e-01 7.857713699340820312e-01
8.977174758911132812e-02 7.585127949714660645e-01 1.130611896514892578e+00 -1.133121773600578308e-01 -4.157316088676452637e-01 4.530484080314636230e-01 7.804324626922607422e-01
8.275222778320312500e-02 7.609333992004394531e-01 1.133964300155639648e+00 -9.539069980382919312e-02 -4.202654063701629639e-01 4.632376134395599365e-01 7.743957042694091797e-01
7.728123664855957031e-02 7.631574273109436035e-01 1.137098073959350586e+00 -7.864613831043243408e-02 -4.250502288341522217e-01 4.733085036277770996e-01 7.675455212593078613e-01
7.086312770843505859e-02 7.646440267562866211e-01 1.139571309089660645e+00 -6.229330971837043762e-02 -4.290534257888793945e-01 4.826487302780151367e-01 7.609750628471374512e-01
6.581580638885498047e-02 7.656115293502807617e-01 1.141386747360229492e+00 -4.731332883238792419e-02 -4.326426982879638672e-01 4.915783405303955078e-01 7.542761564254760742e-01
5.913949012756347656e-02 7.675133943557739258e-01 1.143409013748168945e+00 -3.115718439221382141e-02 -4.366360008716583252e-01 4.984464347362518311e-01 7.482842803001403809e-01
5.395710468292236328e-02 7.693496942520141602e-01 1.145758152008056641e+00 -1.638900861144065857e-02 -4.405343234539031982e-01 5.050010085105895996e-01 7.420477867126464844e-01
4.996156692504882812e-02 7.709116339683532715e-01 1.148593306541442871e+00 -2.588760573416948318e-03 -4.445586204528808594e-01 5.108457207679748535e-01 7.357972264289855957e-01
4.534161090850830078e-02 7.716879248619079590e-01 1.150262117385864258e+00 1.001300755888223648e-02 -4.480867981910705566e-01 5.162442326545715332e-01 7.298012971878051758e-01
4.012227058410644531e-02 7.731785774230957031e-01 1.151218056678771973e+00 1.194519549608230591e-02 -4.541917145252227783e-01 5.163056254386901855e-01 7.259446978569030762e-01
3.546047210693359375e-02 7.747814059257507324e-01 1.152597427368164062e+00 1.354026328772306442e-02 -4.602408111095428467e-01 5.169581174850463867e-01 7.216296792030334473e-01
3.238773345947265625e-02 7.751868367195129395e-01 1.153890490531921387e+00 1.545745413750410080e-02 -4.667782187461853027e-01 5.154995918273925781e-01 7.184284329414367676e-01
2.951669692993164062e-02 7.755591869354248047e-01 1.155287027359008789e+00 1.623662747442722321e-02 -4.723463058471679688e-01 5.157565474510192871e-01 7.145771980285644531e-01
2.669978141784667969e-02 7.763412594795227051e-01 1.157024502754211426e+00 1.766740716993808746e-02 -4.779825806617736816e-01 5.157696008682250977e-01 7.107759118080139160e-01
2.503383159637451172e-02 7.768938541412353516e-01 1.158218741416931152e+00 1.834307238459587097e-02 -4.829241931438446045e-01 5.160802006721496582e-01 7.071838378906250000e-01
2.214205265045166016e-02 7.772107124328613281e-01 1.159496545791625977e+00 1.905816234648227692e-02 -4.867811203002929688e-01 5.161257982254028320e-01 7.044821381568908691e-01
2.081191539764404297e-02 7.776767015457153320e-01 1.160330057144165039e+00 1.977449469268321991e-02 -4.903576374053955078e-01 5.167724490165710449e-01 7.015016674995422363e-01
1.967930793762207031e-02 7.772454023361206055e-01 1.161507725715637207e+00 1.976975426077842712e-02 -4.936341643333435059e-01 5.166587233543395996e-01 6.992840766906738281e-01
1.856184005737304688e-02 7.773671150207519531e-01 1.162994027137756348e+00 1.967401802539825439e-02 -4.961478710174560547e-01 5.167760848999023438e-01 6.974186897277832031e-01
1.703214645385742188e-02 7.784141898155212402e-01 1.164904952049255371e+00 2.000313624739646912e-02 -4.982423484325408936e-01 5.170804858207702637e-01 6.956883072853088379e-01
1.678550243377685547e-02 7.781618237495422363e-01 1.165283918380737305e+00 1.954559609293937683e-02 -4.984937310218811035e-01 5.179223418235778809e-01 6.948946118354797363e-01
1.639449596405029297e-02 7.784097790718078613e-01 1.165308952331542969e+00 1.927064917981624603e-02 -4.980632662773132324e-01 5.185601711273193359e-01 6.947352886199951172e-01
1.527833938598632812e-02 7.786673903465270996e-01 1.166124820709228516e+00 1.893270760774612427e-02 -4.973666965961456299e-01 5.190689563751220703e-01 6.948635578155517578e-01
1.515829563140869141e-02 7.788563966751098633e-01 1.166111707687377930e+00 1.830002479255199432e-02 -4.951511621475219727e-01 5.194466114044189453e-01 6.961793899536132812e-01
1.455485820770263672e-02 7.788388133049011230e-01 1.165911912918090820e+00 1.758330129086971283e-02 -4.921664595603942871e-01 5.196958780288696289e-01 6.981256008148193359e-01
1.543867588043212891e-02 7.791925072669982910e-01 1.166320204734802246e+00 1.669920794665813446e-02 -4.887158572673797607e-01 5.201848745346069336e-01 7.002040743827819824e-01
1.357746124267578125e-02 7.786561250686645508e-01 1.165361404418945312e+00 1.608273573219776154e-02 -4.830482006072998047e-01 5.197495222091674805e-01 7.044617533683776855e-01
1.220393180847167969e-02 7.786216139793395996e-01 1.167074322700500488e+00 1.511265989392995834e-02 -4.773001074790954590e-01 5.191351771354675293e-01 7.088406085968017578e-01
1.294624805450439453e-02 7.795523405075073242e-01 1.167445659637451172e+00 1.443871296942234039e-02 -4.706517755985260010e-01 5.188002586364746094e-01 7.135298848152160645e-01
1.047122478485107422e-02 7.798659801483154297e-01 1.168666005134582520e+00 5.844225524924695492e-04 -4.667771458625793457e-01 5.104397535324096680e-01 7.221981287002563477e-01
9.572863578796386719e-03 7.803994417190551758e-01 1.169966340065002441e+00 -1.500873453915119171e-02 -4.627942442893981934e-01 5.004529356956481934e-01 7.315347790718078613e-01
7.799625396728515625e-03 7.799644470214843750e-01 1.170404911041259766e+00 -3.202437981963157654e-02 -4.573961496353149414e-01 4.890340566635131836e-01 7.420303225517272949e-01
6.873250007629394531e-03 7.813953757286071777e-01 1.173386096954345703e+00 -5.012299120426177979e-02 -4.525538086891174316e-01 4.770793914794921875e-01 7.517166733741760254e-01
5.072712898254394531e-03 7.811633944511413574e-01 1.174839854240417480e+00 -6.896738708019256592e-02 -4.459825754165649414e-01 4.636636674404144287e-01 7.624691128730773926e-01
3.280520439147949219e-03 7.805671691894531250e-01 1.176482319831848145e+00 -8.882222324609756470e-02 -4.385611414909362793e-01 4.489533603191375732e-01 7.734439969062805176e-01
1.703262329101562500e-03 7.808257341384887695e-01 1.179088115692138672e+00 -1.086913570761680603e-01 -4.311170279979705811e-01 4.333975315093994141e-01 7.838947176933288574e-01
-8.213520050048828125e-04 7.814661860466003418e-01 1.181327342987060547e+00 -1.289667338132858276e-01 -4.226400256156921387e-01 4.179626405239105225e-01 7.937570810317993164e-01
-3.471434116363525391e-03 7.811182141304016113e-01 1.183662533760070801e+00 -1.495076417922973633e-01 -4.136840105056762695e-01 4.010568857192993164e-01 8.035337328910827637e-01
-6.139099597930908203e-03 7.810472249984741211e-01 1.186182141304016113e+00 -1.700879782438278198e-01 -4.045324921607971191e-01 3.835184276103973389e-01 8.126113414764404297e-01
-8.497774600982666016e-03 7.804974317550659180e-01 1.188300013542175293e+00 -1.906098276376724243e-01 -3.945942223072052002e-01 3.652920424938201904e-01 8.212947845458984375e-01
-1.090043783187866211e-02 7.809714078903198242e-01 1.190239429473876953e+00 -2.102025151252746582e-01 -3.847141861915588379e-01 3.477671444416046143e-01 8.287749290466308594e-01
-1.285982131958007812e-02 7.804552316665649414e-01 1.192097425460815430e+00 -2.298648953437805176e-01 -3.749336302280426025e-01 3.292190730571746826e-01 8.355847001075744629e-01
-1.498681306838989258e-02 7.801264524459838867e-01 1.193531036376953125e+00 -2.487452924251556396e-01 -3.648528158664703369e-01 3.108520507812500000e-01 8.416526317596435547e-01
-1.677006483078002930e-02 7.800837159156799316e-01 1.195095658302307129e+00 -2.666904330253601074e-01 -3.553508818149566650e-01 2.930755317211151123e-01 8.465865254402160645e-01
-1.841551065444946289e-02 7.802658081054687500e-01 1.195940494537353516e+00 -2.831250429153442383e-01 -3.460139632225036621e-01 2.753739058971405029e-01 8.510486483573913574e-01
-1.973152160644531250e-02 7.800519466400146484e-01 1.196994304656982422e+00 -2.993280589580535889e-01 -3.370568454265594482e-01 2.584083378314971924e-01 8.544124364852905273e-01
-2.072787284851074219e-02 7.800390124320983887e-01 1.197738647460937500e+00 -3.140516877174377441e-01 -3.288007378578186035e-01 2.424502670764923096e-01 8.570177555084228516e-01
-2.156093716621398926e-02 7.799276709556579590e-01 1.198316812515258789e+00 -3.274382650852203369e-01 -3.212051093578338623e-01 2.272350043058395386e-01 8.590551614761352539e-01
-2.221500873565673828e-02 7.801793813705444336e-01 1.198586225509643555e+00 -3.392505645751953125e-01 -3.148198425769805908e-01 2.132513821125030518e-01 8.604193925857543945e-01
-2.251970767974853516e-02 7.803725004196166992e-01 1.198766946792602539e+00 -3.495936989784240723e-01 -3.094305694103240967e-01 2.009288072586059570e-01 8.611995577812194824e-01
-2.289903163909912109e-02 7.803432941436767578e-01 1.198902130126953125e+00 -3.584921360015869141e-01 -3.047749996185302734e-01 1.895152479410171509e-01 8.617886304855346680e-01
-2.278095483779907227e-02 7.802020907402038574e-01 1.199023723602294922e+00 -3.660799264907836914e-01 -3.016708493232727051e-01 1.798409074544906616e-01 8.617641925811767578e-01
-2.330985665321350098e-02 7.801434993743896484e-01 1.199276089668273926e+00 -3.727328181266784668e-01 -2.986670136451721191e-01 1.707883179187774658e-01 8.618002533912658691e-01
-2.376723289489746094e-02 7.800216078758239746e-01 1.199712634086608887e+00 -3.785417079925537109e-01 -2.964631319046020508e-01 1.628966480493545532e-01 8.615570664405822754e-01
-2.449217438697814941e-02 7.800118327140808105e-01 1.200148940086364746e+00 -3.831852376461029053e-01 -2.947268187999725342e-01 1.557951569557189941e-01 8.614134788513183594e-01
-2.528572082519531250e-02 7.798597812652587891e-01 1.200670242309570312e+00 -3.872044086456298828e-01 -2.931770682334899902e-01 1.492924094200134277e-01 8.612965941429138184e-01
-2.601668238639831543e-02 7.797616720199584961e-01 1.201214075088500977e+00 -3.905271291732788086e-01 -2.918517291545867920e-01 1.440270841121673584e-01 8.611430525779724121e-01
-2.697426080703735352e-02 7.795894145965576172e-01 1.201787471771240234e+00 -3.932995200157165527e-01 -2.902837693691253662e-01 1.390935033559799194e-01 8.612223267555236816e-01
-2.808469533920288086e-02 7.794274687767028809e-01 1.202380061149597168e+00 -3.955643475055694580e-01 -2.887443006038665771e-01 1.345262974500656128e-01 8.614280819892883301e-01
-2.928191423416137695e-02 7.793440818786621094e-01 1.203080177307128906e+00 -3.974346816539764404e-01 -2.869103550910949707e-01 1.305663138628005981e-01 8.617891669273376465e-01
-3.055846691131591797e-02 7.790750861167907715e-01 1.203853845596313477e+00 -3.992972671985626221e-01 -2.846162617206573486e-01 1.265007108449935913e-01 8.622951507568359375e-01
-3.188505768775939941e-02 7.786559462547302246e-01 1.204723238945007324e+00 -4.010688960552215576e-01 -2.815814316272735596e-01 1.226212158799171448e-01 8.630294203758239746e-01
-3.345662355422973633e-02 7.784807682037353516e-01 1.205472469329833984e+00 -4.025834202766418457e-01 -2.778121531009674072e-01 1.192634254693984985e-01 8.640158176422119141e-01
-3.513655066490173340e-02 7.782800197601318359e-01 1.206381797790527344e+00 -4.041657149791717529e-01 -2.732907235622406006e-01 1.151925325393676758e-01 8.652704954147338867e-01
-3.680378198623657227e-02 7.777779102325439453e-01 1.207348465919494629e+00 -4.062476754188537598e-01 -2.673118412494659424e-01 1.112403944134712219e-01 8.666791915893554688e-01
-3.871002793312072754e-02 7.772865295410156250e-01 1.208383560180664062e+00 -4.086039960384368896e-01 -2.601212859153747559e-01 1.070657297968864441e-01 8.682837486267089844e-01
-4.081267118453979492e-02 7.767540812492370605e-01 1.209516167640686035e+00 -4.113196730613708496e-01 -2.514879703521728516e-01 1.026443243026733398e-01 8.700770735740661621e-01
-4.312013089656829834e-02 7.764440178871154785e-01 1.210519075393676758e+00 -4.140515327453613281e-01 -2.411041110754013062e-01 9.761757403612136841e-02 8.722963929176330566e-01
-4.513572156429290771e-02 7.758911848068237305e-01 1.211600899696350098e+00 -4.175454378128051758e-01 -2.292384952306747437e-01 9.199141710996627808e-02 8.744387626647949219e-01
-4.752454161643981934e-02 7.752860784530639648e-01 1.212700605392456055e+00 -4.215620756149291992e-01 -2.151681631803512573e-01 8.559847623109817505e-02 8.767331838607788086e-01
-5.004137754440307617e-02 7.746876478195190430e-01 1.213778257369995117e+00 -4.258244931697845459e-01 -1.994014084339141846e-01 7.837802916765213013e-02 8.790730834007263184e-01
-5.264694988727569580e-02 7.739842534065246582e-01 1.214909195899963379e+00 -4.306688010692596436e-01 -1.820476353168487549e-01 7.091382145881652832e-02 8.811097145080566406e-01
-5.527007579803466797e-02 7.732776999473571777e-01 1.216046094894409180e+00 -4.353640079498291016e-01 -1.632905006408691406e-01 6.303214281797409058e-02 8.830749392509460449e-01
-5.813889950513839722e-02 7.724565863609313965e-01 1.217092275619506836e+00 -4.401185810565948486e-01 -1.436132043600082397e-01 5.450770631432533264e-02 8.847032785415649414e-01
-6.110421940684318542e-02 7.716349959373474121e-01 1.218288421630859375e+00 -4.450348019599914551e-01 -1.233855038881301880e-01 4.564965143799781799e-02 8.857969045639038086e-01
-6.414384394884109497e-02 7.707321643829345703e-01 1.219354271888732910e+00 -4.496395587921142578e-01 -1.024258136749267578e-01 3.708491474390029907e-02 8.865426778793334961e-01
-6.732948869466781616e-02 7.697268724441528320e-01 1.220413446426391602e+00 -4.537559747695922852e-01 -8.104088157415390015e-02 2.822073921561241150e-02 8.869845271110534668e-01
-7.052401453256607056e-02 7.686945199966430664e-01 1.221416234970092773e+00 -4.575014114379882812e-01 -5.967661738395690918e-02 2.010774612426757812e-02 8.869762420654296875e-01
-7.386083900928497314e-02 7.675926685333251953e-01 1.222480297088623047e+00 -4.607344567775726318e-01 -3.871298208832740784e-02 1.189272385090589523e-02 8.866136074066162109e-01
-7.751005887985229492e-02 7.667221426963806152e-01 1.223400354385375977e+00 -4.632597863674163818e-01 -1.788834482431411743e-02 3.554453607648611069e-03 8.860349059104919434e-01
-8.104838430881500244e-02 7.654752731323242188e-01 1.224364995956420898e+00 -4.653011560440063477e-01 1.888466649688780308e-03 -3.644896438345313072e-03 8.851429224014282227e-01
-8.478739112615585327e-02 7.642821073532104492e-01 1.225227832794189453e+00 -4.666000902652740479e-01 2.046947553753852844e-02 -1.049209199845790863e-02 8.841692805290222168e-01
-8.846412599086761475e-02 7.628948688507080078e-01 1.226143360137939453e+00 -4.673745930194854736e-01 3.790478408336639404e-02 -1.608409918844699860e-02 8.830999732017517090e-01
-9.247422218322753906e-02 7.619385123252868652e-01 1.226957559585571289e+00 -4.670841097831726074e-01 5.426923185586929321e-02 -2.039143256843090057e-02 8.823103904724121094e-01
-9.634662419557571411e-02 7.606959342956542969e-01 1.227735757827758789e+00 -4.658995568752288818e-01 6.931578367948532104e-02 -2.215890958905220032e-02 8.818400502204895020e-01
-1.005261167883872986e-01 7.592474222183227539e-01 1.228603243827819824e+00 -4.642917811870574951e-01 8.186650276184082031e-02 -2.408213727176189423e-02 8.815617561340332031e-01
-1.047287583351135254e-01 7.580499649047851562e-01 1.229510307312011719e+00 -4.620282948017120361e-01 9.142626821994781494e-02 -2.603176049888134003e-02 8.817558884620666504e-01
-1.092051938176155090e-01 7.566816210746765137e-01 1.230216026306152344e+00 -4.591774046421051025e-01 9.853456914424896240e-02 -2.772779203951358795e-02 8.824274539947509766e-01
-1.135939285159111023e-01 7.552067041397094727e-01 1.230962991714477539e+00 -4.556621313095092773e-01 1.014892980456352234e-01 -2.884774282574653625e-02 8.838776946067810059e-01
-1.183750703930854797e-01 7.536938190460205078e-01 1.231699943542480469e+00 -4.509111344814300537e-01 1.031625643372535706e-01 -2.625418268144130707e-02 8.861982822418212891e-01
-1.231433227658271790e-01 7.524397373199462891e-01 1.232448339462280273e+00 -4.450904130935668945e-01 1.019222140312194824e-01 -2.195435576140880585e-02 8.893955349922180176e-01
-1.279056668281555176e-01 7.507719993591308594e-01 1.233330726623535156e+00 -4.388111531734466553e-01 9.797213226556777954e-02 -1.621930487453937531e-02 8.930751085281372070e-01
-1.330432295799255371e-01 7.490695714950561523e-01 1.234128236770629883e+00 -4.314545989036560059e-01 9.162119776010513306e-02 -9.417865425348281860e-03 8.974206447601318359e-01
-1.379595845937728882e-01 7.473468184471130371e-01 1.235043525695800781e+00 -4.235413074493408203e-01 8.293399959802627563e-02 -9.077132563106715679e-04 9.020720124244689941e-01
-1.432080864906311035e-01 7.457708120346069336e-01 1.236191034317016602e+00 -4.149478673934936523e-01 7.310394197702407837e-02 8.027906529605388641e-03 9.068680405616760254e-01
-1.486571580171585083e-01 7.438967823982238770e-01 1.237346887588500977e+00 -4.053164124488830566e-01 6.135921180248260498e-02 1.868555881083011627e-02 9.119235277175903320e-01
-1.536770462989807129e-01 7.416549921035766602e-01 1.238583803176879883e+00 -3.950977921485900879e-01 4.780030250549316406e-02 3.047979250550270081e-02 9.168881773948669434e-01
-1.589987576007843018e-01 7.398146986961364746e-01 1.240044951438903809e+00 -3.839666545391082764e-01 3.314076364040374756e-02 4.287323355674743652e-02 9.217554926872253418e-01
-1.647307723760604858e-01 7.380091547966003418e-01 1.241342306137084961e+00 -3.716154694557189941e-01 1.801900193095207214e-02 5.586344376206398010e-02 9.265293478965759277e-01
-1.702588200569152832e-01 7.359116673469543457e-01 1.242952823638916016e+00 -3.588770329952239990e-01 2.109469845890998840e-03 6.990624219179153442e-02 9.307609796524047852e-01
-1.759742647409439087e-01 7.339503765106201172e-01 1.244950532913208008e+00 -3.456287980079650879e-01 -1.435302384197711945e-02 8.436242491006851196e-02 9.344611763954162598e-01
-1.815709769725799561e-01 7.312337160110473633e-01 1.246932029724121094e+00 -3.320569992065429688e-01 -3.096014447510242462e-02 9.957864880561828613e-02 9.374773502349853516e-01
-1.872230470180511475e-01 7.289041280746459961e-01 1.249339342117309570e+00 -3.174872696399688721e-01 -4.779820516705513000e-02 1.151103004813194275e-01 9.400355219841003418e-01
-1.928921639919281006e-01 7.268139123916625977e-01 1.251582741737365723e+00 -3.019874095916748047e-01 -6.415029615163803101e-02 1.311871856451034546e-01 9.420606493949890137e-01
-1.986441612243652344e-01 7.240440845489501953e-01 1.254225969314575195e+00 -2.867059409618377686e-01 -8.014572411775588989e-02 1.469915062189102173e-01 9.432762265205383301e-01
-2.047460973262786865e-01 7.216292619705200195e-01 1.257057428359985352e+00 -2.706737816333770752e-01 -9.516219794750213623e-02 1.631818264722824097e-01 9.439553022384643555e-01
-2.104545384645462036e-01 7.187151312828063965e-01 1.260105013847351074e+00 -2.550167739391326904e-01 -1.094018742442131042e-01 1.794905364513397217e-01 9.438118338584899902e-01
-2.163808941841125488e-01 7.161660194396972656e-01 1.262931585311889648e+00 -2.387592494487762451e-01 -1.217613816261291504e-01 1.955174505710601807e-01 9.433669447898864746e-01
-2.212544083595275879e-01 7.141510248184204102e-01 1.265464067459106445e+00 -2.222308218479156494e-01 -1.332814097404479980e-01 2.118710130453109741e-01 9.423164129257202148e-01
-2.262850254774093628e-01 7.119303941726684570e-01 1.267946720123291016e+00 -2.057401835918426514e-01 -1.427322328090667725e-01 2.275944352149963379e-01 9.410097599029541016e-01
-2.311726212501525879e-01 7.099354863166809082e-01 1.270382761955261230e+00 -1.895000338554382324e-01 -1.505135893821716309e-01 2.428156584501266479e-01 9.394019246101379395e-01
-2.343323379755020142e-01 7.078697085380554199e-01 1.272360205650329590e+00 -1.735156923532485962e-01 -1.576869934797286987e-01 2.580364346504211426e-01 9.372536540031433105e-01
-2.369505017995834351e-01 7.059279680252075195e-01 1.273935437202453613e+00 -1.581182330846786499e-01 -1.631460487842559814e-01 2.731212377548217773e-01 9.347656965255737305e-01
-2.392489612102508545e-01 7.045558691024780273e-01 1.275616526603698730e+00 -1.428484618663787842e-01 -1.677767038345336914e-01 2.878396511077880859e-01 9.319837093353271484e-01
-2.416760325431823730e-01 7.032483816146850586e-01 1.277007579803466797e+00 -1.279718577861785889e-01 -1.707644015550613403e-01 3.021583557128906250e-01 9.290657043457031250e-01
-2.436548769474029541e-01 7.023643255233764648e-01 1.278178453445434570e+00 -1.132497563958168030e-01 -1.727653890848159790e-01 3.153904974460601807e-01 9.262048602104187012e-01
-2.453171163797378540e-01 7.007754445075988770e-01 1.279310345649719238e+00 -9.933163225650787354e-02 -1.738986074924468994e-01 3.281066417694091797e-01 9.231677055358886719e-01
-2.460854500532150269e-01 7.002376317977905273e-01 1.280059814453125000e+00 -8.592884242534637451e-02 -1.744669228792190552e-01 3.402374386787414551e-01 9.200087189674377441e-01
-2.463595569133758545e-01 6.996080875396728516e-01 1.280825972557067871e+00 -7.340176403522491455e-02 -1.745606213808059692e-01 3.515236973762512207e-01 9.168270826339721680e-01
-2.461545169353485107e-01 6.998410224914550781e-01 1.281998634338378906e+00 -6.136500090360641479e-02 -1.743705570697784424e-01 3.621733188629150391e-01 9.135971665382385254e-01
-2.461176663637161255e-01 6.985447406768798828e-01 1.281630635261535645e+00 -5.029643326997756958e-02 -1.732121706008911133e-01 3.716726899147033691e-01 9.106740951538085938e-01
-2.466587275266647339e-01 6.986970901489257812e-01 1.281639575958251953e+00 -3.946731984615325928e-02 -1.715301871299743652e-01 3.812967538833618164e-01 9.075420498847961426e-01
-2.499347478151321411e-01 6.992744207382202148e-01 1.280786275863647461e+00 -2.833470329642295837e-02 -1.691310405731201172e-01 3.895862102508544922e-01 9.048836827278137207e-01
-2.514742314815521240e-01 6.994552612304687500e-01 1.281606078147888184e+00 -1.898087188601493835e-02 -1.673876941204071045e-01 3.968918025493621826e-01 9.022738337516784668e-01
-2.528714537620544434e-01 6.991473436355590820e-01 1.282267570495605469e+00 -1.104680262506008148e-02 -1.656810343265533447e-01 4.032863080501556396e-01 8.998822569847106934e-01
-2.552332282066345215e-01 6.984050869941711426e-01 1.283657789230346680e+00 -4.361513536423444748e-03 -1.639749258756637573e-01 4.081423580646514893e-01 8.980607390403747559e-01
-2.576746940612792969e-01 6.976063251495361328e-01 1.285642385482788086e+00 1.239642384462058544e-03 -1.629307866096496582e-01 4.122703671455383301e-01 8.963733911514282227e-01
-2.600556015968322754e-01 6.964516639709472656e-01 1.287106275558471680e+00 5.750651471316814423e-03 -1.619606167078018188e-01 4.151224195957183838e-01 8.952145576477050781e-01
-2.615775167942047119e-01 6.955965757369995117e-01 1.288381457328796387e+00 8.989651687443256378e-03 -1.620209515094757080e-01 4.163515567779541016e-01 8.946059942245483398e-01
-2.648631930351257324e-01 6.943660974502563477e-01 1.290109395980834961e+00 9.034994989633560181e-03 -1.625312417745590210e-01 4.161532819271087646e-01 8.946052193641662598e-01
-2.682222425937652588e-01 6.925750970840454102e-01 1.291855812072753906e+00 8.980132639408111572e-03 -1.632578074932098389e-01 4.155421853065490723e-01 8.947575688362121582e-01
-2.729717791080474854e-01 6.888600587844848633e-01 1.292569875717163086e+00 8.853842504322528839e-03 -1.636973619461059570e-01 4.131461083889007568e-01 8.957874178886413574e-01
-2.782218754291534424e-01 6.843659281730651855e-01 1.293648719787597656e+00 7.832424715161323547e-03 -1.641473919153213501e-01 4.103431999683380127e-01 8.970021009445190430e-01
-2.812995314598083496e-01 6.820762753486633301e-01 1.295215964317321777e+00 5.099431145936250687e-03 -1.671734303236007690e-01 4.064701497554779053e-01 8.982255458831787109e-01
-2.855730950832366943e-01 6.796963810920715332e-01 1.297189831733703613e+00 1.429755589924752712e-03 -1.702837496995925903e-01 4.021599292755126953e-01 8.995937108993530273e-01
-2.920368909835815430e-01 6.751748323440551758e-01 1.296299934387207031e+00 -2.919119549915194511e-03 -1.724186390638351440e-01 3.964571952819824219e-01 9.017122983932495117e-01
-2.987899482250213623e-01 6.710380315780639648e-01 1.296016216278076172e+00 -7.929335348308086395e-03 -1.746234148740768433e-01 3.905295431613922119e-01 9.038420915603637695e-01
-3.062230348587036133e-01 6.678878068923950195e-01 1.294929027557373047e+00 -1.297120284289121628e-02 -1.776141673326492310e-01 3.843570351600646973e-01 9.058447480201721191e-01
-3.118055164813995361e-01 6.642988920211791992e-01 1.294354200363159180e+00 -1.925136521458625793e-02 -1.813027113676071167e-01 3.773986399173736572e-01 9.079256653785705566e-01
-3.185427784919738770e-01 6.604673266410827637e-01 1.292755126953125000e+00 -2.563087828457355499e-02 -1.850339323282241821e-01 3.695374727249145508e-01 9.102458953857421875e-01
-3.243829607963562012e-01 6.571509242057800293e-01 1.291476011276245117e+00 -3.281042724847793579e-02 -1.895386427640914917e-01 3.616528809070587158e-01 9.122532010078430176e-01
-3.313966095447540283e-01 6.526128053665161133e-01 1.289665579795837402e+00 -4.036105796694755554e-02 -1.935304254293441772e-01 3.529941737651824951e-01 9.145010113716125488e-01
-3.397976756095886230e-01 6.481290459632873535e-01 1.289149045944213867e+00 -4.834761843085289001e-02 -1.973758637905120850e-01 3.443443477153778076e-01 9.165873527526855469e-01
-3.480288684368133545e-01 6.444513201713562012e-01 1.287213444709777832e+00 -5.612939596176147461e-02 -2.011980563402175903e-01 3.355027735233306885e-01 9.185895323753356934e-01
-3.574178814888000488e-01 6.417398452758789062e-01 1.284946322441101074e+00 -6.333003193140029907e-02 -2.047955691814422607e-01 3.266857564449310303e-01 9.205023050308227539e-01
-3.667853474617004395e-01 6.377154588699340820e-01 1.283919572830200195e+00 -7.215047627687454224e-02 -2.087243199348449707e-01 3.178546726703643799e-01 9.220612645149230957e-01
-3.771285116672515869e-01 6.359370350837707520e-01 1.281267404556274414e+00 -7.935197651386260986e-02 -2.119956016540527344e-01 3.096314370632171631e-01 9.235201478004455566e-01
-3.862046599388122559e-01 6.347886919975280762e-01 1.278193831443786621e+00 -8.590645343065261841e-02 -2.164568006992340088e-01 3.013393282890319824e-01 9.246411323547363281e-01
-3.965871930122375488e-01 6.321322917938232422e-01 1.274830222129821777e+00 -9.286643564701080322e-02 -2.196904271841049194e-01 2.933497428894042969e-01 9.257742166519165039e-01
-4.071253836154937744e-01 6.278022527694702148e-01 1.271487712860107422e+00 -1.005460098385810852e-01 -2.226288318634033203e-01 2.853951752185821533e-01 9.267559647560119629e-01
-4.179119467735290527e-01 6.246802806854248047e-01 1.267462134361267090e+00 -1.069554686546325684e-01 -2.253702878952026367e-01 2.784886956214904785e-01 9.274766445159912109e-01
-4.293271303176879883e-01 6.198262572288513184e-01 1.263507723808288574e+00 -1.140526682138442993e-01 -2.277303785085678101e-01 2.710588872432708740e-01 9.282553791999816895e-01
-4.402978420257568359e-01 6.155612468719482422e-01 1.259195804595947266e+00 -1.204915046691894531e-01 -2.301764786243438721e-01 2.647458612918853760e-01 9.286605119705200195e-01
-4.511016011238098145e-01 6.119615435600280762e-01 1.254486322402954102e+00 -1.260728091001510620e-01 -2.326866537332534790e-01 2.581003904342651367e-01 9.291645884513854980e-01
-4.629015326499938965e-01 6.072265505790710449e-01 1.249629139900207520e+00 -1.320467442274093628e-01 -2.344783842563629150e-01 2.518478929996490479e-01 9.296000599861145020e-01
-4.749564528465270996e-01 6.018697619438171387e-01 1.244735240936279297e+00 -1.382321715354919434e-01 -2.361151129007339478e-01 2.457088232040405273e-01 9.299294352531433105e-01
-4.863551855087280273e-01 5.957509875297546387e-01 1.240206480026245117e+00 -1.447281241416931152e-01 -2.381490767002105713e-01 2.399034649133682251e-01 9.299382567405700684e-01
-4.988739192485809326e-01 5.900647044181823730e-01 1.234765172004699707e+00 -1.505951136350631714e-01 -2.392230629920959473e-01 2.342867702245712280e-01 9.301629662513732910e-01
-5.086900591850280762e-01 5.833317637443542480e-01 1.228971719741821289e+00 -1.571724861860275269e-01 -2.415341883897781372e-01 2.285753786563873291e-01 9.298985600471496582e-01
-5.185811519622802734e-01 5.755537748336791992e-01 1.220250368118286133e+00 -1.627015769481658936e-01 -2.424924522638320923e-01 2.232839763164520264e-01 9.299838542938232422e-01
-5.262541770935058594e-01 5.681269764900207520e-01 1.210366249084472656e+00 -1.680025905370712280e-01 -2.436776310205459595e-01 2.177086174488067627e-01 9.300534129142761230e-01
-5.326101183891296387e-01 5.600909590721130371e-01 1.199861764907836914e+00 -1.740471124649047852e-01 -2.446518689393997192e-01 2.122423201799392700e-01 9.299495816230773926e-01
-5.380078554153442383e-01 5.520049333572387695e-01 1.189914584159851074e+00 -1.802824884653091431e-01 -2.462002784013748169e-01 2.069088518619537354e-01 9.295549392700195312e-01
-5.425503849983215332e-01 5.443818569183349609e-01 1.179667115211486816e+00 -1.860289424657821655e-01 -2.477478981018066406e-01 2.014303803443908691e-01 9.292147755622863770e-01
-5.479713082313537598e-01 5.361507534980773926e-01 1.169544219970703125e+00 -1.920819878578186035e-01 -2.484161108732223511e-01 1.954376846551895142e-01 9.290844798088073730e-01
-5.527877807617187500e-01 5.271989703178405762e-01 1.159790754318237305e+00 -1.983794867992401123e-01 -2.490631937980651855e-01 1.892318278551101685e-01 9.288727045059204102e-01
-5.572140812873840332e-01 5.182937979698181152e-01 1.150587320327758789e+00 -2.048210948705673218e-01 -2.498762011528015137e-01 1.831912696361541748e-01 9.284671545028686523e-01
-5.620422959327697754e-01 5.086972713470458984e-01 1.140962123870849609e+00 -2.113184183835983276e-01 -2.499445974826812744e-01 1.767842322587966919e-01 9.282346963882446289e-01
-5.660346746444702148e-01 4.994017779827117920e-01 1.131683111190795898e+00 -2.176188081502914429e-01 -2.506413161754608154e-01 1.702183783054351807e-01 9.278182387351989746e-01
-5.701579451560974121e-01 4.890542030334472656e-01 1.122200489044189453e+00 -2.241619676351547241e-01 -2.511149644851684570e-01 1.632974892854690552e-01 9.273762702941894531e-01
-5.754100084304809570e-01 4.784516394138336182e-01 1.112372994422912598e+00 -2.308539897203445435e-01 -2.504331767559051514e-01 1.560336649417877197e-01 9.271694421768188477e-01
-5.795047283172607422e-01 4.676589965820312500e-01 1.103492975234985352e+00 -2.378159314393997192e-01 -2.502350807189941406e-01 1.483639627695083618e-01 9.267222881317138672e-01
-5.830036401748657227e-01 4.568871855735778809e-01 1.094913005828857422e+00 -2.447585761547088623e-01 -2.503001391887664795e-01 1.405213177204132080e-01 9.261193275451660156e-01
-5.867002010345458984e-01 4.460441768169403076e-01 1.086611986160278320e+00 -2.518765926361083984e-01 -2.500720620155334473e-01 1.325568258762359619e-01 9.254463315010070801e-01
-5.903564095497131348e-01 4.345034956932067871e-01 1.078448891639709473e+00 -2.594975531101226807e-01 -2.495249211788177490e-01 1.243171542882919312e-01 9.246316552162170410e-01
-5.936384201049804688e-01 4.238040447235107422e-01 1.070313215255737305e+00 -2.666571736335754395e-01 -2.491473108530044556e-01 1.162105053663253784e-01 9.237503409385681152e-01
-5.973504781723022461e-01 4.122826159000396729e-01 1.062137365341186523e+00 -2.744562625885009766e-01 -2.483063042163848877e-01 1.074788272380828857e-01 9.227492213249206543e-01
-6.008789539337158203e-01 4.013287425041198730e-01 1.054275989532470703e+00 -2.818336188793182373e-01 -2.475636154413223267e-01 9.860295057296752930e-02 9.217155575752258301e-01
-6.037423014640808105e-01 3.899861872196197510e-01 1.046783208847045898e+00 -2.894550859928131104e-01 -2.471076250076293945e-01 8.976334333419799805e-02 9.203782677650451660e-01
-6.068364381790161133e-01 3.788618445396423340e-01 1.039274692535400391e+00 -2.970245778560638428e-01 -2.463938593864440918e-01 8.085311204195022583e-02 9.189827442169189453e-01
-6.097795367240905762e-01 3.675069212913513184e-01 1.031954169273376465e+00 -3.046947419643402100e-01 -2.456978708505630493e-01 7.162681967020034790e-02 9.174221158027648926e-01
-6.135886311531066895e-01 3.561205565929412842e-01 1.024271488189697266e+00 -3.123308420181274414e-01 -2.441534996032714844e-01 6.266860663890838623e-02 9.159209728240966797e-01
-6.163624525070190430e-01 3.450713455677032471e-01 1.016946315765380859e+00 -3.197658360004425049e-01 -2.433269023895263672e-01 5.365273356437683105e-02 9.141462445259094238e-01
-6.191232204437255859e-01 3.342373669147491455e-01 1.009971976280212402e+00 -3.272796273231506348e-01 -2.426212131977081299e-01 4.471116885542869568e-02 9.121534824371337891e-01
-6.219143271446228027e-01 3.231025040149688721e-01 1.002642989158630371e+00 -3.346834778785705566e-01 -2.417737841606140137e-01 3.572796285152435303e-02 9.100856781005859375e-01
-6.246567964553833008e-01 3.122637569904327393e-01 9.955301284790039062e-01 -3.418953716754913330e-01 -2.408646494150161743e-01 2.681015990674495697e-02 9.079499244689941406e-01
-6.271598339080810547e-01 3.023800253868103027e-01 9.890253543853759766e-01 -3.490017652511596680e-01 -2.400746792554855347e-01 1.801091432571411133e-02 9.056696891784667969e-01
