2.934753035791714026e+01
2.934753035791714026e+01
2.901473508805089807e+01
2.885058824270844369e+01
2.885058824270844369e+01
2.853343640476848719e+01
2.853343640476848719e+01
2.828136509123672937e+01
2.828136509123672937e+01
2.796214727009184031e+01
2.796214727009184031e+01
2.769478056760881657e+01
2.769478056760881657e+01
2.745230214342901220e+01
2.732013364238607878e+01
2.715513464134517108e+01
2.700119942447263810e+01
2.682198285054989029e+01
2.720070804806213616e+01
2.705526061708978247e+01
2.695887999047713635e+01
2.684650466443570593e+01
2.674643992617125932e+01
2.682112893305506418e+01
2.691309469800335563e+01
2.693665426793000961e+01
2.729345131477778352e+01
2.727493319863208399e+01
2.727045378859774871e+01
2.726809627819498161e+01
2.727978016174260745e+01
2.720407951853172079e+01
2.706146619743299553e+01
2.685751527989492260e+01
2.662521859412476388e+01
2.647386066348366640e+01
2.621021212032175640e+01
2.596055902988506148e+01
2.570066267020649065e+01
2.538545812075991748e+01
2.509948486315262883e+01
2.477356423032466637e+01
2.453137784743731231e+01
2.425270188174888730e+01
2.400233974446801710e+01
2.378525720940572441e+01
2.355419160606226825e+01
2.334267306272953846e+01
2.292432500728708789e+01
2.270318271221890072e+01
2.246843478839703678e+01
2.223916538481844896e+01
2.204770019162026529e+01
2.181355299423855598e+01
2.160228981108715374e+01
2.143677540839960116e+01
2.126964887632625434e+01
2.113005849668171976e+01
2.100784608693016509e+01
2.059353970523868327e+01
2.046074582353704940e+01
2.032114013746781112e+01
2.018107301852107938e+01
2.006859235220632343e+01
2.005053113981645296e+01
1.987138855052382169e+01
1.963633925438109884e+01
1.939286923803367557e+01
1.939278705078700327e+01
1.931473177425673526e+01
1.900733672231148219e+01
1.852352392382109514e+01
1.836455689823750603e+01
1.819504935496041043e+01
1.809901989881095119e+01
1.793598671868402405e+01
1.761634298950171029e+01
1.741730054612204626e+01
1.721759941737401434e+01
1.714143258925605195e+01
1.692954003726735124e+01
1.673918783223904683e+01
1.671708524575730337e+01
1.651112150142436974e+01
1.624846191534625461e+01
1.603385949103143915e+01
1.622983034296247951e+01
1.601527043071852319e+01
1.572749565735764143e+01
1.548359795290557095e+01
1.547290335655763904e+01
1.523455482976802244e+01
1.499661256632673201e+01
1.477090230925182723e+01
1.468139092826557857e+01
1.444258907890045940e+01
1.420644442286410047e+01
1.399583357961362395e+01
1.384428834981957657e+01
1.361826533808459239e+01
1.340477149790125466e+01
1.320163131066599860e+01
1.299026923643184794e+01
1.272751724605563162e+01
1.249975645040247407e+01
1.227161112467352311e+01
1.202035097032604938e+01
1.178127197115179570e+01
1.153695976472952722e+01
1.128833175740351891e+01
1.103424351293664785e+01
1.077505249965365408e+01
1.051988901133774945e+01
1.027149650896823552e+01
1.002348926654324224e+01
9.776174269776346293e+00
9.527375344127154477e+00
9.285278860773336973e+00
9.055792488160978593e+00
8.834049127280891867e+00
8.621067941578347771e+00
8.423057313962923232e+00
8.225071926108771692e+00
8.036639262179139820e+00
7.856491050006248145e+00
7.683976686213856766e+00
7.519261252365005532e+00
7.360242420136970054e+00
7.203740668140671488e+00
7.056367315007360475e+00
6.923082648736336608e+00
6.805530026427071277e+00
6.696691639577011301e+00
6.606871109585906510e+00
6.511882859058086837e+00
6.441137431710338035e+00
6.351167368235845601e+00
6.261490940321557730e+00
6.173695183252281282e+00
6.101472697466356010e+00
6.043206950915347875e+00
5.986472204791819962e+00
5.939558285542062777e+00
5.884982497983227034e+00
5.842110656720251427e+00
5.799104814519225215e+00
5.751506934469400534e+00
5.735517136840961427e+00
5.701096180543284930e+00
5.669379541625069407e+00
5.651358742262605261e+00
5.617550106366646645e+00
5.613669268953138669e+00
5.600381918185156849e+00
5.584761982820545256e+00
5.582158984456139450e+00
5.571052778115092252e+00
5.568669528867541629e+00
5.553415358797842316e+00
5.533435453698515971e+00
5.520141085550935856e+00
5.480157839758415861e+00
5.462035675921416811e+00
5.402313602126742609e+00
5.370018567649239571e+00
5.324880277093893000e+00
5.277020861360615100e+00
5.216939237455815004e+00
5.164288889398683580e+00
5.110900229150562524e+00
5.068871875729641374e+00
5.010766140267453039e+00
4.968334151364743434e+00
4.931670721668069746e+00
4.897652548791462834e+00
4.866893092402374776e+00
4.849986295441539141e+00
4.832452007790948301e+00
4.817338464269930398e+00
4.809189842857303887e+00
4.803642124476183994e+00
4.797808469184008828e+00
4.789541272159098639e+00
4.780878285120696347e+00
4.771643547966473164e+00
4.760266580286515392e+00
4.749010068450942867e+00
4.734828940755306803e+00
4.719008063498513650e+00
4.702939685778677159e+00
4.684727580216524245e+00
4.664075578086965379e+00
4.641246661120504768e+00
4.619988389124110029e+00
4.592692382984310484e+00
4.567842896954392273e+00
4.541769687059602489e+00
4.512879490932423465e+00
4.484546604593862895e+00
4.456656148994923683e+00
4.427279183446827915e+00
4.389145272303743184e+00
4.357587985899414207e+00
4.325321957797441996e+00
4.290450933371502629e+00
4.257506302904634055e+00
4.222569242371271514e+00
4.189193951550954864e+00
4.153731785304408675e+00
4.119976119243478507e+00
4.086162354473781733e+00
4.052103878562984818e+00
4.014338865139464474e+00
3.979191691213017634e+00
3.944803947671381650e+00
3.907418599740825726e+00
3.874339371792679287e+00
3.835981358600406566e+00
3.798382592738999364e+00
3.761422464024622769e+00
3.724645790901334408e+00
3.683323502946162620e+00
3.641997045573649672e+00
3.600915251949444951e+00
3.558558324016189545e+00
3.508215363068995174e+00
3.464054439002143937e+00
3.415091728708571139e+00
3.360087762892540297e+00
3.309737853100937599e+00
3.252383460762864331e+00
3.191461663944405558e+00
3.133291531848620082e+00
3.072788482203680616e+00
3.002996875595759008e+00
2.934584787953234297e+00
2.857692930681583476e+00
2.787093847457182250e+00
2.724247964233114772e+00
2.661209325204236364e+00
2.593389850263015717e+00
2.542367083900266778e+00
2.497760258740150618e+00
2.463907665773316324e+00
2.426376648406641579e+00
2.388041485695229227e+00
2.356955059120583229e+00
2.341008668755669930e+00
2.333375371928081421e+00
2.313566232460267713e+00
2.304197191122632660e+00
2.317287123076784638e+00
2.319264289170096305e+00
2.311140438253424634e+00
2.274872947759469355e+00
2.265519016510886274e+00
2.245078584104298614e+00
2.215339399443717383e+00
2.174931210697906181e+00
2.148714255184749788e+00
2.112481218655776871e+00
2.064684942650341526e+00
2.019859316038758124e+00
1.979324002634481161e+00
1.939286482773514564e+00
1.901032862130712431e+00
1.871970110734519466e+00
1.856554172042045536e+00
1.842542226285349471e+00
1.832423203213725316e+00
1.828449964381288595e+00
1.814013688914094757e+00
1.810655655350664972e+00
1.792071009479698773e+00
1.772203046466582776e+00
1.745560960076709023e+00
1.723844858725396278e+00
1.690052766010108343e+00
1.666673947054263749e+00
1.657962850938819344e+00
1.646642483643269372e+00
1.641551118413612897e+00
1.643123076395426096e+00
1.634470128369553521e+00
1.650622008709326849e+00
1.654247619960653282e+00
1.662563034297544817e+00
1.686597965782333119e+00
1.711478762914513396e+00
1.739610498918459314e+00
1.844171166028914399e+00
1.978366953588764687e+00
2.126421456474751892e+00
2.269714349641851925e+00
2.419546144860440506e+00
2.576086910836391297e+00
2.736490265910017428e+00
2.893946570732254031e+00
3.057674463592771730e+00
3.217458274277841923e+00
3.383969885839128722e+00
3.537779460078731120e+00
3.706673415541771988e+00
3.865901602369969936e+00
4.021848456707232344e+00
4.180441724733448439e+00
4.336204504495867695e+00
4.488874597328770477e+00
4.642990357476904251e+00
4.803926562266063627e+00
4.952061665168713489e+00
5.100647902191958849e+00
5.251713128733079827e+00
5.399511929493485241e+00
5.559923647143744319e+00
5.706704508860035219e+00
5.854071871127707993e+00
5.989901487076100040e+00
