2.803107542435434851e+01
2.803107542435434851e+01
2.774260716478308808e+01
2.774260716478308808e+01
2.748131732694006502e+01
2.748131732694006502e+01
2.726273269184871850e+01
2.726273269184871850e+01
2.707409503915534543e+01
2.707409503915534543e+01
2.684556539930083474e+01
2.684556539930083474e+01
2.666519063058962402e+01
2.666519063058962402e+01
2.645740832166622170e+01
2.636858803854982014e+01
2.623828199529162575e+01
2.614423806785232429e+01
2.603517312680406093e+01
2.602364263653639043e+01
2.596875578876244717e+01
2.601031697213471361e+01
2.608748008748258584e+01
2.613780234922442958e+01
2.619857390287805288e+01
2.624243535027090601e+01
2.620983664865673290e+01
2.611003648752887685e+01
2.616480955008986342e+01
2.618195605542463511e+01
2.622443436885379597e+01
2.619194518663289983e+01
2.605075502756745820e+01
2.581401780381786182e+01
2.562209657614441838e+01
2.544950839473260729e+01
2.526198367510550469e+01
2.482830118787173745e+01
2.462216354259417272e+01
2.436500147292583307e+01
2.416056147799164577e+01
2.387788550963139400e+01
2.365588649006951982e+01
2.344023141646710329e+01
2.324125451594849068e+01
2.307635026054427740e+01
2.290761716776986745e+01
2.275850772043340342e+01
2.256779255376687132e+01
2.232157680522436038e+01
2.224689401202225270e+01
2.215472919292354348e+01
2.186905346879714784e+01
2.171304435435268232e+01
2.156860041144600615e+01
2.140917097923105672e+01
2.124650867302608859e+01
2.110966054561029281e+01
2.101902840609844603e+01
2.077439899101657517e+01
2.064513455598892477e+01
2.057187148853396863e+01
2.044471412789413023e+01
2.029791559780585075e+01
2.014408710599311192e+01
2.000787464344650601e+01
1.996854524811949005e+01
1.981144415710197748e+01
1.966008249718116474e+01
1.964838751473700995e+01
1.952091300594003087e+01
1.938027254409252009e+01
1.924595088358734074e+01
1.911704461594833759e+01
1.895631831330009831e+01
1.888013700896035374e+01
1.873131123580037638e+01
1.857256348302409776e+01
1.843824545696286421e+01
1.828950733816309793e+01
1.809204972105636955e+01
1.798744029248338094e+01
1.782239486862241407e+01
1.765027491142045335e+01
1.748488662702330032e+01
1.731941429289848600e+01
1.710255329368369814e+01
1.688091784637362736e+01
1.671630357453068427e+01
1.653429645622817645e+01
1.633824371868569614e+01
1.613060580047472570e+01
1.590432932573054714e+01
1.568878290262965436e+01
1.547277167357516703e+01
1.525775870408823387e+01
1.501833931428372182e+01
1.478483185773487030e+01
1.456289426507796314e+01
1.433098294059575295e+01
1.408841428337899693e+01
1.385002876623163637e+01
1.360596499757967770e+01
1.335626528019005654e+01
1.309757768841866188e+01
1.285243069622931600e+01
1.259009356565979942e+01
1.233426102426479432e+01
1.205997547358310129e+01
1.179300389624672007e+01
1.152272567574644135e+01
1.123547156457389562e+01
1.096898729238907499e+01
1.070378276798117945e+01
1.043060173025730109e+01
1.016624921230029877e+01
9.893112309020935413e+00
9.647496709633342604e+00
9.403852406841322065e+00
9.166757352729579367e+00
8.937971538960496787e+00
8.715388960770487969e+00
8.503722105673899634e+00
8.304091373776829599e+00
8.104960988657300192e+00
7.914984582405775626e+00
7.742975835626214831e+00
7.563483637119031044e+00
7.399069748877238339e+00
7.249618311841768303e+00
7.106803579441713481e+00
7.000539750894699154e+00
6.848515549868132268e+00
6.746731330444355024e+00
6.645396570698725469e+00
6.566626848516563086e+00
6.494982827277876680e+00
6.397258284538459350e+00
6.309805228555038781e+00
6.241119039555762527e+00
6.166796214757425787e+00
6.114128151814444578e+00
6.053669354867395214e+00
5.988562551109382071e+00
5.949327699042758155e+00
5.909205409327004332e+00
5.861734435848440228e+00
5.826468853693459238e+00
5.797886691527629921e+00
5.773995782989974401e+00
5.737766540530092385e+00
5.726857046493559977e+00
5.717899775663102702e+00
5.700490736032325145e+00
5.679481825052071997e+00
5.676117433226384179e+00
5.685667977671624129e+00
5.673990714289111281e+00
5.639227365231288758e+00
5.621476636014044459e+00
5.590791745840377303e+00
5.570544885507430877e+00
5.522140144219175539e+00
5.465614006340391740e+00
5.432968902196979144e+00
5.396478373768832881e+00
5.334929017014456321e+00
5.268894331399913256e+00
5.213090111536313742e+00
5.145779187690134648e+00
5.091023366366776770e+00
5.046171900095039575e+00
4.998730316494420123e+00
4.961091359658873046e+00
4.927975240171949878e+00
4.900205397401933283e+00
4.869199933892168985e+00
4.848570244734357715e+00
4.834294172977234183e+00
4.822538868832825898e+00
4.815805795066328443e+00
4.812330338592325063e+00
4.803564619117768331e+00
4.795207154801637728e+00
4.785706732690382381e+00
4.775786250737770189e+00
4.760281525636344213e+00
4.745445271730158510e+00
4.728301605870285584e+00
4.710519105544147322e+00
4.690516709475950563e+00
4.668885451150337929e+00
4.645337348332873262e+00
4.620666954057355724e+00
4.596119733418440489e+00
4.570562960579501066e+00
4.541736334225962679e+00
4.511155217866598122e+00
4.479042025165874463e+00
4.446517180083382925e+00
4.414405364226595907e+00
4.379768855155926843e+00
4.345495378676467624e+00
4.310125434829199520e+00
4.275433419455392681e+00
4.240195651428855683e+00
4.200406937900147852e+00
4.164845770170781947e+00
4.128514851453964241e+00
4.092407402176281295e+00
4.055828455370455998e+00
4.018733822159319402e+00
3.981629978191140395e+00
3.945255729952055646e+00
3.908616399220452564e+00
3.871576528708747134e+00
3.834520930420136864e+00
3.795557753819092994e+00
3.755916486869327997e+00
3.720021851489459408e+00
3.678524071096269665e+00
3.634805516362689559e+00
3.584555157913335677e+00
3.538519015602453521e+00
3.495254900524539465e+00
3.446393337869089635e+00
3.402051302888164486e+00
3.349863367901328104e+00
3.294500949582037208e+00
3.241530309864277370e+00
3.181586486824521387e+00
3.122244793671715257e+00
3.057776172717360907e+00
2.988984503383516511e+00
2.918007098906919339e+00
2.845435937373405721e+00
2.773003841543541625e+00
2.691498610008846271e+00
2.617821250127445154e+00
2.553392543425708539e+00
2.481889667008736922e+00
2.418326555756333818e+00
2.368319098158703895e+00
2.335663008170101307e+00
2.289780339171699097e+00
2.258036887915878310e+00
2.232668087482792885e+00
2.213802435786639933e+00
2.196257562113043349e+00
2.179386225006272326e+00
2.171304561173762693e+00
2.176703542223751953e+00
2.180490812720130123e+00
2.165324455042945573e+00
2.140281666715978304e+00
2.121447487424440226e+00
2.102984374495498798e+00
2.065277742414362905e+00
2.027733740782647232e+00
1.985296689290599659e+00
1.941499719093521037e+00
1.896636557264478995e+00
1.845461267524893145e+00
1.808504703132513214e+00
1.771618820255248750e+00
1.725876400956348533e+00
1.702220628064594621e+00
1.694495607912102741e+00
1.673592666244914540e+00
1.657084851642387946e+00
1.664079017494060508e+00
1.645811354694838968e+00
1.652264983564130318e+00
1.628442087711572839e+00
1.612057752458817106e+00
1.590781504963764803e+00
1.572828863823509948e+00
1.545587343363653332e+00
1.526610701172540274e+00
1.522929076435595164e+00
1.517175570747923530e+00
1.532946005028403391e+00
1.528431326445790717e+00
1.540667806532322714e+00
1.556157823268510043e+00
1.563530492400076355e+00
1.584491431417767160e+00
1.596856049028016145e+00
1.626579966345641282e+00
1.691148285550703179e+00
1.802534415544769786e+00
1.958627126238390304e+00
2.128973355287424596e+00
2.301205114846577970e+00
2.474677087143827947e+00
2.670648445337675980e+00
2.850708727899856854e+00
3.031335242607788416e+00
3.213662797865460163e+00
3.395957015881048591e+00
3.594598299671371677e+00
3.782524928868504333e+00
3.980077552827058440e+00
4.162460834757588657e+00
4.343740585231113727e+00
4.529958855921830008e+00
4.709737165198070841e+00
4.885012005547892500e+00
5.067229109257478825e+00
5.251126856965054657e+00
5.425817948688688830e+00
5.592196373886459071e+00
5.761732908847054802e+00
5.932158023013318626e+00
6.108193025933349674e+00
6.277043625118874814e+00
6.442482345418838463e+00
6.597737698919445393e+00
