2.793348089982080396e+01
2.793348089982080396e+01
2.762196064963204734e+01
2.762196064963204734e+01
2.739495045970218712e+01
2.739495045970218712e+01
2.719844497789705429e+01
2.719844497789705429e+01
2.704492207056412312e+01
2.704492207056412312e+01
2.684257699521111462e+01
2.684257699521111462e+01
2.669295621543118102e+01
2.669295621543118102e+01
2.651606321141996858e+01
2.645954999081036974e+01
2.640759473665141144e+01
2.634519115150732915e+01
2.628978953452855549e+01
2.621508771384587888e+01
2.620761965732703302e+01
2.623524872333862135e+01
2.627627431791691492e+01
2.634264648207760828e+01
2.642597774018261347e+01
2.646696581990503461e+01
2.629904144386761189e+01
2.631977246745354648e+01
2.633279511704690634e+01
2.634195949305973983e+01
2.635072145176926384e+01
2.634407838696141368e+01
2.624616806467014030e+01
2.604319356775550531e+01
2.581810882060150192e+01
2.551118623091278081e+01
2.528836502141696840e+01
2.506609046655834305e+01
2.476569423324504271e+01
2.452593738742123719e+01
2.438102071610526878e+01
2.416843787246044073e+01
2.389921996154097172e+01
2.368342005866950828e+01
2.345174735950251588e+01
2.319550481111402718e+01
2.292133957259764188e+01
2.272444985843115717e+01
2.254939735141596913e+01
2.233774707584111496e+01
2.214689142519156917e+01
2.195398827372601147e+01
2.176881802179436676e+01
2.160896961115998494e+01
2.143397217879618921e+01
2.124522520592180896e+01
2.108334340340198310e+01
2.089595957057349551e+01
2.081457046842674785e+01
2.063781347778959940e+01
2.056474222005101282e+01
2.048087628809427585e+01
2.036022854205016941e+01
2.023730734179761725e+01
2.010749421759559397e+01
2.001868960303151113e+01
1.987547646495944775e+01
1.978873196702610571e+01
1.966359263891552445e+01
1.954624237513432661e+01
1.950797985819220415e+01
1.942915713911164133e+01
1.923839856009564997e+01
1.901340625505149262e+01
1.887763880860712717e+01
1.862412485544288288e+01
1.841875379276804381e+01
1.844047666962823939e+01
1.827568299160815357e+01
1.806464625479365083e+01
1.797952114969871218e+01
1.778309374137366561e+01
1.762034211035650699e+01
1.740415091113741042e+01
1.728666846384642142e+01
1.709326259760599598e+01
1.687411156414338365e+01
1.667432748501107653e+01
1.654240264190660525e+01
1.633232318091058133e+01
1.612555717561149393e+01
1.590070753596430109e+01
1.573498854203839414e+01
1.550397130755012931e+01
1.527918198338683808e+01
1.505614443807988145e+01
1.484949669535342487e+01
1.462920184005257696e+01
1.440847704175929067e+01
1.418935741368945003e+01
1.393732508847285168e+01
1.366636706272901414e+01
1.342734384582190010e+01
1.318032687274872750e+01
1.292738641720035098e+01
1.267180785018699574e+01
1.242295608676974794e+01
1.215676659019628403e+01
1.187868194062064120e+01
1.162398529679678916e+01
1.134251290084112895e+01
1.107962035771469544e+01
1.081323658676876853e+01
1.055014961838021392e+01
1.029307496599541238e+01
1.002920965125957764e+01
9.765022287811868651e+00
9.512500598325312140e+00
9.268398042439690343e+00
9.037388650182091254e+00
8.811455383073193204e+00
8.590735855963737677e+00
8.380262766620120374e+00
8.177289499029090081e+00
7.983897473076877915e+00
7.799457325367333382e+00
7.626560108312457231e+00
7.470794783642151771e+00
7.316712920290150635e+00
7.166570888297481901e+00
7.022673122381135613e+00
6.900438633443112479e+00
6.760150993102758576e+00
6.659019302347008562e+00
6.569399141195255254e+00
6.477201099646563875e+00
6.396520648170039181e+00
6.295544306629789588e+00
6.220027571424676438e+00
6.142847852112581108e+00
6.082522583257180315e+00
6.024456578964301201e+00
5.943821408654997640e+00
5.903552343433648986e+00
5.845840981952850512e+00
5.803300036177805765e+00
5.764933415250059312e+00
5.740958381952690814e+00
5.700641866706323668e+00
5.685335294351830271e+00
5.657250522090798484e+00
5.642469501445713576e+00
5.628721485277811354e+00
5.618530127541603747e+00
5.610114404430067481e+00
5.592918695731874834e+00
5.575481756172649739e+00
5.561119828412394384e+00
5.542736024044522480e+00
5.537151859497363660e+00
5.520270074573950581e+00
5.483273599095831230e+00
5.441191312537508651e+00
5.392660472634737800e+00
5.354138414891437492e+00
5.309733654197842156e+00
5.274354954969737719e+00
5.202476833294820580e+00
5.144533124089818443e+00
5.083326947864375001e+00
5.037046513216090204e+00
4.991455936058059706e+00
4.946218806070305618e+00
4.915348741128884313e+00
4.881872542602501142e+00
4.847557725362257486e+00
4.825994738883238711e+00
4.804847861472609338e+00
4.790093718992139316e+00
4.781726432944900296e+00
4.774103592142971308e+00
4.769944096988794513e+00
4.763395700861323689e+00
4.753609322444351193e+00
4.745268240447657604e+00
4.734427999873300763e+00
4.720627483500276611e+00
4.706373537504727977e+00
4.690377530970142317e+00
4.671552766330577811e+00
4.652485673671378663e+00
4.631761080348528736e+00
4.608978832356733335e+00
4.585111129794480433e+00
4.562273210219700559e+00
4.535841470503026329e+00
4.507937538925119725e+00
4.478662250960717017e+00
4.449156832550041685e+00
4.415557319807927428e+00
4.384148141722928216e+00
4.351042411799998177e+00
4.318752735257245234e+00
4.285275688723981347e+00
4.251285963086580466e+00
4.215364025836915829e+00
4.179522841609447426e+00
4.144182179021996149e+00
4.109662922584572442e+00
4.073423674463867883e+00
4.038809738428980722e+00
4.003049198593409130e+00
3.968954007547633722e+00
3.933753104467616168e+00
3.899865713636796016e+00
3.864864835504977947e+00
3.828408662027744214e+00
3.793281556334573423e+00
3.759094529005167828e+00
3.723042041504175614e+00
3.684242212155108831e+00
3.645222988643293860e+00
3.603231941245887526e+00
3.560187591355454373e+00
3.517010124535509874e+00
3.471311951897170900e+00
3.421445791397704994e+00
3.364758825255272257e+00
3.316345967046125054e+00
3.264454741634970958e+00
3.206015134271449796e+00
3.147564135448288170e+00
3.083363079606712631e+00
3.021266152424399110e+00
2.958017074115637968e+00
2.887536945881610251e+00
2.816671385126451099e+00
2.739289312190145154e+00
2.673837768546331262e+00
2.611012963055980407e+00
2.547122133283096446e+00
2.489875123845440186e+00
2.438226860070926705e+00
2.397475933836194173e+00
2.369235345604916887e+00
2.333498873107650695e+00
2.307813277479144887e+00
2.285713995223510153e+00
2.277172679230343277e+00
2.265320282724271550e+00
2.257418178606467762e+00
2.266336588024010723e+00
2.267881612042394579e+00
2.254906831599424066e+00
2.233103126105426384e+00
2.223666156280664552e+00
2.195064334286705332e+00
2.156690848537877514e+00
2.118317122700396737e+00
2.073628604611329251e+00
2.032833029454007345e+00
2.007870167976779641e+00
1.978115934120918240e+00
1.936097728127528228e+00
1.882473376664286491e+00
1.837176591420668359e+00
1.828016567866942665e+00
1.812244068662462126e+00
1.805256058738887504e+00
1.803869157126626988e+00
1.787483736844343696e+00
1.779382120899214215e+00
1.772503753012916405e+00
1.755366780218057698e+00
1.740232676276171730e+00
1.725200744048692059e+00
1.713060896289444912e+00
1.685352345011562392e+00
1.676237354985133265e+00
1.672268912741891711e+00
1.669854025313995294e+00
1.681410901875032948e+00
1.680382156211340572e+00
1.711321222706565948e+00
1.730653312340084682e+00
1.741178651468008098e+00
1.774622959967185665e+00
1.798246932166236434e+00
1.832206576806743925e+00
1.872490144129862699e+00
1.987028514119074885e+00
2.150512561623454388e+00
2.315481752081950617e+00
2.496158216746252378e+00
2.672741528597210703e+00
2.849270731969355097e+00
3.028561613502205319e+00
3.202754128620085794e+00
3.383284342958006619e+00
3.575627420094502185e+00
3.768587178401325843e+00
3.957624246667112544e+00
4.148067727913758773e+00
4.330026080592798365e+00
4.513920853721305804e+00
4.695068840788202635e+00
4.879117460256612304e+00
5.054404920699326453e+00
5.239440805959432623e+00
5.415725753084871030e+00
5.588854532537599340e+00
5.764333410608301733e+00
5.931557743481327805e+00
6.113788948630379139e+00
6.284955605395474265e+00
6.454508934945618392e+00
6.623241174609066917e+00
6.780119100346826855e+00
