2.766819754798164865e+01
2.766819754798164865e+01
2.735900772198250408e+01
2.735900772198250408e+01
2.707763256498121152e+01
2.707763256498121152e+01
2.684706882153926344e+01
2.684706882153926344e+01
2.665087077387227055e+01
2.665087077387227055e+01
2.646237180590622273e+01
2.646237180590622273e+01
2.630426131708984627e+01
2.630426131708984627e+01
2.612964282014808504e+01
2.607708892078778007e+01
2.599577862426694708e+01
2.593490722984873642e+01
2.582718635460733125e+01
2.592463616463659193e+01
2.591548081694427097e+01
2.591967729017137145e+01
2.599596807274163979e+01
2.604445832575714448e+01
2.605984196829384558e+01
2.609143883849316481e+01
2.603807980627872709e+01
2.611319319434949904e+01
2.613588968829946069e+01
2.613426974846062834e+01
2.614704628016785648e+01
2.613548805252118967e+01
2.606895472024772076e+01
2.587669987636400748e+01
2.561002305856569805e+01
2.541268633594408399e+01
2.527939585318748428e+01
2.508040391075273234e+01
2.485781171706619830e+01
2.465747225794605413e+01
2.446215612992204669e+01
2.414452159037874779e+01
2.394539073627150572e+01
2.374388264735129894e+01
2.353428326613461508e+01
2.334158542221464572e+01
2.317619915658353946e+01
2.302338102527421881e+01
2.286691463000659041e+01
2.269410586771053673e+01
2.249920240583685072e+01
2.231947241785462310e+01
2.217656753743407450e+01
2.197877642098147533e+01
2.179149999477223432e+01
2.161787154699954527e+01
2.147970977261824288e+01
2.131174784342417539e+01
2.121129884755444550e+01
2.107093231044608928e+01
2.093174163870191151e+01
2.080792378893620409e+01
2.063965890312199747e+01
2.056286747583092733e+01
2.039522254833819659e+01
2.018686031434578254e+01
2.002790519974093897e+01
2.020702652857802661e+01
2.011334325652623889e+01
1.996129510447380540e+01
1.983292697398795923e+01
1.971131993451947295e+01
1.959594653854248136e+01
1.942943057276587027e+01
1.928939499484263465e+01
1.913936283194808397e+01
1.899195406317629420e+01
1.884170861860203772e+01
1.867704240005189575e+01
1.851716787878694248e+01
1.837664626195629580e+01
1.824274771028024844e+01
1.806635767007403359e+01
1.792566423045410673e+01
1.776046336141707016e+01
1.759231813054339710e+01
1.742322670055623846e+01
1.720525349976512075e+01
1.703246698032372564e+01
1.684837768798169222e+01
1.665247649643715988e+01
1.639436139129484360e+01
1.617939957898731507e+01
1.594697926435153690e+01
1.573173330738343800e+01
1.549669379106857825e+01
1.525765324981819937e+01
1.503004864740390722e+01
1.479518916064363587e+01
1.456419045177211125e+01
1.432490717710540729e+01
1.408855046687398804e+01
1.385162820617420998e+01
1.360190431276581258e+01
1.331936177944290911e+01
1.306907797783143366e+01
1.281690949067180085e+01
1.253780806769829681e+01
1.227385536583527603e+01
1.200279420493345128e+01
1.171461309111175098e+01
1.144309083567628704e+01
1.116586044123918775e+01
1.088757967004366556e+01
1.061649778537566391e+01
1.034140835031661787e+01
1.006918666177695698e+01
9.810168841726017774e+00
9.563298220979952191e+00
9.323411225706527361e+00
9.089909061888933550e+00
8.861962637601141779e+00
8.643410936445203419e+00
8.433691647852899820e+00
8.233561832913824929e+00
8.045401078944660611e+00
7.863205031275079193e+00
7.688281069864018491e+00
7.518453733472357570e+00
7.351202294642272150e+00
7.211555985922682765e+00
7.085535485910117615e+00
6.959786430550199299e+00
6.852289280543143235e+00
6.748599092589984139e+00
6.653464140141579719e+00
6.563315416788370271e+00
6.465642801600825607e+00
6.380902284582461448e+00
6.302995882087799373e+00
6.222213007883510727e+00
6.147267731353487363e+00
6.082334997405617116e+00
6.038204556081751662e+00
5.993308089936565608e+00
5.950819091069583067e+00
5.894099547345778234e+00
5.855828040352779595e+00
5.822801979845827702e+00
5.793295772742173000e+00
5.770993437347740951e+00
5.749392908065306784e+00
5.733289379764752169e+00
5.726791479410223928e+00
5.717519794434043234e+00
5.712869813321695744e+00
5.695481543172796535e+00
5.671927640128888726e+00
5.669117310369951923e+00
5.643471104549629302e+00
5.621367587309425318e+00
5.599102717763706494e+00
5.555904528264203890e+00
5.520501233451462042e+00
5.474906851063384039e+00
5.436650274844907926e+00
5.375701974941744510e+00
5.317531782134629736e+00
5.257227709677280814e+00
5.190905301535782002e+00
5.140247064293919976e+00
5.087141892818657141e+00
5.035156629093371805e+00
4.993718751004131207e+00
4.958141858920065204e+00
4.929450342140736296e+00
4.909223530884375464e+00
4.887259179276430388e+00
4.873108067194106496e+00
4.863774359621761079e+00
4.858907072875421562e+00
4.851965622516033250e+00
4.843322444199394283e+00
4.835393421821486015e+00
4.824685581207997842e+00
4.812924736809019777e+00
4.799480968834210159e+00
4.781194865758653378e+00
4.763860281995597745e+00
4.744992518812665594e+00
4.725239714785057998e+00
4.701520579786297560e+00
4.678831227018143579e+00
4.654080036953978095e+00
4.625617531070876254e+00
4.596486253628270902e+00
4.567480477861654009e+00
4.535691263611919766e+00
4.501226281155144449e+00
4.467445174009526454e+00
4.433084317495502802e+00
4.398826263111455859e+00
4.363365902497442050e+00
4.325694593912349006e+00
4.288916869221463202e+00
4.250894579265711570e+00
4.212216983503381584e+00
4.173426967907939655e+00
4.136377670789652683e+00
4.099417320262055853e+00
4.061150540438582368e+00
4.017867475402262301e+00
3.979100966622244329e+00
3.941637948923801815e+00
3.904005484198869169e+00
3.862546720597144656e+00
3.821735299654207552e+00
3.781159434834165722e+00
3.735687487162451248e+00
3.695606014573254328e+00
3.650161687512703423e+00
3.603535312030821558e+00
3.560284899226051181e+00
3.502084116417965021e+00
3.452680420717062049e+00
3.402399926525031759e+00
3.348808692535140352e+00
3.298531504002163217e+00
3.240797291048000517e+00
3.183720130187580821e+00
3.125068200932290097e+00
3.059650668988556532e+00
2.989900323571106355e+00
2.921537228442119272e+00
2.840664195584338358e+00
2.764783072010750686e+00
2.688548230932685357e+00
2.603326202063740880e+00
2.532153279307852500e+00
2.455707247369158353e+00
2.403597819227922372e+00
2.336686370562269133e+00
2.285782758059198727e+00
2.238821988275567776e+00
2.207433976649198826e+00
2.172923559295842466e+00
2.145337313352023045e+00
2.123956967355979941e+00
2.114517605899781216e+00
2.106663345724658853e+00
2.100294970883130219e+00
2.110697911606148836e+00
2.094946900254988975e+00
2.088749682759903692e+00
2.050815084127080468e+00
2.045305248914822016e+00
2.014337692262056834e+00
1.969178279570563461e+00
1.926574190096424388e+00
1.909573267345223258e+00
1.868434247784669822e+00
1.820751891880174611e+00
1.763796656242973881e+00
1.717228692380206923e+00
1.678979387425187042e+00
1.625578447934579174e+00
1.600848513594645084e+00
1.576195179249026523e+00
1.554097912953068317e+00
1.552836295761895968e+00
1.550544753587487889e+00
1.531813823721623891e+00
1.520806418583024566e+00
1.494942682731391415e+00
1.465157059534362816e+00
1.438802431651510005e+00
1.407803492686866775e+00
1.382092032029397899e+00
1.352338580360004983e+00
1.342134395943972436e+00
1.332534613576875415e+00
1.319143396759780984e+00
1.322726151278335038e+00
1.323360888294210724e+00
1.336208194634078694e+00
1.344365382925715835e+00
1.356822897069381639e+00
1.373605109770565491e+00
1.388454563773613870e+00
1.431045027126192082e+00
1.534505880638850073e+00
1.691018153760747822e+00
1.851177096000149902e+00
2.019441862926299791e+00
2.190448634750019608e+00
2.369612807959743606e+00
2.544961238248816926e+00
2.717700970031710739e+00
2.891352257825886340e+00
3.078236967981858641e+00
3.261997524474271160e+00
3.440953943096829448e+00
3.623766483473044531e+00
3.802527603920957233e+00
3.979004721426424140e+00
4.153416657920406152e+00
4.324748526202053966e+00
4.496433197927355963e+00
4.680549369779143376e+00
4.847792831567034000e+00
5.015473273189627434e+00
5.181573112432317885e+00
5.347675256499844210e+00
5.511357925298387528e+00
5.680916856334878418e+00
5.842957191446551235e+00
6.006466441296577585e+00
6.156299913351890751e+00
