2.792128554511874228e+01
2.792128554511874228e+01
2.766166008855159575e+01
2.766166008855159575e+01
2.743025194289524293e+01
2.743025194289524293e+01
2.720979496906789308e+01
2.720979496906789308e+01
2.703826182464021244e+01
2.703826182464021244e+01
2.681547919130445123e+01
2.681547919130445123e+01
2.664310768364887139e+01
2.664310768364887139e+01
2.648888411970828471e+01
2.640937239918501334e+01
2.632255947624316050e+01
2.625410672696927605e+01
2.631872570577211690e+01
2.627889356622474892e+01
2.626028437045377473e+01
2.627238473285486364e+01
2.632654752121911912e+01
2.639067122984270597e+01
2.643056590698131458e+01
2.650596487638962984e+01
2.661147335715507722e+01
2.630409921873229706e+01
2.634167627744608708e+01
2.634824421053199472e+01
2.634569540525179221e+01
2.638401183451212262e+01
2.634316472380112373e+01
2.615708076862103582e+01
2.591227308056280876e+01
2.562354089627845610e+01
2.533644586214454364e+01
2.510026742344075501e+01
2.483972897958897263e+01
2.458960880524499615e+01
2.438863425562357179e+01
2.409679230099947844e+01
2.389170247052543061e+01
2.369879210535445679e+01
2.346982649742002280e+01
2.327555064481218494e+01
2.304958322899396350e+01
2.279694407438482529e+01
2.252896921548996545e+01
2.235292155263800495e+01
2.214182926999701095e+01
2.215530796173762695e+01
2.197117971185788221e+01
2.179888627569501125e+01
2.160456498158136895e+01
2.139956998572472813e+01
2.122361414067721341e+01
2.108289104660480717e+01
2.090817788739437333e+01
2.076887270275705788e+01
2.084553049768813437e+01
2.070118005605270994e+01
2.049311945416679848e+01
2.041944189721034419e+01
2.019977225836709778e+01
2.015858386294759441e+01
2.012449866313293256e+01
1.994256068988951824e+01
1.988924486921524704e+01
1.989614328067300164e+01
1.975537061026176033e+01
1.940157680081074076e+01
1.923840206265626307e+01
1.910759123916296787e+01
1.907190507783526812e+01
1.896089851424385131e+01
1.879951432185604077e+01
1.865508450806819951e+01
1.852959130667985832e+01
1.824126246899656323e+01
1.822081520594543491e+01
1.805853027975014768e+01
1.786640280400697733e+01
1.766633985627100500e+01
1.745967126123573365e+01
1.732958808966229824e+01
1.713168464398979651e+01
1.692091778461427509e+01
1.668282349478785420e+01
1.651245755691650174e+01
1.626798889110795443e+01
1.601750593162193326e+01
1.579458172848588227e+01
1.564869121758754922e+01
1.539492891540410646e+01
1.513898438491882104e+01
1.487150769474734879e+01
1.476682400745561807e+01
1.449945766109135015e+01
1.425671958792526262e+01
1.401489199518044160e+01
1.378658823053675064e+01
1.357077655184355969e+01
1.331736867882410991e+01
1.305935898300421627e+01
1.280506088133348008e+01
1.254995869142404530e+01
1.228589014940567914e+01
1.201736123834722569e+01
1.175283614118346520e+01
1.148004070433167279e+01
1.121047064398650583e+01
1.093166422810301341e+01
1.066938910060412482e+01
1.040162965245981219e+01
1.013118060595230396e+01
9.864298623801987631e+00
9.607999248066859010e+00
9.364725846735591830e+00
9.129432671374278385e+00
8.902942792324903820e+00
8.685276606435950342e+00
8.469263572213638014e+00
8.266220046256899323e+00
8.062718611640418587e+00
7.876246983580145411e+00
7.706067212379037912e+00
7.527263435718188234e+00
7.361637194510407767e+00
7.205733512601554480e+00
7.063455602205607420e+00
6.941083205638985731e+00
6.829341620236395016e+00
6.726919905262029431e+00
6.613448603404251003e+00
6.520568419292072093e+00
6.435489172332815144e+00
6.354195272228469804e+00
6.271090103776440827e+00
6.198590111761706822e+00
6.125173559215543406e+00
6.067026015880841783e+00
6.002727985094491459e+00
5.935735551027491397e+00
5.897744532303324405e+00
5.846290808143375983e+00
5.797129246725145180e+00
5.766420594929122956e+00
5.732703090747779839e+00
5.710739181448463597e+00
5.684581583646089342e+00
5.659619220862488476e+00
5.645333980672621266e+00
5.627003428689928199e+00
5.615536072629030429e+00
5.607517476496710174e+00
5.614488233285502616e+00
5.585521043282472675e+00
5.572011237806695050e+00
5.541656139089759847e+00
5.526652647728671042e+00
5.503960363921294174e+00
5.451759380276463673e+00
5.422054687821002972e+00
5.388169280375173287e+00
5.346988119661080674e+00
5.287715138431522632e+00
5.226758477205294184e+00
5.171718704199154359e+00
5.114131565342560748e+00
5.051407587060005255e+00
5.000120801269510196e+00
4.951813606004225932e+00
4.913983589368044136e+00
4.874041683502849054e+00
4.845502019068991473e+00
4.828433332621919760e+00
4.805682031820165179e+00
4.790427235377084259e+00
4.781303423752500947e+00
4.777859730693901241e+00
4.770814371218740746e+00
4.761708795828994312e+00
4.753143300442474128e+00
4.742759577791037628e+00
4.733861772008740587e+00
4.719614253768838807e+00
4.705792221315132196e+00
4.688210419944009999e+00
4.670251170805670426e+00
4.650927122139489001e+00
4.629057714805199453e+00
4.604048051410533304e+00
4.580164950382453526e+00
4.554344153364169756e+00
4.526302599080882061e+00
4.496591737166308889e+00
4.466762696422605927e+00
4.434730494275516577e+00
4.401658732133203245e+00
4.374278869637990397e+00
4.338991382943053310e+00
4.304193824167338533e+00
4.269449953640069850e+00
4.232865740558931833e+00
4.198743939084792487e+00
4.163441177836908480e+00
4.127152949144296201e+00
4.090284183498980042e+00
4.054331288569290592e+00
4.016869907083719937e+00
3.980418635798855576e+00
3.945436247884902770e+00
3.908049122591744862e+00
3.873211082219409462e+00
3.838169178664593062e+00
3.800928475706054854e+00
3.764967851087401840e+00
3.718515243269777670e+00
3.680755970480451111e+00
3.643782594679134235e+00
3.604181083391413409e+00
3.566697200220858122e+00
3.521418124745611777e+00
3.475894425209069993e+00
3.413263087103807436e+00
3.362114836043193833e+00
3.309488921745426637e+00
3.259616524640247093e+00
3.202997381454459003e+00
3.145348365061654050e+00
3.078034020427640627e+00
3.014620422530427390e+00
2.946216219950311910e+00
2.878076926816181214e+00
2.806871201757278556e+00
2.731945217825348493e+00
2.655600400324527044e+00
2.587208060361991357e+00
2.519282387164359704e+00
2.453675395815917426e+00
2.399406078000659193e+00
2.356666171209667482e+00
2.319640978992865143e+00
2.280912943787679836e+00
2.253164477610908989e+00
2.227596544365809450e+00
2.209537430249081780e+00
2.193178045967187018e+00
2.181132320490380749e+00
2.171650138683496323e+00
2.173729330657415915e+00
2.162470648197086120e+00
2.157996861012335899e+00
2.146018987680431422e+00
2.132756823566346327e+00
2.102992903338961383e+00
2.068940501851749048e+00
2.035906161050167640e+00
1.991643308015230929e+00
1.941494178624346034e+00
1.898565927872422066e+00
1.855704985057528233e+00
1.823394231714758007e+00
1.793365407296001024e+00
1.757405218958002280e+00
1.730350218359202330e+00
1.705522386947251334e+00
1.691153540306121528e+00
1.664981767595087092e+00
1.673104127877312663e+00
1.658501872051331816e+00
1.657504378064956541e+00
1.636323391359752577e+00
1.618872530046580493e+00
1.614213465876495945e+00
1.586991888088604696e+00
1.572581581910583282e+00
1.548045557357298208e+00
1.542727718203153131e+00
1.534556551873688335e+00
1.540811712694154068e+00
1.562869169903912336e+00
1.571484730119241391e+00
1.586537376585425818e+00
1.605578815368893686e+00
1.621947388284084468e+00
1.634554625534100580e+00
1.669796755018715828e+00
1.710200144167799863e+00
1.817400392512691809e+00
1.973054071407652543e+00
2.135933657313938028e+00
2.300954444062185189e+00
2.496358283081782758e+00
2.669035910241515097e+00
2.840545823702029793e+00
3.012886122843266179e+00
3.190521266016180135e+00
3.357891033744625275e+00
3.546982713259854592e+00
3.730659844437070660e+00
3.906139316777121451e+00
4.082065870433673638e+00
4.253678960821016375e+00
4.432540408890371708e+00
4.604576820727626085e+00
4.776864860168046789e+00
4.946876941767573754e+00
5.115416155459968195e+00
5.286288686479640120e+00
5.451318479003354867e+00
5.616744010071414550e+00
5.794701432269185659e+00
5.958042201566669860e+00
6.122443195655069559e+00
6.285546394461199782e+00
6.436476677534713531e+00
