1.004845419401456041e+01
1.004845419401456041e+01
9.666411796631352971e+00
9.487991810153074468e+00
9.487991810153074468e+00
9.132696990220848576e+00
9.132696990220848576e+00
8.764409689759775191e+00
8.764409689759775191e+00
8.412757897449557376e+00
8.412757897449557376e+00
8.109232109992055015e+00
8.109232109992055015e+00
7.795335612860902152e+00
7.641385910821384186e+00
7.457362558887591142e+00
7.276285414420474496e+00
7.124407763901752233e+00
6.687015412329768260e+00
6.465656988582740183e+00
6.274205758179196124e+00
6.011434721810163140e+00
5.773116347636488399e+00
5.512591947622288657e+00
5.156522461302383675e+00
4.861985506392823453e+00
4.393116918033319607e+00
4.097866549453251572e+00
3.839342098061388597e+00
3.547827668999912198e+00
3.235233304280813904e+00
2.933411388791947516e+00
2.679911645422846433e+00
2.465899745078695915e+00
2.343388957092875202e+00
2.265649060107649326e+00
2.119154690162929455e+00
1.982889672584093432e+00
1.824518027422179500e+00
1.667624356948217645e+00
1.476127665900209607e+00
1.291145346620934831e+00
1.110017797415253860e+00
9.115862133999890204e-01
7.431375949377487800e-01
5.522283745086307150e-01
4.103556513822645968e-01
2.277434580910462358e-01
5.546690445570057193e-02
-6.735146926690305236e-02
-1.973154903027065643e-01
-3.124256584724030006e-01
-4.311720562937209067e-01
-5.340085479410250358e-01
-6.136287454779507655e-01
-6.855500636261675496e-01
-7.441807833147011664e-01
-7.959566500366799247e-01
-8.150279326389515688e-01
-8.518743925160370267e-01
-8.521323591306293466e-01
-8.512464421515195667e-01
-8.258718579324266784e-01
-8.140343654543888974e-01
-7.729715632076006315e-01
-8.194266608045515099e-01
-8.606502331321799204e-01
-8.709489243209551645e-01
-8.854502555723451351e-01
-8.732672899563640456e-01
-9.631666434073453686e-01
-1.240764657772854385e+00
-1.287036903630049522e+00
-1.391608694385388034e+00
-1.556080313901462731e+00
-1.697899373338839446e+00
-1.765788691655616915e+00
-1.905165746632143886e+00
-2.052851309471769525e+00
-2.097995148137166588e+00
-2.240804499765687297e+00
-2.387813318122942619e+00
-2.428729362949154869e+00
-2.567220819573446278e+00
-2.813954164146122316e+00
-2.917832213449220724e+00
-2.888992311947068181e+00
-2.984073084700683332e+00
-3.073180612558359392e+00
-3.177167867025714187e+00
-3.200469063901066669e+00
-3.272626102552045779e+00
-3.345034007548860266e+00
-3.412362639373688111e+00
-3.440628318600301938e+00
-3.506133060140328439e+00
-3.569240625719929838e+00
-3.626146661169271646e+00
-3.668639715428679615e+00
-3.725637609102077974e+00
-3.784785677464109988e+00
-3.833610835738595846e+00
-3.887861734122950885e+00
-3.934531167762481907e+00
-3.984274876337463134e+00
-4.032228497847750504e+00
-4.065621112545096061e+00
-4.102873024378768996e+00
-4.131274843181675926e+00
-4.141070853529994267e+00
-4.141030522067969954e+00
-4.107515487114274499e+00
-4.056348825384391787e+00
-3.975514779832831636e+00
-3.904390339737302540e+00
-3.869139902724347380e+00
-3.825460250761095971e+00
-3.761798421367003264e+00
-3.680809339154205162e+00
-3.612249106793576026e+00
-3.537062720091588730e+00
-3.465934144451236598e+00
-3.393788912387965873e+00
-3.325793693366017045e+00
-3.257489372947405926e+00
-3.183878521093471470e+00
-3.117208912826024303e+00
-3.052605998813930022e+00
-2.987760613047223401e+00
-2.925429576716587654e+00
-2.860694482898837876e+00
-2.782205025598067039e+00
-2.686247249827192540e+00
-2.625314639094989744e+00
-2.548001886888693335e+00
-2.492997453813463160e+00
-2.429067889832777105e+00
-2.377600778988176344e+00
-2.332096527768539040e+00
-2.283443855706747350e+00
-2.255659280207969353e+00
-2.196611239547545225e+00
-2.159594865870037239e+00
-2.118236157690770227e+00
-2.083813310029764665e+00
-2.062264412847331307e+00
-2.039196280831850672e+00
-2.019982425155798289e+00
-2.012979332804658128e+00
-1.998325892428561623e+00
-1.995756271079555333e+00
-1.975779791726103518e+00
-1.958487705742307128e+00
-1.953800957299468344e+00
-1.963006498371253628e+00
-1.950773543188167203e+00
-1.966136727312874477e+00
-1.953146696104412605e+00
-1.948402323793434476e+00
-1.930008816603033139e+00
-1.936554468862881073e+00
-1.925653379925840625e+00
-1.901891421011049133e+00
-1.865108005620472298e+00
-1.849820870434544240e+00
-1.818422042114637982e+00
-1.793913036746009659e+00
-1.785043170970025628e+00
-1.759241843005786343e+00
-1.727940264558389671e+00
-1.696476637010872146e+00
-1.674706548098504832e+00
-1.646597708605876065e+00
-1.622171620607145037e+00
-1.603967122420047353e+00
-1.580148265555280318e+00
-1.570549091918643114e+00
-1.559988281661914833e+00
-1.549119690183241360e+00
-1.543218121930378217e+00
-1.540373485613962146e+00
-1.535121896753194548e+00
-1.528817119244549438e+00
-1.519832731706921791e+00
-1.513657153674706990e+00
-1.505738944439284133e+00
-1.497916617910762582e+00
-1.486502494462743407e+00
-1.473446065680698247e+00
-1.457713735024432467e+00
-1.441993600932622854e+00
-1.423431564557017914e+00
-1.406402272396264586e+00
-1.383988725778965367e+00
-1.359657300253299006e+00
-1.333822363056913929e+00
-1.307304111524564050e+00
-1.276819099116934808e+00
-1.247991422370135162e+00
-1.213089177063081614e+00
-1.179614743774783037e+00
-1.136316942440950051e+00
-1.097373027222448449e+00
-1.056439085194227800e+00
-1.009823752510969008e+00
-9.631865860618402664e-01
-9.148020752895087426e-01
-8.643390734073390647e-01
-8.102460300743796751e-01
-7.552565769053432021e-01
-6.969505232086481428e-01
-6.391179732513920797e-01
-5.775180994427202563e-01
-5.141260870170558661e-01
-4.500839801760245784e-01
-3.830305079926432654e-01
-3.148559208852694802e-01
-2.441716254910741846e-01
-1.670306244097998771e-01
-8.632675500003150759e-02
-6.922408764791221358e-03
7.544319001160770810e-02
1.513659773832687350e-01
2.306167382314088243e-01
3.175930535696567247e-01
4.069360132034520738e-01
4.973159808356899525e-01
5.883792888060299653e-01
6.808502375909202264e-01
7.743091832209461067e-01
8.721773249218367496e-01
9.703148124924290130e-01
1.067721097353800719e+00
1.166010583469522466e+00
1.263409406081484221e+00
1.365310522528566217e+00
1.464833405166885871e+00
1.557503659895182579e+00
1.644789296696859360e+00
1.731092013677498542e+00
1.815902042959075313e+00
1.878892649693500339e+00
1.941232225683635626e+00
1.994528672819753767e+00
2.040126447107592611e+00
2.072867125813521838e+00
2.111296844102102721e+00
2.138026406630754384e+00
2.168765313342079004e+00
2.173261548567083423e+00
2.208074008937046973e+00
2.230273416483603555e+00
2.238414650005687623e+00
2.240865804376316550e+00
2.245343104991541772e+00
2.276179376140397004e+00
2.310312841217671220e+00
2.352170800019953489e+00
2.413682052111614240e+00
2.462414287605398933e+00
2.511514986562367824e+00
2.544893968279326124e+00
2.602292867186307923e+00
2.670446746807236593e+00
2.764818049953784218e+00
2.855471071978087583e+00
2.970529892565581420e+00
3.081595513484956861e+00
3.193774568757024035e+00
3.347340398241837711e+00
3.483734192712280020e+00
3.622160222449557043e+00
3.786500773224411809e+00
3.944959699612713422e+00
4.122110663821877630e+00
4.295288049654183204e+00
4.463565947932696787e+00
4.621693378135186769e+00
4.805619075280928243e+00
4.999346681752543375e+00
5.198086860639841156e+00
5.419275062254207853e+00
5.634349492552058081e+00
5.841075388012711755e+00
6.033918925232538477e+00
6.270723375867247817e+00
6.503760067348068219e+00
6.748008535582938450e+00
6.999459562563645321e+00
7.257530179923521452e+00
7.476950553734250882e+00
7.696076821971312931e+00
7.903569749708349690e+00
8.106142006665750799e+00
8.294700327762821956e+00
8.488044359053137811e+00
8.663447599831414436e+00
8.853471620640126716e+00
9.048718855488264268e+00
9.232048778483942897e+00
9.418561384290196514e+00
9.600978254775135667e+00
9.788260709110607749e+00
9.969360890217279447e+00
1.014418020637906537e+01
1.031937391459507225e+01
1.049788311224564552e+01
1.067576202490442050e+01
1.085557586318048351e+01
1.103010884375570555e+01
1.120448711844070289e+01
1.136650525514313870e+01
1.153325760908115427e+01
1.169545791813898994e+01
1.185189289339584029e+01
1.201343169510506925e+01
1.217302954132479442e+01
1.232065133283949621e+01
