1.046513982524519371e+01
1.046513982524519371e+01
9.952032361782858771e+00
9.952032361782858771e+00
9.517109907262479851e+00
9.517109907262479851e+00
9.111294267591716789e+00
9.111294267591716789e+00
8.694817924748457827e+00
8.694817924748457827e+00
8.234083826178679288e+00
8.234083826178679288e+00
7.806592283281723610e+00
7.806592283281723610e+00
7.417832833000884918e+00
7.201493071458484607e+00
6.980659456807098096e+00
7.091032487191101019e+00
6.835269073146230667e+00
6.531857159292882464e+00
6.210756823899456158e+00
5.888575025790244943e+00
5.564009450681458802e+00
5.235437672788494368e+00
4.878946253642699737e+00
4.683762202586610357e+00
4.414046886918445267e+00
4.117311709929598607e+00
3.817878441118291555e+00
3.469101656478787099e+00
3.131889856617304346e+00
2.817803857649653132e+00
2.512313356003548215e+00
2.518956563721265418e+00
2.338805969950579211e+00
2.189918830341339273e+00
2.022421301311315922e+00
1.795727357476978092e+00
1.622330978501189236e+00
1.444149316684209872e+00
1.251028772076783646e+00
1.240686209425939879e+00
1.058076920405682131e+00
8.623285239395457324e-01
7.118934469714410795e-01
4.793546483206396758e-01
3.238744681472836007e-01
1.677365816647071739e-01
5.370590612146841636e-02
-6.034077849369268165e-02
-1.874764572007823205e-01
-3.224398697674812908e-01
-4.359293558617105546e-01
-5.534562478982740785e-01
-6.361824934783300023e-01
-7.125628672954888998e-01
-7.939461790699855470e-01
-8.254114383773192287e-01
-8.592229188222946235e-01
-8.784304358756056530e-01
-8.873283836324823426e-01
-8.687980297533073326e-01
-8.811825381007887259e-01
-8.860743574748202178e-01
-8.555935477335649963e-01
-8.741481054883761814e-01
-8.466599455284820053e-01
-1.024859016221903119e+00
-9.726151865159184950e-01
-9.557068482310082658e-01
-9.887933664647681198e-01
-1.616516476564797244e+00
-1.654400182571148292e+00
-1.779383088912975808e+00
-1.862588223832491785e+00
-1.969029324297008721e+00
-2.061807719366147928e+00
-2.170535843228085682e+00
-2.262654799339474998e+00
-2.365407295372968122e+00
-2.445509371006185262e+00
-2.529916978595275090e+00
-2.631009813252174645e+00
-2.722251255309649842e+00
-2.815142437862280467e+00
-2.930402577586386670e+00
-3.013266288302357765e+00
-3.114115427559140059e+00
-3.201793714756552944e+00
-3.265576783034911834e+00
-3.335160146996869912e+00
-3.391240001071628818e+00
-3.457373607873878818e+00
-3.544424535521217834e+00
-3.613467646027106461e+00
-3.674307831439348249e+00
-3.732306863144046361e+00
-3.783154409149106279e+00
-3.841394967867145738e+00
-3.901159817844293443e+00
-3.962240186719007795e+00
-4.015850336022393385e+00
-4.076233923290815575e+00
-4.123537046163113118e+00
-4.173578563804213992e+00
-4.230606580254987925e+00
-4.271694552283364033e+00
-4.311984015156658856e+00
-4.339389101892315637e+00
-4.342538268485511388e+00
-4.339088863714327893e+00
-4.311026013328991269e+00
-4.262598858483509723e+00
-4.182462701757280854e+00
-4.109320258568230244e+00
-4.075023538270853507e+00
-4.020805482098781525e+00
-3.952496101659646044e+00
-3.875798318029226586e+00
-3.800970401220376438e+00
-3.729724785054680858e+00
-3.652351034543386277e+00
-3.579217276322666841e+00
-3.508913706819888567e+00
-3.441341497100926183e+00
-3.367056400657282289e+00
-3.289175245397270686e+00
-3.223023402926696868e+00
-3.159218794128727303e+00
-3.096194130353815410e+00
-3.025206555602983904e+00
-2.926131638090219589e+00
-2.850886537740904281e+00
-2.797647226777223217e+00
-2.719786735112895926e+00
-2.656210468241257949e+00
-2.575559450300329623e+00
-2.519812758903653638e+00
-2.483063312506555320e+00
-2.423975255757230052e+00
-2.357913359003877218e+00
-2.303776030039835554e+00
-2.264425469693976289e+00
-2.228520322126191999e+00
-2.198624712588935104e+00
-2.182521918156205665e+00
-2.145235176116493392e+00
-2.132004613233490886e+00
-2.115975703624391357e+00
-2.106394697402143912e+00
-2.100164591722193386e+00
-2.095923274005697223e+00
-2.091906356484672713e+00
-2.080236771682484331e+00
-2.079862182805253923e+00
-2.069097904543832911e+00
-2.088215842162417069e+00
-2.049246370404101292e+00
-2.035349185579357290e+00
-2.056933377684308617e+00
-2.025998315193419330e+00
-2.022514013923842668e+00
-1.992618079762484840e+00
-2.004504595606750428e+00
-1.980843208968678049e+00
-1.955136658978060105e+00
-1.944825256713712314e+00
-1.920839354242026786e+00
-1.886910463583263642e+00
-1.855954282522103149e+00
-1.823906757367276477e+00
-1.798993478837038751e+00
-1.772346008245479609e+00
-1.742547253382723760e+00
-1.721311351686037661e+00
-1.700683680227171202e+00
-1.682970241570272307e+00
-1.670565802730759053e+00
-1.659124148168967139e+00
-1.652126132115314228e+00
-1.649780145209940763e+00
-1.644129345717879609e+00
-1.645407361799477108e+00
-1.637687441384980680e+00
-1.631469049540838157e+00
-1.621927804211662050e+00
-1.610494422160340555e+00
-1.600629477517085952e+00
-1.586657086700324903e+00
-1.570423536514293339e+00
-1.553995113681917672e+00
-1.535078888953204768e+00
-1.514552531631351506e+00
-1.491601419640117498e+00
-1.467481195051623111e+00
-1.441280283703578746e+00
-1.411684908825542983e+00
-1.379077188928337527e+00
-1.344456427518709418e+00
-1.312818943632265700e+00
-1.274860576994639949e+00
-1.234806143449548976e+00
-1.192700786559075965e+00
-1.150317124493445142e+00
-1.102591662621583701e+00
-1.054050715042895270e+00
-1.002997068778394230e+00
-9.487064761667509671e-01
-8.937692391415499316e-01
-8.362657600390832613e-01
-7.750367123791290780e-01
-7.125962074573282123e-01
-6.469101087453115184e-01
-5.808251948924452179e-01
-5.125846157378877166e-01
-4.439347140908864731e-01
-3.690617179506592294e-01
-2.961465967907690455e-01
-2.164229676426971949e-01
-1.373951917766556008e-01
-5.172590613768068835e-02
3.148080826794963372e-02
1.174583096209391719e-01
2.101394146048733980e-01
2.988853037868492990e-01
3.905592825842183480e-01
4.879317248210699454e-01
5.811793760395791431e-01
6.747430844519990423e-01
7.753648087756013219e-01
8.736850712559958154e-01
9.719555739435770114e-01
1.074831669080067886e+00
1.173226708975269261e+00
1.270656788193094577e+00
1.373243315155676214e+00
1.477485397545045487e+00
1.578633799597346066e+00
1.681236282440931706e+00
1.763906661637710371e+00
1.851078654083814445e+00
1.934272903764143514e+00
1.992695421589567584e+00
2.043369121498973318e+00
2.083574760370440426e+00
2.126698459994747381e+00
2.160131866000762457e+00
2.194690325718981594e+00
2.207890163898730052e+00
2.213892090073785734e+00
2.202923835442757383e+00
2.215151010704995649e+00
2.222456912215237335e+00
2.274047120449198101e+00
2.293114303549055766e+00
2.314835906822759970e+00
2.352113587117149685e+00
2.388250287304886310e+00
2.428981997138970783e+00
2.454360259333148164e+00
2.508907057406492225e+00
2.569302948724964786e+00
2.673306028314518024e+00
2.790155892582222297e+00
2.851168905418047572e+00
2.930077087297976224e+00
3.076140932218204949e+00
3.220602356372491037e+00
3.371452472929411304e+00
3.493969041507983597e+00
3.641988544220756907e+00
3.769735278002285028e+00
3.929208845679390549e+00
4.104086500091801426e+00
4.276306662807732195e+00
4.460423929139893495e+00
4.649321022206143184e+00
4.842624199090307613e+00
5.012377193611947668e+00
5.217240740769050866e+00
5.438721385091453975e+00
5.657223765938822702e+00
5.900153111815091833e+00
6.132712877802355855e+00
6.358883514434972462e+00
6.611344881516052041e+00
6.873347067893130102e+00
7.129566389700704221e+00
7.404447466740319506e+00
7.646762605902537757e+00
7.913422331721173819e+00
8.147318415043999451e+00
8.368372452098457259e+00
8.571827393446243448e+00
8.759143424834595848e+00
8.965058373785556256e+00
9.165644934555944090e+00
9.356922139367069846e+00
9.562554559071275051e+00
9.750586007673208044e+00
9.950647476973077943e+00
1.017259280828707801e+01
1.037304812499227680e+01
1.056234516613053387e+01
1.075404712708171573e+01
1.095036566991971938e+01
1.113341787041868614e+01
1.133052717325077197e+01
1.151834507772598393e+01
1.169704581677679300e+01
1.187765502793088324e+01
1.205689625266218101e+01
1.225200550784476761e+01
1.242596487147865503e+01
1.259617664382830782e+01
1.277115916165465848e+01
1.294179375316604208e+01
1.309751960403648496e+01
