1.015175801679355772e+01
1.015175801679355772e+01
9.746058466907804529e+00
9.746058466907804529e+00
9.353724791789792548e+00
9.353724791789792548e+00
8.955133400774775154e+00
8.955133400774775154e+00
8.573584161522507685e+00
8.573584161522507685e+00
8.215848681775934637e+00
8.215848681775934637e+00
7.907293811476526102e+00
7.907293811476526102e+00
7.597373280957174124e+00
7.435563604246259395e+00
7.272380585070347792e+00
7.102559933677101256e+00
6.831811236009984079e+00
6.591720599878073017e+00
6.377527072757501969e+00
6.079641873690569298e+00
5.770370118270498949e+00
5.511465362426858583e+00
5.325269657758115116e+00
5.056780157734105607e+00
4.749029239416898029e+00
4.402697793548239424e+00
4.138421973412419241e+00
3.840912894043016834e+00
3.532564966073461044e+00
3.259987930098281694e+00
2.990549872798030862e+00
2.737506918403068923e+00
2.562187392487636828e+00
2.377975619330181090e+00
2.308647917763551050e+00
2.133567827375363990e+00
1.966726272046360968e+00
1.789805306208120506e+00
1.604997446625434421e+00
1.383215566119975648e+00
1.158963782145399968e+00
1.032511977378953283e+00
8.344561516779478438e-01
6.391907531995073555e-01
4.377264683007924262e-01
2.213118062016672383e-01
7.143674157977208949e-02
-8.247941805160063922e-02
-2.343223779644079130e-01
-1.929460445539090685e-01
-3.188628080457185376e-01
-4.346842079876651610e-01
-5.318524037667256010e-01
-6.393348963854359468e-01
-7.270686895926559146e-01
-8.080633889539798886e-01
-8.661926532366344134e-01
-9.019450468033332058e-01
-9.239499949922125310e-01
-9.357189273163886156e-01
-9.300676435247519080e-01
-9.435961942658837032e-01
-9.527380913959921926e-01
-9.469738947855308453e-01
-9.323920887344003816e-01
-9.767233077859289736e-01
-1.007326282705587772e+00
-1.018433267195505643e+00
-1.057277196128078245e+00
-1.828598622077260316e+00
-1.870131655713517915e+00
-1.968712808441248185e+00
-2.074115580826616068e+00
-2.161506216067618169e+00
-2.317715878841251964e+00
-2.395500606251475872e+00
-2.494607498722416494e+00
-2.696300176829329764e+00
-2.820038217157988747e+00
-2.940238929380580402e+00
-3.064268858417277919e+00
-3.175616894979998328e+00
-3.308734207227792545e+00
-3.390863281172546095e+00
-3.532182644596019827e+00
-3.612768146047673490e+00
-3.671784646328293711e+00
-3.727490090456723415e+00
-3.833344554503401724e+00
-3.925202974430368030e+00
-3.977655114344658571e+00
-3.958108750203231274e+00
-4.031598003164758914e+00
-4.094729732030790714e+00
-4.168438762518395180e+00
-4.187067225789382618e+00
-4.253949826066564910e+00
-4.315285018290288654e+00
-4.377426665069930500e+00
-4.427604322546021542e+00
-4.462172420611033807e+00
-4.512309285328747421e+00
-4.559989823110653262e+00
-4.609482881141903299e+00
-4.647191124808533580e+00
-4.678720646832259078e+00
-4.700910227674219399e+00
-4.690998857456560422e+00
-4.678335042962832979e+00
-4.646104963723907133e+00
-4.572556541292483345e+00
-4.486139081984315879e+00
-4.397590847419116322e+00
-4.371115550844081987e+00
-4.310583464304954759e+00
-4.233970774128504644e+00
-4.150783624866385857e+00
-4.068034724603837304e+00
-3.988386166535704547e+00
-3.895055081823043608e+00
-3.816256875957630079e+00
-3.738901892375062985e+00
-3.659378650117807830e+00
-3.582205587895608723e+00
-3.496201935010085471e+00
-3.423917042835853408e+00
-3.340624557807311490e+00
-3.264701957614656536e+00
-3.184315789479777337e+00
-3.094755673920404071e+00
-3.010908710012212275e+00
-2.934435508126937542e+00
-2.868168770340931317e+00
-2.787910687353528871e+00
-2.725677113755486047e+00
-2.672273456032706385e+00
-2.597065127934543582e+00
-2.515253624802287646e+00
-2.464551551801987372e+00
-2.416552666994320475e+00
-2.382457189276215637e+00
-2.349542706261440905e+00
-2.323216946980814157e+00
-2.303831776686489086e+00
-2.269521581131718868e+00
-2.264580277020512789e+00
-2.234695402597338010e+00
-2.217273234435165108e+00
-2.218558756502713614e+00
-2.197207308954575389e+00
-2.189880103259651101e+00
-2.185015480056919479e+00
-2.172611564259130823e+00
-2.165948172768752400e+00
-2.172254522342861094e+00
-2.157283059858022156e+00
-2.177632700712440972e+00
-2.160739138066413823e+00
-2.158618280011953772e+00
-2.138159183634210869e+00
-2.145232406472967313e+00
-2.105600004320975493e+00
-2.078404312102238194e+00
-2.045877325375887068e+00
-2.024287611721233837e+00
-1.995812166335332094e+00
-1.959256858279506908e+00
-1.927376825918306835e+00
-1.889206639200966542e+00
-1.854531650727465397e+00
-1.824375157251996171e+00
-1.798128969445622616e+00
-1.769631689048142498e+00
-1.750489611033140491e+00
-1.735082344146873012e+00
-1.720436973907129463e+00
-1.708476833384100502e+00
-1.703686237039500284e+00
-1.696700155126439569e+00
-1.690711614350207448e+00
-1.686663390937471085e+00
-1.680605613865011172e+00
-1.668632518363106776e+00
-1.665447263503954112e+00
-1.653788162181124122e+00
-1.642582680918471816e+00
-1.627266871061789466e+00
-1.609405929185449224e+00
-1.591164535936900215e+00
-1.572050548326270558e+00
-1.549989720740502008e+00
-1.524795950843476966e+00
-1.498826710491816705e+00
-1.471154526176388089e+00
-1.439952154607033741e+00
-1.404237458036027952e+00
-1.369747916849529901e+00
-1.329772896957458705e+00
-1.298744571009478044e+00
-1.256950873231339472e+00
-1.210400569453145891e+00
-1.163069164377634301e+00
-1.113502399455073011e+00
-1.063323912914306391e+00
-1.008950714626617895e+00
-9.512258914778728425e-01
-8.938319930363602950e-01
-8.330867858362953626e-01
-7.710554740441581956e-01
-7.052843465935385581e-01
-6.380388365024076691e-01
-5.697068290222597753e-01
-4.990743925487191035e-01
-4.238411619096575933e-01
-3.482752601577159268e-01
-2.730404588116561726e-01
-1.868973399113835754e-01
-1.030741217467703308e-01
-1.704634700613816278e-02
7.007913275304256118e-02
1.583811646833912512e-01
2.540120860237853329e-01
3.518334848609834253e-01
4.578626690948950362e-01
5.577893412288159602e-01
6.672988745905832353e-01
7.661055517978381246e-01
8.641538118167511051e-01
9.727335388902194069e-01
1.088983878503582137e+00
1.183480268702691962e+00
1.293749190597351717e+00
1.397022774685331203e+00
1.501457076048355876e+00
1.611596547886656960e+00
1.720772311083720307e+00
1.808496508666782354e+00
1.902763963090675414e+00
1.986575134124998865e+00
2.059999294779199630e+00
2.123049124884690997e+00
2.175636157990299857e+00
2.224766685519579568e+00
2.275767582106667852e+00
2.322863087367659674e+00
2.366971377618405370e+00
2.380937996235680920e+00
2.401325094969529061e+00
2.380456134233318810e+00
2.407899137878971807e+00
2.426164821876363842e+00
2.449026426513820631e+00
2.452286878813271453e+00
2.478124236073260711e+00
2.512526457059390594e+00
2.533501242883751114e+00
2.565988735823239608e+00
2.613727523948444986e+00
2.673695175358200338e+00
2.736627058934907097e+00
2.805537462738081800e+00
2.906532454815190292e+00
2.994754713855427131e+00
3.077190515995028797e+00
3.237612295228317727e+00
3.420103070795367906e+00
3.548883647032632815e+00
3.691030839720302659e+00
3.839659571665945403e+00
3.963898236801068453e+00
4.132934047800604915e+00
4.323329890804590292e+00
4.520669488618442422e+00
4.657330750218213744e+00
4.843218316753579167e+00
5.041268417755068398e+00
5.226216062531803708e+00
5.452587631014164771e+00
5.682673076802897683e+00
5.903187685934653040e+00
6.142491304708750377e+00
6.380229145189606932e+00
6.618648800229410156e+00
6.867532908215272514e+00
7.129691036050796349e+00
7.398668064924814658e+00
7.664595904632672152e+00
7.943292445521228373e+00
8.208972899085061670e+00
8.436936160206348845e+00
8.654317428035607662e+00
8.870713784452069817e+00
9.072648954633056206e+00
9.274240969922800559e+00
9.473592154959202816e+00
9.670018196081720419e+00
9.868404415323727363e+00
1.007033002153461432e+01
1.026940239595863957e+01
1.047325751875034783e+01
1.067067492603418799e+01
1.086238973128076069e+01
1.104902420245925576e+01
1.123719443088770120e+01
1.141860517058577074e+01
1.161374893933161090e+01
1.179966397840773418e+01
1.197863712020464888e+01
1.215674003726705976e+01
1.233631419750071245e+01
1.251516021382396815e+01
1.269775394744960728e+01
1.287043544495357139e+01
1.303828659533786549e+01
1.321054870738902487e+01
1.336656345841216975e+01
