9.286436277796170202e+00
9.286436277796170202e+00
8.880639281444599575e+00
8.704212611880743466e+00
8.704212611880743466e+00
8.378495815297840821e+00
8.378495815297840821e+00
8.052671916855903333e+00
8.052671916855903333e+00
7.729435994941588284e+00
7.729435994941588284e+00
7.441181081130630481e+00
7.441181081130630481e+00
7.147065202916532023e+00
7.025860486019717577e+00
6.900447615709603078e+00
6.728477671236649194e+00
6.578983270153585750e+00
6.483084024290693748e+00
6.263461863458258172e+00
5.972632263948663756e+00
5.696851068648543404e+00
5.395072786966697009e+00
5.146594620423439181e+00
4.913617112341733595e+00
4.638905894128184215e+00
4.414946108439114170e+00
4.436336874270631725e+00
4.185360255790123496e+00
3.912689938354118269e+00
3.630591786824795442e+00
3.362015789342628125e+00
3.069784614649849530e+00
2.847746020222977847e+00
2.689800556996105207e+00
2.558801191086215177e+00
2.494203451381978631e+00
2.336784907950189449e+00
2.156127195471899682e+00
1.977557041108533475e+00
1.815921434733493101e+00
1.631955458544173787e+00
1.450320642816184780e+00
1.273353866416798041e+00
1.093506999285531300e+00
9.040291556529700401e-01
7.324988524363309494e-01
5.463442937674791722e-01
4.600728730253793586e-01
2.841264382909800545e-01
2.015530049703375681e-01
7.386973520311546082e-02
-4.906945997934197834e-02
-1.607632418331794710e-01
-2.663305643826943125e-01
-3.423511050695475788e-01
-4.322571684217875188e-01
-4.854757674214686958e-01
-5.418565154214682877e-01
-5.886717774827481264e-01
-6.160521575353241630e-01
-9.485228873103439540e-01
-9.681508079268672518e-01
-9.814570271139704261e-01
-1.094483490750721266e+00
-1.315592288305208690e+00
-1.357846214045792976e+00
-1.414261905291320787e+00
-1.490672782983366140e+00
-1.581589314182765271e+00
-1.675045974240269686e+00
-1.773002047089949684e+00
-1.875206155732088042e+00
-1.973154478668794454e+00
-2.073986698124470784e+00
-2.176963892347752783e+00
-2.257077933348926813e+00
-2.366335968094697151e+00
-2.479205740668884772e+00
-2.594863846408728136e+00
-2.704794744115883276e+00
-2.807610691254355473e+00
-2.918570314535999799e+00
-3.045492661212135133e+00
-3.171023027396830507e+00
-3.283298482675657048e+00
-3.376083640881112125e+00
-3.457216154482518178e+00
-3.533101830549682631e+00
-3.610806765752207603e+00
-3.704710642155983003e+00
-3.766178053156566286e+00
-3.841357710225863364e+00
-3.902184117453238343e+00
-3.968834928968803410e+00
-4.028648845375523813e+00
-4.094133631417471442e+00
-4.158720353342432396e+00
-4.220458772486954224e+00
-4.282681489524630791e+00
-4.344275497421682175e+00
-4.405596632681548108e+00
-4.445702642133379179e+00
-4.501111362884204325e+00
-4.548966876083070154e+00
-4.593183980185738591e+00
-4.637777105184371251e+00
-4.674352200967982540e+00
-4.697839257990770179e+00
-4.706432345394901517e+00
-4.694404906596544080e+00
-4.665660878091492769e+00
-4.610359460313328661e+00
-4.527887301314007296e+00
-4.436893584006524449e+00
-4.401384896665721413e+00
-4.342039119221426269e+00
-4.279021426438580633e+00
-4.192276442992172392e+00
-4.117121032254277502e+00
-4.027336396954740216e+00
-3.947306986916778726e+00
-3.865855115644349915e+00
-3.784568841538101580e+00
-3.707543088175871304e+00
-3.627682996287482808e+00
-3.557828125640388528e+00
-3.483244157787691364e+00
-3.402998948270816726e+00
-3.344410769270161232e+00
-3.263562538029563420e+00
-3.196151846776370320e+00
-3.115909332754188021e+00
-3.026309412152114575e+00
-2.937920909122023083e+00
-2.866413962808157301e+00
-2.809311738614281850e+00
-2.741491347160875947e+00
-2.677584425723037675e+00
-2.618725332276636841e+00
-2.560494340136067137e+00
-2.520374261799558369e+00
-2.462554224969723649e+00
-2.425333378543493623e+00
-2.378930813706547909e+00
-2.365569346822343100e+00
-2.318194655396408344e+00
-2.302639306668496033e+00
-2.296061205338334688e+00
-2.286237164741860894e+00
-2.253531087363536578e+00
-2.267737259996764010e+00
-2.276444504590403817e+00
-2.248994789646373782e+00
-2.255132015496966957e+00
-2.273340963787285673e+00
-2.272465534284694222e+00
-2.250582075300440188e+00
-2.223469236295887441e+00
-2.235557198819511981e+00
-2.236928577132827556e+00
-2.194574183664308897e+00
-2.194850227482379346e+00
-2.178135383230932476e+00
-2.150754982588471975e+00
-2.121553973224733269e+00
-2.092083521294352266e+00
-2.063138251374112997e+00
-2.028901991715523323e+00
-2.002974414864188368e+00
-1.965260793950118767e+00
-1.935248545180295210e+00
-1.904839135642130366e+00
-1.875312818248977109e+00
-1.850312213431061892e+00
-1.831065163732808365e+00
-1.810524388138257557e+00
-1.796691244046009217e+00
-1.784811322549787249e+00
-1.775200857711202396e+00
-1.772734864561724244e+00
-1.769842560344812910e+00
-1.767324634852488252e+00
-1.759977858112346638e+00
-1.752751505228544282e+00
-1.742178615572059108e+00
-1.729878672680660756e+00
-1.718076416711961762e+00
-1.703197405192436342e+00
-1.685464698634903336e+00
-1.668165857562812882e+00
-1.646150386050059033e+00
-1.626034371254428734e+00
-1.600191616663012795e+00
-1.573965716644093682e+00
-1.546084769842457796e+00
-1.515367882968909896e+00
-1.482780547659368509e+00
-1.447324430309762100e+00
-1.412112749892643571e+00
-1.371723357791273301e+00
-1.329596665813241430e+00
-1.284213297880708815e+00
-1.236326415945581125e+00
-1.187750113283470021e+00
-1.138366356784139555e+00
-1.082215933357252524e+00
-1.026227296039492920e+00
-9.665259671101109618e-01
-9.041927734719004128e-01
-8.396584318462010366e-01
-7.734963534528467299e-01
-7.046176935539345543e-01
-6.358404909337407318e-01
-5.616666481438907788e-01
-4.873409878280372531e-01
-4.109642261780814820e-01
-3.328361138779518669e-01
-2.500977722631332334e-01
-1.660345249349770569e-01
-7.714670687173530439e-02
1.122029769411669875e-02
1.040701753472088598e-01
2.054404529096651721e-01
3.039094297608748718e-01
4.021966474811207171e-01
5.033654731509074054e-01
6.069219674684620536e-01
7.094291214726933248e-01
8.141136938158712866e-01
9.205047389173910410e-01
1.033494375250172848e+00
1.142124096371119890e+00
1.251426838538133524e+00
1.360174310540713805e+00
1.477245544872612726e+00
1.582497250529149246e+00
1.691429389665559446e+00
1.789780969353165885e+00
1.885108634633572589e+00
1.973209071143224635e+00
2.041028864888128513e+00
2.132687435156478628e+00
2.194284504592257434e+00
2.242355363818983705e+00
2.288012065848824328e+00
2.328492583670282556e+00
2.378410351673445611e+00
2.371590632821537259e+00
2.399870405005997576e+00
2.424051979340718255e+00
2.451891497886752092e+00
2.480726813816139575e+00
2.493855867159274986e+00
2.512125046328518518e+00
2.543921977949386459e+00
2.566083558982001023e+00
2.604186261244622713e+00
2.649872142050345047e+00
2.665633422725369961e+00
2.695425563843294015e+00
2.741078329335819852e+00
2.865405929958600328e+00
2.984288733865893217e+00
3.109817902994490790e+00
3.220033768423882670e+00
3.329523230758998587e+00
3.495425059192891926e+00
3.603836844196949940e+00
3.794468262748978304e+00
3.938039453618934260e+00
4.078449093808561798e+00
4.220932408685639459e+00
4.462067675733398353e+00
4.650808559141594856e+00
4.822721569292323984e+00
4.999950591189822546e+00
5.210920430755125565e+00
5.417693341451878197e+00
5.638732509917462110e+00
5.882016671584023193e+00
6.115326130327160215e+00
6.358406746320648395e+00
6.600773584319437504e+00
6.863166129952538164e+00
7.127845202731355023e+00
7.378912807240393334e+00
7.657822938697481874e+00
7.944638396081128207e+00
8.236851229252858175e+00
8.497685008054634892e+00
8.749924857972246173e+00
8.958219996779090977e+00
9.187575280520750454e+00
9.409383434530532497e+00
9.621450808691214718e+00
9.834999893996711151e+00
1.004580107546271606e+01
1.024670346613912386e+01
1.045746134701405339e+01
1.066854571615984071e+01
1.087901888083377955e+01
1.109425025734789827e+01
1.129224081620493969e+01
1.150195818090072208e+01
1.170174976137907663e+01
1.189786595599128916e+01
1.209267212541822190e+01
1.228851545962513114e+01
1.247768577090089970e+01
1.266970257498558539e+01
1.285137734581009283e+01
1.303937940590155620e+01
1.322459353904560508e+01
1.340249748123912354e+01
1.358166985657864956e+01
1.375622186516244660e+01
1.391834275288006495e+01
