9.827747426404926046e+00
9.827747426404926046e+00
9.365158026337965680e+00
9.365158026337965680e+00
8.987008658704516151e+00
8.987008658704516151e+00
8.629599112780498515e+00
8.629599112780498515e+00
8.267727565147378499e+00
8.267727565147378499e+00
7.915579573077810238e+00
7.915579573077810238e+00
7.576763720086267639e+00
7.576763720086267639e+00
7.237960620260911249e+00
7.066065818472967663e+00
6.866799941536021024e+00
6.888009447094058935e+00
6.653303744061663139e+00
6.430015899433909610e+00
6.182246299159826819e+00
5.841576701137677574e+00
5.469518590812056047e+00
5.188025826027389265e+00
4.911231880663008198e+00
4.691591950155261870e+00
4.561278453879988426e+00
4.315401818688008539e+00
4.042543796082231466e+00
3.770067197127668024e+00
3.511401999988586375e+00
3.211740187946749536e+00
2.979227988600417376e+00
2.721446566899995645e+00
2.542795330680984733e+00
2.582114222634207756e+00
2.424384829310510803e+00
2.249986354561625213e+00
2.092103573825346174e+00
1.907044624218945827e+00
1.724215349389480956e+00
1.508438082673698943e+00
1.364168706711699208e+00
1.171196625768339494e+00
9.882632668838393641e-01
7.700678780496152953e-01
6.228398855837378179e-01
4.191786282383986872e-01
2.476708628130692702e-01
1.433862535288303874e-01
1.100353494006078847e-02
-1.116454383140910167e-01
-2.286776532213812274e-01
-3.346621694140896608e-01
-4.250902763882509205e-01
-5.245009331985084344e-01
-6.181920408972620962e-01
-6.818974327436677640e-01
-7.368898651981981018e-01
-7.647835429315774647e-01
-7.926343380987477261e-01
-7.917145314751854457e-01
-7.602876430800593610e-01
-8.049523981555832819e-01
-7.844520238459651296e-01
-7.578743339426496917e-01
-7.977163208643949233e-01
-8.387119134462253101e-01
-1.606860555239578048e+00
-1.633578422988133383e+00
-1.667199554580149012e+00
-1.720400710380739717e+00
-1.756512321669459809e+00
-1.808256254758496162e+00
-1.889228918640998067e+00
-2.253727601386631640e+00
-2.331676549299443124e+00
-2.487772532748407706e+00
-2.569756208760454186e+00
-2.716291730371128921e+00
-2.851162679943771039e+00
-2.938649323997736040e+00
-3.049270494194466607e+00
-3.147953611589024980e+00
-3.270949511907103258e+00
-3.380283914019774905e+00
-3.483247995871750824e+00
-3.533452111102145743e+00
-3.615480016826228216e+00
-3.693000744535783753e+00
-3.772935306758649077e+00
-3.832461795893886247e+00
-3.911036681297779261e+00
-3.975311448808398040e+00
-4.035964709922219562e+00
-4.089954482484411180e+00
-4.152809124756188908e+00
-4.216613497670254951e+00
-4.268130630506247414e+00
-4.323764232623148906e+00
-4.385592070059291636e+00
-4.449217543747034043e+00
-4.497506730732123259e+00
-4.553417124734733257e+00
-4.600711940927100230e+00
-4.649070233707600863e+00
-4.687558391234071919e+00
-4.721765295480198077e+00
-4.742980111690724421e+00
-4.749788254799255149e+00
-4.727169545919566396e+00
-4.699118633612113349e+00
-4.638567916669482649e+00
-4.545433995320861342e+00
-4.466241215932875264e+00
-4.433104349909548603e+00
-4.363271513265518209e+00
-4.288712976689198264e+00
-4.193414413124080475e+00
-4.111436008985499768e+00
-4.030942974656860578e+00
-3.945494420439216832e+00
-3.864898719199715060e+00
-3.788208511582425331e+00
-3.706050574585932011e+00
-3.621391614685723681e+00
-3.544367438230745293e+00
-3.460064013681995121e+00
-3.403858328313302373e+00
-3.328859262763860016e+00
-3.247221969870267344e+00
-3.153752914311263922e+00
-3.068993233701065471e+00
-2.986609924991350695e+00
-2.907459060005324503e+00
-2.823375662904539674e+00
-2.757130317094837579e+00
-2.690102547826816348e+00
-2.628725258787357966e+00
-2.601085651815349564e+00
-2.537536255778301886e+00
-2.450130643326300373e+00
-2.403760697679699021e+00
-2.409510944886437578e+00
-2.376866691912928431e+00
-2.339653823667570798e+00
-2.315148317844128556e+00
-2.304811481419420716e+00
-2.289707472078754691e+00
-2.276394989317344297e+00
-2.265181146229998888e+00
-2.255957676477896356e+00
-2.246300270855821957e+00
-2.235052952058544484e+00
-2.244516941883100358e+00
-2.236547738151659637e+00
-2.228005536882225357e+00
-2.215029166494236534e+00
-2.219456545305025230e+00
-2.202496059307981646e+00
-2.199301615628153073e+00
-2.196034460657290133e+00
-2.183687930187732995e+00
-2.112522959235027642e+00
-2.090128918195026664e+00
-2.060987764454904614e+00
-2.029011781432630279e+00
-2.012814910498776477e+00
-1.979125183805625632e+00
-1.948801109069035142e+00
-1.915684082393179111e+00
-1.894710864378223114e+00
-1.865251251465957161e+00
-1.839069111744033869e+00
-1.817694106243828323e+00
-1.800934866943140200e+00
-1.783886168143506978e+00
-1.771004935206772046e+00
-1.759669565939414149e+00
-1.749084945884693099e+00
-1.744381880256812067e+00
-1.740761978423154055e+00
-1.737658631882615268e+00
-1.733196951615516568e+00
-1.725379403031512382e+00
-1.715099692051655467e+00
-1.702238887930166200e+00
-1.691056978618827422e+00
-1.676947523390361461e+00
-1.659873323447640381e+00
-1.641765176879961707e+00
-1.619839591127647971e+00
-1.597763184856344054e+00
-1.573075491545401050e+00
-1.545140109325711109e+00
-1.513268783143748131e+00
-1.483446593881563302e+00
-1.449056799515870964e+00
-1.413974753883325164e+00
-1.375131657606740276e+00
-1.340763929632926121e+00
-1.297158491510154832e+00
-1.250156488953086509e+00
-1.203754588434791550e+00
-1.153807209582887516e+00
-1.098705891306107851e+00
-1.047935830281867986e+00
-9.887491749808337005e-01
-9.272182046051087312e-01
-8.672120572324342191e-01
-7.988801129435696424e-01
-7.315838210835003963e-01
-6.673158402106942333e-01
-5.954196134463796142e-01
-5.222265131809864513e-01
-4.462670065365199612e-01
-3.670879723811553141e-01
-2.895934198186451702e-01
-2.063458182902024873e-01
-1.203257229776135695e-01
-3.973684167310276294e-02
4.484563111735262453e-02
1.402196063234377732e-01
2.457901571631500026e-01
3.422809591131916740e-01
4.418274678098725872e-01
5.494998834518818320e-01
6.535647846591623455e-01
7.524429797245115736e-01
8.597070936570245792e-01
9.740695374476238122e-01
1.084878293617367540e+00
1.191140895990229875e+00
1.293534751097696223e+00
1.405207058531657172e+00
1.513102544066967425e+00
1.620148018201194251e+00
1.729104139564789477e+00
1.826767106906650451e+00
1.915216543713503583e+00
2.005331581324921508e+00
2.082195440471358516e+00
2.153816136382546098e+00
2.209331772426050389e+00
2.254698022145513736e+00
2.271741527513835734e+00
2.310750592384052560e+00
2.346914038478419950e+00
2.377158679145515485e+00
2.384106153565869413e+00
2.418146326012736047e+00
2.444327530257579983e+00
2.454779551683354377e+00
2.470314540180900131e+00
2.489581427325513907e+00
2.509100606590947358e+00
2.545098362218314314e+00
2.593405508435184359e+00
2.623769421151031622e+00
2.646894559600116548e+00
2.708057507816353571e+00
2.766550229666860261e+00
2.836821642670813937e+00
2.930922583555291894e+00
3.054560548323332902e+00
3.187900741824813089e+00
3.345633360018638314e+00
3.480552036829341223e+00
3.600264870643011594e+00
3.776127170388807741e+00
3.838709705087785196e+00
4.005645384760603278e+00
4.171830199082554813e+00
4.338976303677082313e+00
4.538652593213871711e+00
4.745146389229400796e+00
4.951091173520424604e+00
5.123479826556962990e+00
5.337088327393983533e+00
5.550335858642030828e+00
5.795957324346667328e+00
6.011170620689924249e+00
6.265852210175386183e+00
6.506087924340310025e+00
6.754643757802416104e+00
6.998118008401888801e+00
7.266926078991200910e+00
7.540613662805045081e+00
7.818950323591456808e+00
8.082791313806534816e+00
8.353892459067262521e+00
8.602085822062605303e+00
8.830036619506890005e+00
9.043611704285623887e+00
9.259663125305852560e+00
9.474425064779914862e+00
9.684383966587606807e+00
9.884773794736084085e+00
1.009262694412531403e+01
1.029876770569892308e+01
1.050501275559971504e+01
1.071141047966750648e+01
1.091770233367576637e+01
1.111576724431769492e+01
1.131899171762156442e+01
1.152154988149192327e+01
1.172168409550047485e+01
1.191303981157982861e+01
1.210283220538337190e+01
1.228881543368554219e+01
1.247187327906654986e+01
1.265606368357420486e+01
1.284660520294585595e+01
1.302864880335573794e+01
1.320631604590893282e+01
1.338222697014638918e+01
1.355488876352420391e+01
1.371500527832000138e+01
