-0.000000000000000000e+00 -0.000000000000000000e+00 -0.000000000000000000e+00 -0.000000000000000000e+00 -0.000000000000000000e+00 -0.000000000000000000e+00 1.000000000000000000e+00
-0.000000000000000000e+00 -0.000000000000000000e+00 -0.000000000000000000e+00 -0.000000000000000000e+00 -0.000000000000000000e+00 -0.000000000000000000e+00 1.000000000000000000e+00
1.660712622106075287e-02 1.748210564255714417e-02 2.199933491647243500e-02 -3.400149988010525703e-03 -4.045064852107316256e-04 -1.914272550493478775e-03 9.999923110008239746e-01
1.660712622106075287e-02 1.748210564255714417e-02 2.199933491647243500e-02 -3.400149988010525703e-03 -4.045064852107316256e-04 -1.914272550493478775e-03 9.999923110008239746e-01
2.967363968491554260e-02 3.227025642991065979e-02 4.176059737801551819e-02 -7.284923456609249115e-03 3.777848090976476669e-03 -4.665442276746034622e-03 9.999555349349975586e-01
2.967363968491554260e-02 3.227025642991065979e-02 4.176059737801551819e-02 -7.284923456609249115e-03 3.777848090976476669e-03 -4.665442276746034622e-03 9.999555349349975586e-01
4.397792741656303406e-02 4.208766296505928040e-02 6.029260531067848206e-02 -1.181140448898077011e-02 1.076682563871145248e-02 -9.135043248534202576e-03 9.998306035995483398e-01
4.397792741656303406e-02 4.208766296505928040e-02 6.029260531067848206e-02 -1.181140448898077011e-02 1.076682563871145248e-02 -9.135043248534202576e-03 9.998306035995483398e-01
5.846612900495529175e-02 5.247025564312934875e-02 7.828499376773834229e-02 -1.631362922489643097e-02 1.914969645440578461e-02 -1.459801755845546722e-02 9.995769858360290527e-01
5.846612900495529175e-02 5.247025564312934875e-02 7.828499376773834229e-02 -1.631362922489643097e-02 1.914969645440578461e-02 -1.459801755845546722e-02 9.995769858360290527e-01
7.266627997159957886e-02 6.369521468877792358e-02 9.641341865062713623e-02 -2.102313004434108734e-02 2.991903945803642273e-02 -2.144168876111507416e-02 9.991011619567871094e-01
7.266627997159957886e-02 6.369521468877792358e-02 9.641341865062713623e-02 -2.102313004434108734e-02 2.991903945803642273e-02 -2.144168876111507416e-02 9.991011619567871094e-01
8.482024818658828735e-02 7.332906126976013184e-02 1.121711879968643188e-01 -2.579984441399574280e-02 4.142824560403823853e-02 -2.835243009030818939e-02 9.984058141708374023e-01
8.482024818658828735e-02 7.332906126976013184e-02 1.121711879968643188e-01 -2.579984627664089203e-02 4.142824932932853699e-02 -2.835243195295333862e-02 9.984058737754821777e-01
9.941193461418151855e-02 8.534730970859527588e-02 1.297459453344345093e-01 -2.952441200613975525e-02 5.193166062235832214e-02 -3.516599908471107483e-02 9.975945353507995605e-01
1.072007641196250916e-01 8.894460648298263550e-02 1.372921317815780640e-01 -3.207840770483016968e-02 5.706712603569030762e-02 -3.805319592356681824e-02 9.971290826797485352e-01
1.124430447816848755e-01 9.711677581071853638e-02 1.466520726680755615e-01 -3.300359472632408142e-02 6.339071691036224365e-02 -4.181887581944465637e-02 9.965658783912658691e-01
1.160997971892356873e-01 9.816531091928482056e-02 1.422143429517745972e-01 -3.154291212558746338e-02 6.515435874462127686e-02 -4.414577037096023560e-02 9.963991045951843262e-01
1.256151348352432251e-01 1.040903925895690918e-01 1.515920758247375488e-01 -3.293697163462638855e-02 6.963901221752166748e-02 -4.661766812205314636e-02 9.959379434585571289e-01
1.371835023164749146e-01 1.103601530194282532e-01 1.595409214496612549e-01 -3.361286222934722900e-02 7.280533015727996826e-02 -4.926170781254768372e-02 9.955616593360900879e-01
1.501975208520889282e-01 1.143092066049575806e-01 1.654611676931381226e-01 -3.453836590051651001e-02 7.588452845811843872e-02 -4.890460520982742310e-02 9.953175783157348633e-01
1.669985949993133545e-01 1.211474388837814331e-01 1.721490472555160522e-01 -3.399195149540901184e-02 7.681792974472045898e-02 -4.684278741478919983e-02 9.953638911247253418e-01
1.850321143865585327e-01 1.280700713396072388e-01 1.752274185419082642e-01 -3.248400986194610596e-02 7.699270546436309814e-02 -4.368581995368003845e-02 9.955443143844604492e-01
2.023243010044097900e-01 1.310393214225769043e-01 1.777537912130355835e-01 -3.215156868100166321e-02 7.766630500555038452e-02 -4.178985580801963806e-02 9.955841898918151855e-01
2.208089083433151245e-01 1.363732218742370605e-01 1.860145330429077148e-01 -3.026613779366016388e-02 7.614809274673461914e-02 -3.924338519573211670e-02 9.958642125129699707e-01
2.241332232952117920e-01 1.371625810861587524e-01 1.927872002124786377e-01 -2.711875550448894501e-02 7.678637653589248657e-02 -4.112533852458000183e-02 9.958299398422241211e-01
2.396555095911026001e-01 1.387265622615814209e-01 2.009955197572708130e-01 -2.604409307241439819e-02 7.686106860637664795e-02 -3.985763341188430786e-02 9.959043860435485840e-01
2.546697854995727539e-01 1.398759335279464722e-01 2.101643830537796021e-01 -2.579759806394577026e-02 7.708000391721725464e-02 -3.870660066604614258e-02 9.959392547607421875e-01
2.689098715782165527e-01 1.418007761240005493e-01 2.190531790256500244e-01 -2.542692422866821289e-02 7.747027277946472168e-02 -3.831690549850463867e-02 9.959336519241333008e-01
2.843141555786132812e-01 1.473729610443115234e-01 2.263558357954025269e-01 -2.457389049232006073e-02 7.784121483564376831e-02 -3.631533309817314148e-02 9.960011243820190430e-01
3.017930984497070312e-01 1.485959589481353760e-01 2.346722781658172607e-01 -2.635915204882621765e-02 7.667210698127746582e-02 -3.568974882364273071e-02 9.960687756538391113e-01
3.181932568550109863e-01 1.500698775053024292e-01 2.426227927207946777e-01 -2.661584690213203430e-02 7.566732913255691528e-02 -3.679518774151802063e-02 9.960985183715820312e-01
3.303774297237396240e-01 1.592928469181060791e-01 2.532533705234527588e-01 -2.502461709082126617e-02 7.737118750810623169e-02 -3.527291864156723022e-02 9.960638880729675293e-01
3.270245492458343506e-01 1.711482554674148560e-01 2.536626160144805908e-01 -2.074479125440120697e-02 8.382208645343780518e-02 -3.668297827243804932e-02 9.955892562866210938e-01
3.294532001018524170e-01 1.802270263433456421e-01 2.663388848304748535e-01 -2.133100666105747223e-02 8.368385583162307739e-02 -3.733674064278602600e-02 9.955641627311706543e-01
3.295023441314697266e-01 1.900388598442077637e-01 2.794300615787506104e-01 -2.140155620872974396e-02 8.367400616407394409e-02 -3.809666633605957031e-02 9.955347180366516113e-01
3.312651216983795166e-01 1.997496485710144043e-01 2.912569642066955566e-01 -2.175409346818923950e-02 8.307848870754241943e-02 -3.813283517956733704e-02 9.955755472183227539e-01
3.336426019668579102e-01 2.094489037990570068e-01 3.042949438095092773e-01 -2.256912924349308014e-02 8.167615532875061035e-02 -3.859499469399452209e-02 9.956555962562561035e-01
3.354676961898803711e-01 2.210255712270736694e-01 3.207160234451293945e-01 -2.321575209498405457e-02 7.973358035087585449e-02 -3.997615352272987366e-02 9.957436919212341309e-01
3.345111608505249023e-01 2.351666390895843506e-01 3.348814845085144043e-01 -2.195990458130836487e-02 8.129327744245529175e-02 -3.962835669517517090e-02 9.956600069999694824e-01
3.342531919479370117e-01 2.488803118467330933e-01 3.507281243801116943e-01 -2.190993353724479675e-02 8.169909566640853882e-02 -3.951383009552955627e-02 9.956324100494384766e-01
3.418088257312774658e-01 2.599724233150482178e-01 3.580478727817535400e-01 -2.335155382752418518e-02 7.763951271772384644e-02 -3.909951820969581604e-02 9.959408640861511230e-01
3.452165424823760986e-01 2.715060710906982422e-01 3.690122663974761963e-01 -2.382465451955795288e-02 7.736096531152725220e-02 -3.986451029777526855e-02 9.959209561347961426e-01
3.487678170204162598e-01 2.842820286750793457e-01 3.793806135654449463e-01 -2.352464757859706879e-02 7.759861648082733154e-02 -3.907320648431777954e-02 9.959409832954406738e-01
3.482583165168762207e-01 2.961313426494598389e-01 3.941712975502014160e-01 -2.453735657036304474e-02 7.821811735630035400e-02 -4.027980566024780273e-02 9.958199858665466309e-01
3.551249504089355469e-01 3.106383383274078369e-01 4.055231213569641113e-01 -2.289209328591823578e-02 7.684749364852905273e-02 -3.901096060872077942e-02 9.960163831710815430e-01
3.535807430744171143e-01 3.214923143386840820e-01 4.209645092487335205e-01 -2.322891354560852051e-02 7.804869115352630615e-02 -3.873613104224205017e-02 9.959259629249572754e-01
3.517676889896392822e-01 3.315441906452178955e-01 4.272055327892303467e-01 -2.067722193896770477e-02 8.107191324234008789e-02 -3.536017239093780518e-02 9.958661794662475586e-01
3.544661104679107666e-01 3.399669528007507324e-01 4.376682937145233154e-01 -2.018728107213973999e-02 8.094352483749389648e-02 -3.374985978007316589e-02 9.959425926208496094e-01
3.592714071273803711e-01 3.499840795993804932e-01 4.713327586650848389e-01 -3.251026570796966553e-02 6.667821854352951050e-02 -4.607436060905456543e-02 9.961798787117004395e-01
3.598227202892303467e-01 3.576736748218536377e-01 4.802719354629516602e-01 -3.274198621511459351e-02 6.754650920629501343e-02 -4.598340764641761780e-02 9.961180090904235840e-01
3.597928583621978760e-01 3.661655783653259277e-01 4.898485541343688965e-01 -3.263477608561515808e-02 6.808367371559143066e-02 -4.547690972685813904e-02 9.961081743240356445e-01
3.611862957477569580e-01 3.749371469020843506e-01 4.999877214431762695e-01 -3.192743659019470215e-02 6.759358942508697510e-02 -4.352849721908569336e-02 9.962515234947204590e-01
3.607939481735229492e-01 3.816081583499908447e-01 5.075851082801818848e-01 -3.141173720359802246e-02 6.888101994991302490e-02 -4.350073635578155518e-02 9.961809515953063965e-01
3.608889579772949219e-01 3.876227736473083496e-01 5.166860222816467285e-01 -3.211763501167297363e-02 6.855756789445877075e-02 -4.335345700383186340e-02 9.961871504783630371e-01
3.604784011840820312e-01 3.923335969448089600e-01 5.240595340728759766e-01 -3.220628201961517334e-02 6.806346029043197632e-02 -4.410925135016441345e-02 9.961850643157958984e-01
3.589411079883575439e-01 3.977096080780029297e-01 5.315183401107788086e-01 -3.112735599279403687e-02 6.906421482563018799e-02 -4.378127679228782654e-02 9.961649179458618164e-01
3.584434688091278076e-01 4.019295573234558105e-01 5.383501648902893066e-01 -3.172508254647254944e-02 6.830364465713500977e-02 -4.293574020266532898e-02 9.962352514266967773e-01
3.574391305446624756e-01 4.025536179542541504e-01 5.451102256774902344e-01 -3.324839100241661072e-02 6.604661047458648682e-02 -4.707874730229377747e-02 9.961506128311157227e-01
3.545823693275451660e-01 4.062478840351104736e-01 5.538690686225891113e-01 -3.155893832445144653e-02 6.806314736604690552e-02 -4.396313428878784180e-02 9.962122440338134766e-01
3.601154685020446777e-01 4.215798974037170410e-01 5.628607869148254395e-01 -1.816040650010108948e-02 5.792023241519927979e-02 -2.067894302308559418e-02 9.979418516159057617e-01
3.594629764556884766e-01 4.263614714145660400e-01 5.691416859626770020e-01 -1.531424280256032944e-02 5.455761775374412537e-02 -1.199088059365749359e-02 9.983212351799011230e-01
3.595083951950073242e-01 4.333643913269042969e-01 5.783323645591735840e-01 -1.152006164193153381e-02 4.755668342113494873e-02 3.575063601601868868e-04 9.988021254539489746e-01
3.591277301311492920e-01 4.388251304626464844e-01 5.839921236038208008e-01 -7.956312969326972961e-03 4.156623035669326782e-02 1.255867071449756622e-02 9.990252256393432617e-01
3.587134778499603271e-01 4.454094767570495605e-01 5.929739475250244141e-01 -5.556254647672176361e-03 3.490590676665306091e-02 2.369252964854240417e-02 9.990943074226379395e-01
3.609046339988708496e-01 4.483773112297058105e-01 5.999647378921508789e-01 -6.363751832395792007e-03 2.470111660659313202e-02 3.344140946865081787e-02 9.991151690483093262e-01
3.597124218940734863e-01 4.549163579940795898e-01 6.062232255935668945e-01 -1.923067844472825527e-03 1.884553022682666779e-02 4.539364576339721680e-02 9.987896084785461426e-01
3.605679869651794434e-01 4.593643546104431152e-01 6.129454374313354492e-01 1.082649978343397379e-04 9.626223705708980560e-03 5.780433863401412964e-02 9.982815384864807129e-01
3.603979647159576416e-01 4.651076197624206543e-01 6.203768253326416016e-01 2.272628014907240868e-03 7.129369769245386124e-04 7.344454526901245117e-02 9.972964525222778320e-01
3.598929345607757568e-01 4.674335122108459473e-01 6.234585642814636230e-01 4.564024973660707474e-03 -5.768575705587863922e-03 8.547341078519821167e-02 9.963133931159973145e-01
3.599757552146911621e-01 4.729901850223541260e-01 6.306883096694946289e-01 6.183046847581863403e-03 -1.346030179411172867e-02 9.766101092100143433e-02 9.951095581054687500e-01
3.601207137107849121e-01 4.789361655712127686e-01 6.383823156356811523e-01 8.572561666369438171e-03 -2.042574062943458557e-02 1.092205420136451721e-01 9.937707185745239258e-01
3.603660166263580322e-01 4.847266077995300293e-01 6.463308334350585938e-01 9.910370223224163055e-03 -2.876230143010616302e-02 1.172195449471473694e-01 9.926400184631347656e-01
3.596905469894409180e-01 4.906026124954223633e-01 6.542641520500183105e-01 1.137809269130229950e-02 -3.557697683572769165e-02 1.285759508609771729e-01 9.909960031509399414e-01
3.592207431793212891e-01 4.968316853046417236e-01 6.614018678665161133e-01 1.333183143287897110e-02 -4.184264689683914185e-02 1.372212618589401245e-01 9.895665049552917480e-01
3.616258203983306885e-01 5.028551816940307617e-01 6.682238578796386719e-01 1.519294455647468567e-02 -5.075038969516754150e-02 1.419482380151748657e-01 9.884555339813232422e-01
3.618477582931518555e-01 5.092414617538452148e-01 6.765331625938415527e-01 1.611598394811153412e-02 -5.650038644671440125e-02 1.479510217905044556e-01 9.872479438781738281e-01
3.617662787437438965e-01 5.158377885818481445e-01 6.852017641067504883e-01 1.710330136120319366e-02 -6.132173165678977966e-02 1.523583829402923584e-01 9.862728118896484375e-01
3.614802062511444092e-01 5.230325460433959961e-01 6.947591900825500488e-01 1.848296821117401123e-02 -6.543567776679992676e-02 1.553075611591339111e-01 9.855232834815979004e-01
3.623307943344116211e-01 5.298537611961364746e-01 7.031056880950927734e-01 1.897080987691879272e-02 -6.877003610134124756e-02 1.561641544103622437e-01 9.851515889167785645e-01
3.625471293926239014e-01 5.368227958679199219e-01 7.114971876144409180e-01 3.643253352493047714e-03 -7.507552951574325562e-02 1.536208242177963257e-01 9.852669835090637207e-01
3.625073134899139404e-01 5.440921187400817871e-01 7.205266952514648438e-01 -1.386704761534929276e-02 -8.052378147840499878e-02 1.492065787315368652e-01 9.854242801666259766e-01
3.644878268241882324e-01 5.522016286849975586e-01 7.284202575683593750e-01 -3.297604247927665710e-02 -8.653897047042846680e-02 1.451095342636108398e-01 9.850720167160034180e-01
3.631327450275421143e-01 5.593136548995971680e-01 7.383316159248352051e-01 -5.508619174361228943e-02 -9.184015542268753052e-02 1.375292837619781494e-01 9.846912026405334473e-01
3.627660572528839111e-01 5.655674338340759277e-01 7.478736639022827148e-01 -7.825919985771179199e-02 -9.681841731071472168e-02 1.283378601074218750e-01 9.838857650756835938e-01
3.602696061134338379e-01 5.742469429969787598e-01 7.590014338493347168e-01 -1.036487668752670288e-01 -1.016533672809600830e-01 1.194310039281845093e-01 9.821709990501403809e-01
3.584319055080413818e-01 5.807585716247558594e-01 7.707169055938720703e-01 -1.298341453075408936e-01 -1.068378388881683350e-01 1.075523048639297485e-01 9.798782467842102051e-01
3.567630946636199951e-01 5.871092081069946289e-01 7.804341316223144531e-01 -1.569474488496780396e-01 -1.111152395606040955e-01 9.572640061378479004e-02 9.766562581062316895e-01
3.546570539474487305e-01 5.931560993194580078e-01 7.907787561416625977e-01 -1.845073997974395752e-01 -1.157741919159889221e-01 8.405606448650360107e-02 9.723620414733886719e-01
3.509540259838104248e-01 6.000835895538330078e-01 8.010545969009399414e-01 -2.121277749538421631e-01 -1.199535280466079712e-01 7.179056853055953979e-02 9.671913981437683105e-01
3.509622216224670410e-01 6.064987778663635254e-01 8.114743232727050781e-01 -2.390853613615036011e-01 -1.264019608497619629e-01 6.048028543591499329e-02 9.608345031738281250e-01
3.476773500442504883e-01 6.128058433532714844e-01 8.224232196807861328e-01 -2.661761343479156494e-01 -1.313056945800781250e-01 4.926057159900665283e-02 9.536679387092590332e-01
3.445660173892974854e-01 6.178019642829895020e-01 8.322949409484863281e-01 -2.928903102874755859e-01 -1.358867287635803223e-01 3.812367469072341919e-02 9.456726312637329102e-01
3.410777151584625244e-01 6.242633461952209473e-01 8.433061242103576660e-01 -3.182277381420135498e-01 -1.410808712244033813e-01 2.850103378295898438e-02 9.370245933532714844e-01
3.373495042324066162e-01 6.306207776069641113e-01 8.542439341545104980e-01 -3.423332870006561279e-01 -1.462223231792449951e-01 1.909976638853549957e-02 9.279344081878662109e-01
3.335282206535339355e-01 6.364873051643371582e-01 8.653500080108642578e-01 -3.653428852558135986e-01 -1.516234725713729858e-01 1.131128706037998199e-02 9.183719754219055176e-01
3.300029337406158447e-01 6.425503492355346680e-01 8.762644529342651367e-01 -3.864030539989471436e-01 -1.575284004211425781e-01 5.427076015621423721e-03 9.087618589401245117e-01
3.260156214237213135e-01 6.488826870918273926e-01 8.877032399177551270e-01 -4.058496057987213135e-01 -1.633574813604354858e-01 1.160624320618808270e-03 8.992214202880859375e-01
3.219548165798187256e-01 6.552348732948303223e-01 8.989965915679931641e-01 -4.233226478099822998e-01 -1.693700850009918213e-01 -5.863195401616394520e-04 8.900064826011657715e-01
3.175995945930480957e-01 6.616799831390380859e-01 9.104698896408081055e-01 -4.382095336914062500e-01 -1.764554232358932495e-01 -1.046886201947927475e-03 8.813823461532592773e-01
3.134329020977020264e-01 6.679453849792480469e-01 9.220478534698486328e-01 -4.509973824024200439e-01 -1.839816123247146606e-01 1.667911186814308167e-03 8.733552694320678711e-01
3.091499805450439453e-01 6.740128993988037109e-01 9.338593482971191406e-01 -4.617016315460205078e-01 -1.920606791973114014e-01 6.633951794356107712e-03 8.659678697586059570e-01
3.046711683273315430e-01 6.799796819686889648e-01 9.457502365112304688e-01 -4.700649678707122803e-01 -2.007120400667190552e-01 1.367151830345392227e-02 8.593990206718444824e-01
2.998133003711700439e-01 6.862878799438476562e-01 9.577394127845764160e-01 -4.760505557060241699e-01 -2.095826566219329834e-01 2.266812697052955627e-02 8.537782430648803711e-01
2.947318851947784424e-01 6.926954984664916992e-01 9.704185128211975098e-01 -4.803304970264434814e-01 -2.193225175142288208e-01 3.359183296561241150e-02 8.485586643218994141e-01
2.897496819496154785e-01 6.989310979843139648e-01 9.825757145881652832e-01 -4.825804233551025391e-01 -2.291123718023300171e-01 4.609278589487075806e-02 8.440966606140136719e-01
2.843049764633178711e-01 7.050791382789611816e-01 9.950934648513793945e-01 -4.829429090023040771e-01 -2.393083870410919189e-01 6.049169972538948059e-02 8.401418924331665039e-01
2.783327400684356689e-01 7.111981511116027832e-01 1.007418632507324219e+00 -4.815031886100769043e-01 -2.497172355651855469e-01 7.659398764371871948e-02 8.366178274154663086e-01
2.717968225479125977e-01 7.169066667556762695e-01 1.019794225692749023e+00 -4.784168004989624023e-01 -2.601661384105682373e-01 9.337552636861801147e-02 8.334938883781433105e-01
2.641599774360656738e-01 7.223732471466064453e-01 1.032186985015869141e+00 -4.737098217010498047e-01 -2.709459960460662842e-01 1.112613305449485779e-01 8.305469751358032227e-01
2.559313476085662842e-01 7.279722094535827637e-01 1.044138908386230469e+00 -4.670198261737823486e-01 -2.819246351718902588e-01 1.303931176662445068e-01 8.278940916061401367e-01
2.462949156761169434e-01 7.326493263244628906e-01 1.055751323699951172e+00 -4.590301215648651123e-01 -2.925868332386016846e-01 1.499449610710144043e-01 8.253489732742309570e-01
2.356526553630828857e-01 7.368683815002441406e-01 1.066270351409912109e+00 -4.492743611335754395e-01 -3.034534454345703125e-01 1.698671728372573853e-01 8.229299783706665039e-01
2.230085730552673340e-01 7.401857376098632812e-01 1.076104402542114258e+00 -4.384166300296783447e-01 -3.136476874351501465e-01 1.897739619016647339e-01 8.206107020378112793e-01
2.108785510063171387e-01 7.456691265106201172e-01 1.085270643234252930e+00 -4.260226488113403320e-01 -3.243642449378967285e-01 2.106854319572448730e-01 8.178656697273254395e-01
1.999655365943908691e-01 7.536032199859619141e-01 1.094146013259887695e+00 -4.122205674648284912e-01 -3.344602286815643311e-01 2.309714257717132568e-01 8.153912425041198730e-01
1.885486841201782227e-01 7.581408619880676270e-01 1.104160070419311523e+00 -3.979593217372894287e-01 -3.442105650901794434e-01 2.512140274047851562e-01 8.124278187751770020e-01
1.771278381347656250e-01 7.620663642883300781e-01 1.113906860351562500e+00 -3.824947476387023926e-01 -3.539491295814514160e-01 2.715495824813842773e-01 8.091221451759338379e-01
1.665374040603637695e-01 7.655392289161682129e-01 1.123113751411437988e+00 -3.661925494670867920e-01 -3.633831143379211426e-01 2.915088236331939697e-01 8.055298924446105957e-01
1.549645066261291504e-01 7.679752111434936523e-01 1.131594181060791016e+00 -3.490513563156127930e-01 -3.719817996025085449e-01 3.100838661193847656e-01 8.022722005844116211e-01
1.439883112907409668e-01 7.714528441429138184e-01 1.140066146850585938e+00 -3.314257860183715820e-01 -3.805728256702423096e-01 3.282896578311920166e-01 7.984655499458312988e-01
1.335684061050415039e-01 7.744871973991394043e-01 1.147926330566406250e+00 -3.129393756389617920e-01 -3.888489007949829102e-01 3.458794653415679932e-01 7.945017218589782715e-01
1.235530376434326172e-01 7.771400213241577148e-01 1.155261874198913574e+00 -2.939652502536773682e-01 -3.968091905117034912e-01 3.620786070823669434e-01 7.905859351158142090e-01
1.136117577552795410e-01 7.802935838699340820e-01 1.162209391593933105e+00 -2.747422754764556885e-01 -4.041897356510162354e-01 3.780603408813476562e-01 7.862682938575744629e-01
1.039731502532958984e-01 7.838683724403381348e-01 1.168683767318725586e+00 -2.535698115825653076e-01 -4.120399653911590576e-01 3.912486732006072998e-01 7.828473448753356934e-01
9.436357021331787109e-02 7.863355875015258789e-01 1.174143552780151367e+00 -2.322382479906082153e-01 -4.189698696136474609e-01 4.027003347873687744e-01 7.799757122993469238e-01
8.536100387573242188e-02 7.890521883964538574e-01 1.180529117584228516e+00 -2.119021713733673096e-01 -4.256217777729034424e-01 4.146071076393127441e-01 7.759153246879577637e-01
7.682323455810546875e-02 7.913408279418945312e-01 1.186151266098022461e+00 -1.916615366935729980e-01 -4.314443767070770264e-01 4.260068237781524658e-01 7.717770338058471680e-01
6.811523437500000000e-02 7.940363883972167969e-01 1.190848231315612793e+00 -1.711277961730957031e-01 -4.365633428096771240e-01 4.375118315219879150e-01 7.672752141952514648e-01
5.974304676055908203e-02 7.961996793746948242e-01 1.195978283882141113e+00 -1.516612023115158081e-01 -4.414863586425781250e-01 4.485070109367370605e-01 7.621877789497375488e-01
5.132377147674560547e-02 7.988229393959045410e-01 1.200163960456848145e+00 -1.326419711112976074e-01 -4.461207687854766846e-01 4.593160748481750488e-01 7.565786242485046387e-01
4.346525669097900391e-02 8.010451793670654297e-01 1.202954173088073730e+00 -1.143664941191673279e-01 -4.503270089626312256e-01 4.702602326869964600e-01 7.503207921981811523e-01
3.599917888641357422e-02 8.023165464401245117e-01 1.205701828002929688e+00 -9.714109450578689575e-02 -4.540846943855285645e-01 4.805409610271453857e-01 7.439429163932800293e-01
2.893829345703125000e-02 8.026466965675354004e-01 1.207988023757934570e+00 -8.112284541130065918e-02 -4.573096632957458496e-01 4.899765253067016602e-01 7.377059459686279297e-01
2.192676067352294922e-02 8.041650056838989258e-01 1.209853291511535645e+00 -6.479901820421218872e-02 -4.605970382690429688e-01 4.997524023056030273e-01 7.306839227676391602e-01
1.521039009094238281e-02 8.046051859855651855e-01 1.211603760719299316e+00 -4.974252358078956604e-02 -4.636639952659606934e-01 5.085564255714416504e-01 7.238175272941589355e-01
8.780598640441894531e-03 8.053475022315979004e-01 1.213234901428222656e+00 -3.458235040307044983e-02 -4.668461978435516357e-01 5.160037875175476074e-01 7.173554301261901855e-01
3.120660781860351562e-03 8.102888464927673340e-01 1.215906262397766113e+00 -1.909656822681427002e-02 -4.706252813339233398e-01 5.243199467658996582e-01 7.093911767005920410e-01
-1.889109611511230469e-03 8.106384873390197754e-01 1.217375636100769043e+00 -5.503876134753227234e-03 -4.733217656612396240e-01 5.303822755813598633e-01 7.033000588417053223e-01
-7.074832916259765625e-03 8.118680119514465332e-01 1.219731926918029785e+00 7.411084603518247604e-03 -4.766033589839935303e-01 5.357134342193603516e-01 6.969975233078002930e-01
-1.219320297241210938e-02 8.130556344985961914e-01 1.221247196197509766e+00 9.109353646636009216e-03 -4.832380115985870361e-01 5.353645086288452148e-01 6.926637291908264160e-01
-1.619589328765869141e-02 8.139423727989196777e-01 1.221810460090637207e+00 1.050425507128238678e-02 -4.893778562545776367e-01 5.349919795989990234e-01 6.886091828346252441e-01
-2.128326892852783203e-02 8.141579031944274902e-01 1.223387002944946289e+00 1.205590367317199707e-02 -4.951815903186798096e-01 5.347629785537719727e-01 6.846008896827697754e-01
-2.458012104034423828e-02 8.150130510330200195e-01 1.224870681762695312e+00 1.365266274660825729e-02 -5.007847547531127930e-01 5.348167419433593750e-01 6.804405450820922852e-01
-2.827858924865722656e-02 8.158154487609863281e-01 1.227386236190795898e+00 1.490777824074029922e-02 -5.066535472869873047e-01 5.347799658775329590e-01 6.760845780372619629e-01
-3.043341636657714844e-02 8.163705468177795410e-01 1.228336811065673828e+00 1.577377319335937500e-02 -5.112126469612121582e-01 5.350934863090515137e-01 6.723747253417968750e-01
-3.365361690521240234e-02 8.165737390518188477e-01 1.228930354118347168e+00 1.731211878359317780e-02 -5.151289105415344238e-01 5.352650880813598633e-01 6.692038774490356445e-01
-3.487944602966308594e-02 8.169953227043151855e-01 1.230112552642822266e+00 1.767088286578655243e-02 -5.186009407043457031e-01 5.356944799423217773e-01 6.661623120307922363e-01
-3.624212741851806641e-02 8.177081346511840820e-01 1.232153654098510742e+00 1.773752830922603607e-02 -5.218835473060607910e-01 5.364007353782653809e-01 6.630213260650634766e-01
-3.733253479003906250e-02 8.178857564926147461e-01 1.232751607894897461e+00 1.810811460018157959e-02 -5.237642526626586914e-01 5.367560386657714844e-01 6.612383723258972168e-01
-3.894925117492675781e-02 8.178533315658569336e-01 1.233468294143676758e+00 1.813882403075695038e-02 -5.249648690223693848e-01 5.370271205902099609e-01 6.600641608238220215e-01
-3.987371921539306641e-02 8.181251883506774902e-01 1.233177781105041504e+00 1.815868355333805084e-02 -5.251367688179016113e-01 5.377508997917175293e-01 6.593372225761413574e-01
-4.063534736633300781e-02 8.188682198524475098e-01 1.235000491142272949e+00 1.773234643042087555e-02 -5.257354974746704102e-01 5.382787585258483887e-01 6.584403514862060547e-01
-4.100346565246582031e-02 8.189622163772583008e-01 1.235289216041564941e+00 1.723636873066425323e-02 -5.247195363044738770e-01 5.389026999473571777e-01 6.587536334991455078e-01
-4.113292694091796875e-02 8.197795748710632324e-01 1.235205173492431641e+00 1.658696308732032776e-02 -5.225238204002380371e-01 5.397992134094238281e-01 6.597807407379150391e-01
-4.148828983306884766e-02 8.197067379951477051e-01 1.235515832901000977e+00 1.582384668290615082e-02 -5.199360251426696777e-01 5.398486852645874023e-01 6.618002057075500488e-01
-4.136097431182861328e-02 8.197340369224548340e-01 1.235541582107543945e+00 1.490256376564502716e-02 -5.161401629447937012e-01 5.399684906005859375e-01 6.646888256072998047e-01
-4.184150695800781250e-02 8.192279934883117676e-01 1.236206531524658203e+00 1.360143162310123444e-02 -5.115618109703063965e-01 5.398578047752380371e-01 6.683360338211059570e-01
-4.283213615417480469e-02 8.191525340080261230e-01 1.236793518066406250e+00 1.253093592822551727e-02 -5.058393478393554688e-01 5.393955707550048828e-01 6.730690598487854004e-01
-4.433345794677734375e-02 8.190683722496032715e-01 1.237578034400939941e+00 1.187713257968425751e-02 -4.992771446704864502e-01 5.384243726730346680e-01 6.787344813346862793e-01
-4.543662071228027344e-02 8.201385140419006348e-01 1.239107370376586914e+00 -1.858024159446358681e-03 -4.970024228096008301e-01 5.294870138168334961e-01 6.874799132347106934e-01
-4.862880706787109375e-02 8.195822238922119141e-01 1.238802909851074219e+00 -1.695892401039600372e-02 -4.925485253334045410e-01 5.195052027702331543e-01 6.980134844779968262e-01
-4.918479919433593750e-02 8.202500939369201660e-01 1.240850925445556641e+00 -3.333449363708496094e-02 -4.886791110038757324e-01 5.086257457733154297e-01 7.080829739570617676e-01
-5.166625976562500000e-02 8.193259239196777344e-01 1.242482662200927734e+00 -5.173386633396148682e-02 -4.837974309921264648e-01 4.953406751155853271e-01 7.196536064147949219e-01
-5.395758152008056641e-02 8.187184929847717285e-01 1.243828415870666504e+00 -7.037802040576934814e-02 -4.778756201267242432e-01 4.813541769981384277e-01 7.314233183860778809e-01
-5.682253837585449219e-02 8.179608583450317383e-01 1.245259046554565430e+00 -8.968660980463027954e-02 -4.710589051246643066e-01 4.665227830410003662e-01 7.432471513748168945e-01
-5.999743938446044922e-02 8.172093033790588379e-01 1.247294425964355469e+00 -1.092545241117477417e-01 -4.642020165920257568e-01 4.499831795692443848e-01 7.550464272499084473e-01
-6.195986270904541016e-02 8.182399868965148926e-01 1.249743819236755371e+00 -1.288126111030578613e-01 -4.569571316242218018e-01 4.341964721679687500e-01 7.655526995658874512e-01
-6.479644775390625000e-02 8.175980448722839355e-01 1.252156257629394531e+00 -1.490212231874465942e-01 -4.489410519599914551e-01 4.165079295635223389e-01 7.763799428939819336e-01
-6.762170791625976562e-02 8.174343109130859375e-01 1.254859924316406250e+00 -1.690737009048461914e-01 -4.408427178859710693e-01 3.986813426017761230e-01 7.862093448638916016e-01
-7.045108079910278320e-02 8.169186115264892578e-01 1.256939649581909180e+00 -1.890349835157394409e-01 -4.319841265678405762e-01 3.806037306785583496e-01 7.954850196838378906e-01
-7.275336980819702148e-02 8.165848255157470703e-01 1.259360432624816895e+00 -2.087785601615905762e-01 -4.231871366500854492e-01 3.615059554576873779e-01 8.041378855705261230e-01
-7.512372732162475586e-02 8.162657618522644043e-01 1.261213898658752441e+00 -2.277231514453887939e-01 -4.141263663768768311e-01 3.429656922817230225e-01 8.117980360984802246e-01
-7.748490571975708008e-02 8.159483671188354492e-01 1.262907266616821289e+00 -2.460068017244338989e-01 -4.051226973533630371e-01 3.242860138416290283e-01 8.186542987823486328e-01
-7.947373390197753906e-02 8.156279325485229492e-01 1.264167070388793945e+00 -2.634288668632507324e-01 -3.961210250854492188e-01 3.057848811149597168e-01 8.247357606887817383e-01
-8.112281560897827148e-02 8.152480125427246094e-01 1.265086650848388672e+00 -2.800731062889099121e-01 -3.871868848800659180e-01 2.877633273601531982e-01 8.299624323844909668e-01
-8.223360776901245117e-02 8.152232766151428223e-01 1.265885829925537109e+00 -2.954208552837371826e-01 -3.789624869823455811e-01 2.705187797546386719e-01 8.342262506484985352e-01
-8.334541320800781250e-02 8.152101039886474609e-01 1.266665458679199219e+00 -3.096934258937835693e-01 -3.713419437408447266e-01 2.541982233524322510e-01 8.376027941703796387e-01
-8.430469036102294922e-02 8.150278329849243164e-01 1.267083883285522461e+00 -3.226019442081451416e-01 -3.641195595264434814e-01 2.385868877172470093e-01 8.404887318611145020e-01
-8.495295047760009766e-02 8.151606321334838867e-01 1.267522811889648438e+00 -3.341895341873168945e-01 -3.580276668071746826e-01 2.244585603475570679e-01 8.424677848815917969e-01
-8.540832996368408203e-02 8.153191804885864258e-01 1.267584562301635742e+00 -3.441347479820251465e-01 -3.528324663639068604e-01 2.115135192871093750e-01 8.440039157867431641e-01
-8.576342463493347168e-02 8.152301311492919922e-01 1.267837762832641602e+00 -3.530337810516357422e-01 -3.486124575138092041e-01 1.999106109142303467e-01 8.449096083641052246e-01
-8.624097704887390137e-02 8.151910305023193359e-01 1.268018245697021484e+00 -3.602780997753143311e-01 -3.453395366668701172e-01 1.894834041595458984e-01 8.455982804298400879e-01
-8.676424622535705566e-02 8.151011466979980469e-01 1.268339037895202637e+00 -3.667798936367034912e-01 -3.426207304000854492e-01 1.803505271673202515e-01 8.459061980247497559e-01
-8.737984299659729004e-02 8.149043321609497070e-01 1.268686294555664062e+00 -3.721380829811096191e-01 -3.404092192649841309e-01 1.721860021352767944e-01 8.461600542068481445e-01
-8.805590867996215820e-02 8.148720264434814453e-01 1.269083023071289062e+00 -3.768158853054046631e-01 -3.386108279228210449e-01 1.648930907249450684e-01 8.462640643119812012e-01
-8.894044160842895508e-02 8.146539926528930664e-01 1.269523620605468750e+00 -3.804938197135925293e-01 -3.371556699275970459e-01 1.583345085382461548e-01 8.464518785476684570e-01
-8.986926078796386719e-02 8.144559860229492188e-01 1.270100355148315430e+00 -3.836590945720672607e-01 -3.358666598796844482e-01 1.525796055793762207e-01 8.465924859046936035e-01
-9.102624654769897461e-02 8.142954111099243164e-01 1.270648360252380371e+00 -3.863054215908050537e-01 -3.345541954040527344e-01 1.476182639598846436e-01 8.467883467674255371e-01
-9.220495820045471191e-02 8.140184879302978516e-01 1.271289229393005371e+00 -3.885176777839660645e-01 -3.331601917743682861e-01 1.430718749761581421e-01 8.471061587333679199e-01
-9.361228346824645996e-02 8.137064576148986816e-01 1.271987676620483398e+00 -3.904936909675598145e-01 -3.312374055385589600e-01 1.390636861324310303e-01 8.476189374923706055e-01
-9.496185183525085449e-02 8.133593797683715820e-01 1.272768259048461914e+00 -3.921472430229187012e-01 -3.291367292404174805e-01 1.351416707038879395e-01 8.483079671859741211e-01
-9.656077623367309570e-02 8.129559755325317383e-01 1.273576498031616211e+00 -3.936948776245117188e-01 -3.262004554271697998e-01 1.314455717802047729e-01 8.493054509162902832e-01
-9.842559695243835449e-02 8.125463724136352539e-01 1.274310111999511719e+00 -3.952158391475677490e-01 -3.224178254604339600e-01 1.278222501277923584e-01 8.505955338478088379e-01
-1.003314554691314697e-01 8.121629953384399414e-01 1.275164961814880371e+00 -3.969501256942749023e-01 -3.179363310337066650e-01 1.240314319729804993e-01 8.520348072052001953e-01
-1.023259460926055908e-01 8.116668462753295898e-01 1.276183605194091797e+00 -3.989970982074737549e-01 -3.120596110820770264e-01 1.200798675417900085e-01 8.538155555725097656e-01
-1.045730710029602051e-01 8.110089898109436035e-01 1.277040719985961914e+00 -4.010998010635375977e-01 -3.050094544887542725e-01 1.156173944473266602e-01 8.559911847114562988e-01
-1.067457199096679688e-01 8.104385137557983398e-01 1.277955770492553711e+00 -4.036520123481750488e-01 -2.963815331459045410e-01 1.112269312143325806e-01 8.584006428718566895e-01
-1.090025752782821655e-01 8.095954656600952148e-01 1.279012918472290039e+00 -4.069294035434722900e-01 -2.864269018173217773e-01 1.060763224959373474e-01 8.608809113502502441e-01
-1.115982383489608765e-01 8.089285492897033691e-01 1.279978394508361816e+00 -4.103825688362121582e-01 -2.745869457721710205e-01 1.001356169581413269e-01 8.638061881065368652e-01
-1.141780763864517212e-01 8.081378936767578125e-01 1.280846834182739258e+00 -4.146320819854736328e-01 -2.605271041393280029e-01 9.362405538558959961e-02 8.668566346168518066e-01
-1.169234514236450195e-01 8.072358965873718262e-01 1.281925201416015625e+00 -4.193888902664184570e-01 -2.449892312288284302e-01 8.652885258197784424e-02 8.698310852050781250e-01
-1.198542714118957520e-01 8.062611818313598633e-01 1.282911896705627441e+00 -4.242996275424957275e-01 -2.278848886489868164e-01 7.885471731424331665e-02 8.728231787681579590e-01
-1.227898746728897095e-01 8.052433729171752930e-01 1.283946514129638672e+00 -4.292560219764709473e-01 -2.094962000846862793e-01 7.083969563245773315e-02 8.756896853446960449e-01
-1.259782612323760986e-01 8.041827678680419922e-01 1.284830570220947266e+00 -4.342060089111328125e-01 -1.899218112230300903e-01 6.228719651699066162e-02 8.783593773841857910e-01
-1.292775273323059082e-01 8.029655218124389648e-01 1.285790085792541504e+00 -4.391825199127197266e-01 -1.694725155830383301e-01 5.358912423253059387e-02 8.806395530700683594e-01
-1.324304938316345215e-01 8.019358515739440918e-01 1.286689639091491699e+00 -4.440267980098724365e-01 -1.488959193229675293e-01 4.489184916019439697e-02 8.824142813682556152e-01
-1.358299404382705688e-01 8.005591034889221191e-01 1.287607789039611816e+00 -4.485332071781158447e-01 -1.276979297399520874e-01 3.638420999050140381e-02 8.838480710983276367e-01
-1.394096165895462036e-01 7.992097139358520508e-01 1.288428544998168945e+00 -4.525833427906036377e-01 -1.064780652523040771e-01 2.782528102397918701e-02 8.849048614501953125e-01
-1.432663053274154663e-01 7.979340553283691406e-01 1.289218664169311523e+00 -4.559267461299896240e-01 -8.538054674863815308e-02 1.919941790401935577e-02 8.857045173645019531e-01
-1.470863223075866699e-01 7.964911460876464844e-01 1.289968252182006836e+00 -4.588665962219238281e-01 -6.483315676450729370e-02 1.127436477690935135e-02 8.860649466514587402e-01
-1.510016918182373047e-01 7.952834367752075195e-01 1.290673255920410156e+00 -4.609634578227996826e-01 -4.517070204019546509e-02 3.798232413828372955e-03 8.862606883049011230e-01
-1.549806296825408936e-01 7.935907840728759766e-01 1.291397333145141602e+00 -4.628177285194396973e-01 -2.649858966469764709e-02 -2.906165085732936859e-03 8.860526084899902344e-01
-1.590850055217742920e-01 7.918838262557983398e-01 1.292018413543701172e+00 -4.636861681938171387e-01 -9.009568020701408386e-03 -8.673940785229206085e-03 8.859112858772277832e-01
-1.633084118366241455e-01 7.904162406921386719e-01 1.292582988739013672e+00 -4.638063907623291016e-01 7.420443464070558548e-03 -1.263077184557914734e-02 8.858154416084289551e-01
-1.675506085157394409e-01 7.888721823692321777e-01 1.293126463890075684e+00 -4.631147980690002441e-01 2.230381965637207031e-02 -1.444409321993589401e-02 8.858999609947204590e-01
-1.720806211233139038e-01 7.869959473609924316e-01 1.293586492538452148e+00 -4.616726040840148926e-01 3.514876216650009155e-02 -1.630812510848045349e-02 8.862037658691406250e-01
-1.768084019422531128e-01 7.849800586700439453e-01 1.294099569320678711e+00 -4.596031010150909424e-01 4.483032599091529846e-02 -1.817705854773521423e-02 8.868059515953063965e-01
-1.815060228109359741e-01 7.832618355751037598e-01 1.294597029685974121e+00 -4.568458199501037598e-01 5.122996494174003601e-02 -1.971557736396789551e-02 8.878506422042846680e-01
-1.864294707775115967e-01 7.814645767211914062e-01 1.294941186904907227e+00 -4.532113671302795410e-01 5.437840148806571960e-02 -2.108002826571464539e-02 8.894931674003601074e-01
-1.913780122995376587e-01 7.793924212455749512e-01 1.295390844345092773e+00 -4.486853480339050293e-01 5.583130195736885071e-02 -1.787532493472099304e-02 8.917649984359741211e-01
-1.964866220951080322e-01 7.771687507629394531e-01 1.295791387557983398e+00 -4.432211816310882568e-01 5.466351658105850220e-02 -1.321212295442819595e-02 8.946465253829956055e-01
-2.013295441865921021e-01 7.751805186271667480e-01 1.296272158622741699e+00 -4.370162189006805420e-01 5.025723576545715332e-02 -6.853405851870775223e-03 8.980223536491394043e-01
-2.074664235115051270e-01 7.747830748558044434e-01 1.296953439712524414e+00 -4.293064475059509277e-01 4.495183378458023071e-02 -4.021634522359818220e-04 9.020395278930664062e-01
-2.128158658742904663e-01 7.727192640304565430e-01 1.297446727752685547e+00 -4.211850464344024658e-01 3.655693680047988892e-02 8.465092629194259644e-03 9.061982035636901855e-01
-2.184768766164779663e-01 7.700898647308349609e-01 1.298201799392700195e+00 -4.128093421459197998e-01 2.645350992679595947e-02 1.825506612658500671e-02 9.102501869201660156e-01
-2.240976393222808838e-01 7.675700187683105469e-01 1.298767685890197754e+00 -4.031998217105865479e-01 1.459513325244188309e-02 2.935820259153842926e-02 9.145244359970092773e-01
-2.300732731819152832e-01 7.651851177215576172e-01 1.299708843231201172e+00 -3.928492963314056396e-01 1.517044263891875744e-03 4.129063710570335388e-02 9.186741709709167480e-01
-2.360276877880096436e-01 7.627834081649780273e-01 1.300804138183593750e+00 -3.817217350006103516e-01 -1.294576656073331833e-02 5.426277592778205872e-02 9.225922822952270508e-01
-2.421811819076538086e-01 7.599161863327026367e-01 1.302135705947875977e+00 -3.701327145099639893e-01 -2.813650667667388916e-02 6.777447462081909180e-02 9.260759949684143066e-01
-2.481354176998138428e-01 7.571308612823486328e-01 1.303236961364746094e+00 -3.575157225131988525e-01 -4.386543855071067810e-02 8.234147727489471436e-02 9.292352795600891113e-01
-2.545295357704162598e-01 7.544673085212707520e-01 1.304831385612487793e+00 -3.442110717296600342e-01 -6.015321239829063416e-02 9.730872511863708496e-02 9.318966865539550781e-01
-2.609294652938842773e-01 7.515461444854736328e-01 1.306672453880310059e+00 -3.305123746395111084e-01 -7.653482258319854736e-02 1.127852723002433777e-01 9.339076876640319824e-01
-2.670433819293975830e-01 7.487601637840270996e-01 1.308602452278137207e+00 -3.159597814083099365e-01 -9.293838590383529663e-02 1.288695931434631348e-01 9.353740215301513672e-01
-2.734012007713317871e-01 7.456934452056884766e-01 1.310767173767089844e+00 -3.008830845355987549e-01 -1.090421974658966064e-01 1.454897373914718628e-01 9.361687898635864258e-01
-2.798591852188110352e-01 7.421638369560241699e-01 1.313048958778381348e+00 -2.858481705188751221e-01 -1.243621334433555603e-01 1.621143370866775513e-01 9.362392425537109375e-01
-2.872142195701599121e-01 7.394690513610839844e-01 1.315865874290466309e+00 -2.702575623989105225e-01 -1.384344398975372314e-01 1.785389780998229980e-01 9.359063506126403809e-01
-2.938283383846282959e-01 7.358458042144775391e-01 1.318652629852294922e+00 -2.545506656169891357e-01 -1.521529704332351685e-01 1.952983736991882324e-01 9.348326325416564941e-01
-2.993912398815155029e-01 7.326658964157104492e-01 1.321332216262817383e+00 -2.387791126966476440e-01 -1.646514236927032471e-01 2.124334424734115601e-01 9.331380128860473633e-01
-3.047520518302917480e-01 7.301694750785827637e-01 1.323406696319580078e+00 -2.224880903959274292e-01 -1.755164712667465210e-01 2.291489392518997192e-01 9.312270879745483398e-01
-3.099893033504486084e-01 7.270957231521606445e-01 1.325849771499633789e+00 -2.067619562149047852e-01 -1.848132014274597168e-01 2.450315654277801514e-01 9.290065765380859375e-01
-3.148308098316192627e-01 7.249573469161987305e-01 1.328179717063903809e+00 -1.905884295701980591e-01 -1.927444487810134888e-01 2.610856592655181885e-01 9.264771938323974609e-01
-3.190636932849884033e-01 7.226841449737548828e-01 1.330190181732177734e+00 -1.750890463590621948e-01 -1.988262683153152466e-01 2.771010398864746094e-01 9.235946536064147949e-01
-3.224265277385711670e-01 7.203395366668701172e-01 1.332072257995605469e+00 -1.602196395397186279e-01 -2.038058340549468994e-01 2.923826873302459717e-01 9.204918146133422852e-01
-3.252013921737670898e-01 7.185374498367309570e-01 1.333517551422119141e+00 -1.452787667512893677e-01 -2.076779305934906006e-01 3.076041638851165771e-01 9.171388149261474609e-01
-3.272309005260467529e-01 7.162488102912902832e-01 1.334382772445678711e+00 -1.311150491237640381e-01 -2.101742029190063477e-01 3.221207559108734131e-01 9.137143492698669434e-01
-3.282084763050079346e-01 7.172308564186096191e-01 1.335684180259704590e+00 -1.161401197314262390e-01 -2.128624618053436279e-01 3.362869620323181152e-01 9.100067615509033203e-01
-3.302975296974182129e-01 7.159587144851684570e-01 1.336536288261413574e+00 -1.024355739355087280e-01 -2.134964764118194580e-01 3.493925929069519043e-01 9.065600037574768066e-01
-3.318824172019958496e-01 7.144192457199096680e-01 1.337136745452880859e+00 -8.971811085939407349e-02 -2.132762223482131958e-01 3.618646264076232910e-01 9.030603766441345215e-01
-3.329287171363830566e-01 7.140291929244995117e-01 1.337646484375000000e+00 -7.722715288400650024e-02 -2.126760035753250122e-01 3.735358715057373047e-01 8.995976448059082031e-01
-3.336729705333709717e-01 7.129045128822326660e-01 1.337925672531127930e+00 -6.579884886741638184e-02 -2.115343958139419556e-01 3.842364251613616943e-01 8.962622880935668945e-01
-3.341650366783142090e-01 7.106107473373413086e-01 1.337509870529174805e+00 -5.548974871635437012e-02 -2.094684839248657227e-01 3.941799402236938477e-01 8.931216001510620117e-01
-3.336953222751617432e-01 7.099285125732421875e-01 1.338881492614746094e+00 -4.584608972072601318e-02 -2.082402706146240234e-01 4.033756554126739502e-01 8.898439407348632812e-01
-3.342174291610717773e-01 7.094411849975585938e-01 1.338473439216613770e+00 -3.633882850408554077e-02 -2.062107622623443604e-01 4.115198254585266113e-01 8.870220184326171875e-01
-3.353138267993927002e-01 7.094926834106445312e-01 1.339211106300354004e+00 -2.747981995344161987e-02 -2.043144851922988892e-01 4.189386665821075439e-01 8.843024373054504395e-01
-3.360472917556762695e-01 7.088202834129333496e-01 1.340811848640441895e+00 -2.045167610049247742e-02 -2.027998417615890503e-01 4.260435700416564941e-01 8.814424872398376465e-01
-3.376156389713287354e-01 7.082546949386596680e-01 1.342759370803833008e+00 -1.403394155204296112e-02 -2.016104757785797119e-01 4.314197599887847900e-01 8.792231082916259766e-01
-3.407368361949920654e-01 7.067087292671203613e-01 1.344248771667480469e+00 -8.786886930465698242e-03 -1.998571455478668213e-01 4.355998337268829346e-01 8.776291012763977051e-01
-3.431839346885681152e-01 7.045150995254516602e-01 1.345502257347106934e+00 -4.930115304887294769e-03 -1.988295912742614746e-01 4.382235407829284668e-01 8.765857815742492676e-01
-3.458937406539916992e-01 7.018676996231079102e-01 1.347343444824218750e+00 -2.479314804077148438e-03 -1.983850896358489990e-01 4.394246935844421387e-01 8.760954141616821289e-01
-3.493004739284515381e-01 7.005279660224914551e-01 1.349182248115539551e+00 -2.363550476729869843e-03 -1.987856030464172363e-01 4.395524561405181885e-01 8.759409189224243164e-01
-3.535971343517303467e-01 6.975806951522827148e-01 1.350704073905944824e+00 -2.407368272542953491e-03 -1.993741393089294434e-01 4.387702643871307373e-01 8.761991262435913086e-01
-3.576043546199798584e-01 6.958107948303222656e-01 1.351948976516723633e+00 -1.861389027908444405e-03 -2.005191147327423096e-01 4.370517730712890625e-01 8.767977952957153320e-01
-3.615763783454895020e-01 6.934928894042968750e-01 1.352781414985656738e+00 -1.782697043381631374e-03 -2.018979042768478394e-01 4.346627593040466309e-01 8.776687383651733398e-01
-3.649671077728271484e-01 6.901444792747497559e-01 1.354093074798583984e+00 -4.624356981366872787e-03 -2.049389034509658813e-01 4.306653439998626709e-01 8.789232373237609863e-01
-3.730599284172058105e-01 6.861720085144042969e-01 1.353209614753723145e+00 -7.291174493730068207e-03 -2.061001807451248169e-01 4.257869720458984375e-01 8.810079693794250488e-01
-3.801526427268981934e-01 6.820558309555053711e-01 1.352608442306518555e+00 -1.085788570344448090e-02 -2.084801793098449707e-01 4.202625751495361328e-01 8.830614686012268066e-01
-3.864696621894836426e-01 6.789871454238891602e-01 1.351700782775878906e+00 -1.505905762314796448e-02 -2.117438912391662598e-01 4.144643545150756836e-01 8.849616646766662598e-01
-3.943080008029937744e-01 6.744470596313476562e-01 1.349093914031982422e+00 -1.979797706007957458e-02 -2.141535878181457520e-01 4.078156650066375732e-01 8.873741030693054199e-01
-4.017382264137268066e-01 6.698503494262695312e-01 1.346986413002014160e+00 -2.565435133874416351e-02 -2.172815799713134766e-01 4.010667204856872559e-01 8.895370960235595703e-01
-4.065918922424316406e-01 6.652325391769409180e-01 1.345715641975402832e+00 -3.204520791769027710e-02 -2.225292026996612549e-01 3.929599821567535400e-01 8.916480541229248047e-01
-4.144996702671051025e-01 6.616386175155639648e-01 1.343631505966186523e+00 -3.771783784031867981e-02 -2.266973108053207397e-01 3.846223950386047363e-01 8.940085768699645996e-01
-4.221081137657165527e-01 6.570435762405395508e-01 1.341671705245971680e+00 -4.479324817657470703e-02 -2.307970672845840454e-01 3.763762712478637695e-01 8.961401581764221191e-01
-4.317647218704223633e-01 6.530684232711791992e-01 1.338801503181457520e+00 -5.112195014953613281e-02 -2.343652546405792236e-01 3.679351508617401123e-01 8.983780741691589355e-01
-4.402025043964385986e-01 6.491985917091369629e-01 1.336464881896972656e+00 -5.792200565338134766e-02 -2.387218922376632690e-01 3.589091002941131592e-01 9.004672169685363770e-01
-4.505593180656433105e-01 6.444715261459350586e-01 1.333240270614624023e+00 -6.555459648370742798e-02 -2.421991974115371704e-01 3.498999774456024170e-01 9.025587439537048340e-01
-4.608625769615173340e-01 6.413540840148925781e-01 1.330008625984191895e+00 -7.231765985488891602e-02 -2.459575533866882324e-01 3.410399854183197021e-01 9.044151902198791504e-01
-4.692649245262145996e-01 6.350666284561157227e-01 1.327020883560180664e+00 -8.171034604310989380e-02 -2.501717209815979004e-01 3.312596082687377930e-01 9.060930609703063965e-01
-4.799301624298095703e-01 6.325107812881469727e-01 1.323221802711486816e+00 -8.827568590641021729e-02 -2.539958655834197998e-01 3.230993449687957764e-01 9.073590636253356934e-01
-4.902599155902862549e-01 6.281623840332031250e-01 1.319142341613769531e+00 -9.538298100233078003e-02 -2.575029432773590088e-01 3.145981729030609131e-01 9.086376428604125977e-01
-5.013330578804016113e-01 6.235920190811157227e-01 1.314176440238952637e+00 -1.021889448165893555e-01 -2.605744302272796631e-01 3.066550493240356445e-01 9.097368717193603516e-01
-5.114734172821044922e-01 6.192278265953063965e-01 1.309821605682373047e+00 -1.087281703948974609e-01 -2.641928791999816895e-01 2.989864647388458252e-01 9.104875326156616211e-01
-5.227570533752441406e-01 6.138976812362670898e-01 1.304131031036376953e+00 -1.150080487132072449e-01 -2.667154669761657715e-01 2.916986942291259766e-01 9.113439917564392090e-01
-5.335905551910400391e-01 6.072701811790466309e-01 1.298564195632934570e+00 -1.222231760621070862e-01 -2.693886458873748779e-01 2.841393649578094482e-01 9.120066165924072266e-01
-5.455023050308227539e-01 6.021912693977355957e-01 1.292531490325927734e+00 -1.278676092624664307e-01 -2.714381515979766846e-01 2.776387631893157959e-01 9.126269817352294922e-01
-5.573811531066894531e-01 5.966543555259704590e-01 1.286640644073486328e+00 -1.336311846971511841e-01 -2.734504938125610352e-01 2.715514898300170898e-01 9.130319356918334961e-01
-5.694132447242736816e-01 5.899447798728942871e-01 1.280414342880249023e+00 -1.397611647844314575e-01 -2.752406001091003418e-01 2.649630606174468994e-01 9.135119318962097168e-01
-5.808002352714538574e-01 5.833925604820251465e-01 1.274119377136230469e+00 -1.455805748701095581e-01 -2.773248255252838135e-01 2.591991126537322998e-01 9.136263728141784668e-01
-5.928602218627929688e-01 5.762497186660766602e-01 1.267427682876586914e+00 -1.511623412370681763e-01 -2.789748311042785645e-01 2.527998983860015869e-01 9.140105247497558594e-01
-6.031814217567443848e-01 5.687968730926513672e-01 1.260542392730712891e+00 -1.569357514381408691e-01 -2.817941308021545410e-01 2.472593635320663452e-01 9.136881828308105469e-01
-6.128963232040405273e-01 5.599851608276367188e-01 1.250319361686706543e+00 -1.622496098279953003e-01 -2.826856672763824463e-01 2.414673715829849243e-01 9.140336513519287109e-01
-6.199660301208496094e-01 5.508035421371459961e-01 1.239253044128417969e+00 -1.680372804403305054e-01 -2.838113903999328613e-01 2.356573492288589478e-01 9.141554832458496094e-01
-6.261976957321166992e-01 5.418967008590698242e-01 1.227135062217712402e+00 -1.735086888074874878e-01 -2.845270931720733643e-01 2.300045192241668701e-01 9.143505692481994629e-01
-6.316994428634643555e-01 5.332301855087280273e-01 1.215549349784851074e+00 -1.792026013135910034e-01 -2.853666841983795166e-01 2.246090173721313477e-01 9.143320322036743164e-01
-6.360021829605102539e-01 5.240683555603027344e-01 1.204323649406433105e+00 -1.851304918527603149e-01 -2.867845594882965088e-01 2.185834646224975586e-01 9.141677618026733398e-01
-6.402556896209716797e-01 5.154463052749633789e-01 1.192795991897583008e+00 -1.906081140041351318e-01 -2.880868911743164062e-01 2.124453336000442505e-01 9.140795469284057617e-01
-6.442490816116333008e-01 5.057086944580078125e-01 1.181945919990539551e+00 -1.966582685708999634e-01 -2.888192534446716309e-01 2.063120305538177490e-01 9.139717221260070801e-01
-6.472719311714172363e-01 4.959245324134826660e-01 1.171489000320434570e+00 -2.027446776628494263e-01 -2.898340225219726562e-01 1.999472528696060181e-01 9.137352108955383301e-01
-6.513108611106872559e-01 4.855317473411560059e-01 1.160836458206176758e+00 -2.089278995990753174e-01 -2.900225222110748291e-01 1.932332366704940796e-01 9.137270450592041016e-01
-6.552500724792480469e-01 4.745374321937561035e-01 1.150168657302856445e+00 -2.152886539697647095e-01 -2.902003824710845947e-01 1.862652599811553955e-01 9.136409759521484375e-01
-6.593609452247619629e-01 4.635621011257171631e-01 1.139427423477172852e+00 -2.212717980146408081e-01 -2.902059555053710938e-01 1.788644194602966309e-01 9.136885404586791992e-01
-6.617101430892944336e-01 4.529890418052673340e-01 1.129194378852844238e+00 -2.274779677391052246e-01 -2.910021841526031494e-01 1.719232499599456787e-01 9.132436513900756836e-01
-6.649943590164184570e-01 4.410595893859863281e-01 1.119355320930480957e+00 -2.342333495616912842e-01 -2.908807396888732910e-01 1.639039367437362671e-01 9.130491018295288086e-01
-6.676614880561828613e-01 4.289094209671020508e-01 1.110018134117126465e+00 -2.413041889667510986e-01 -2.908409237861633301e-01 1.556441038846969604e-01 9.126657843589782715e-01
-6.703892946243286133e-01 4.171199202537536621e-01 1.100781083106994629e+00 -2.482394576072692871e-01 -2.906957566738128662e-01 1.474061012268066406e-01 9.122196435928344727e-01
-6.731681227684020996e-01 4.052008986473083496e-01 1.091594457626342773e+00 -2.552799284458160400e-01 -2.901612818241119385e-01 1.389813423156738281e-01 9.117690920829772949e-01
-6.751716136932373047e-01 3.933684229850769043e-01 1.082815051078796387e+00 -2.622934579849243164e-01 -2.902257144451141357e-01 1.304246485233306885e-01 9.110218286514282227e-01
-6.776182651519775391e-01 3.810067772865295410e-01 1.074100732803344727e+00 -2.695648670196533203e-01 -2.897194623947143555e-01 1.210932508111000061e-01 9.103482365608215332e-01
-6.797779202461242676e-01 3.683646619319915771e-01 1.064496397972106934e+00 -2.765960395336151123e-01 -2.891593873500823975e-01 1.121775582432746887e-01 9.095590710639953613e-01
-6.816682815551757812e-01 3.561718463897705078e-01 1.056057572364807129e+00 -2.837247252464294434e-01 -2.887421846389770508e-01 1.030007004737854004e-01 9.085808396339416504e-01
-6.836549043655395508e-01 3.439146578311920166e-01 1.047921895980834961e+00 -2.912652194499969482e-01 -2.882059514522552490e-01 9.378227591514587402e-02 9.073625802993774414e-01
-6.855062842369079590e-01 3.317244648933410645e-01 1.039798736572265625e+00 -2.986105382442474365e-01 -2.876536250114440918e-01 8.441472053527832031e-02 9.060692191123962402e-01
-6.879698038101196289e-01 3.192774951457977295e-01 1.031563997268676758e+00 -3.060726225376129150e-01 -2.866558730602264404e-01 7.496974617242813110e-02 9.047251343727111816e-01
-6.899346709251403809e-01 3.070412278175354004e-01 1.023531913757324219e+00 -3.132421672344207764e-01 -2.858114540576934814e-01 6.553684175014495850e-02 9.032697677612304688e-01
-6.917876005172729492e-01 2.955416142940521240e-01 1.015058040618896484e+00 -3.199089765548706055e-01 -2.852316200733184814e-01 5.640636384487152100e-02 9.017313718795776367e-01
-6.936001777648925781e-01 2.835967838764190674e-01 1.007126808166503906e+00 -3.269550204277038574e-01 -2.845283746719360352e-01 4.698225483298301697e-02 8.999648690223693848e-01
-6.953684091567993164e-01 2.716753482818603516e-01 9.991725683212280273e-01 -3.338260650634765625e-01 -2.837173044681549072e-01 3.770377486944198608e-02 8.981331586837768555e-01
-6.969668865203857422e-01 2.607197761535644531e-01 9.919002652168273926e-01 -3.407499194145202637e-01 -2.828938663005828857e-01 2.864430658519268036e-02 8.961250185966491699e-01
