-0.000000000000000000e+00 -0.000000000000000000e+00 -0.000000000000000000e+00 -0.000000000000000000e+00 -0.000000000000000000e+00 -0.000000000000000000e+00 1.000000000000000000e+00
-0.000000000000000000e+00 -0.000000000000000000e+00 -0.000000000000000000e+00 -0.000000000000000000e+00 -0.000000000000000000e+00 -0.000000000000000000e+00 1.000000000000000000e+00
1.509586907923221588e-02 1.800536736845970154e-02 2.042853087186813354e-02 -2.902514766901731491e-03 -2.646897337399423122e-04 -1.818605815060436726e-03 9.999941587448120117e-01
1.509586907923221588e-02 1.800536736845970154e-02 2.042853087186813354e-02 -2.902514766901731491e-03 -2.646897337399423122e-04 -1.818605815060436726e-03 9.999941587448120117e-01
2.534982562065124512e-02 3.041181899607181549e-02 3.895742446184158325e-02 -7.268031127750873566e-03 4.597635474056005478e-03 -5.017528310418128967e-03 9.999504685401916504e-01
2.534982562065124512e-02 3.041181899607181549e-02 3.895742446184158325e-02 -7.268031127750873566e-03 4.597635474056005478e-03 -5.017528310418128967e-03 9.999504685401916504e-01
3.837933763861656189e-02 4.086408019065856934e-02 5.685678496956825256e-02 -1.128068286925554276e-02 1.160589605569839478e-02 -9.331542998552322388e-03 9.998255372047424316e-01
3.837933763861656189e-02 4.086408019065856934e-02 5.685678496956825256e-02 -1.128068286925554276e-02 1.160589605569839478e-02 -9.331542998552322388e-03 9.998255372047424316e-01
4.897532612085342407e-02 5.006291717290878296e-02 7.151000946760177612e-02 -1.546919438987970352e-02 2.106941118836402893e-02 -1.551264151930809021e-02 9.995380043983459473e-01
4.897532612085342407e-02 5.006291717290878296e-02 7.151000946760177612e-02 -1.546919438987970352e-02 2.106941118836402893e-02 -1.551264151930809021e-02 9.995380043983459473e-01
6.065760552883148193e-02 5.966835841536521912e-02 8.704026788473129272e-02 -2.032407745718955994e-02 3.190168738365173340e-02 -2.223670482635498047e-02 9.990369677543640137e-01
6.065760552883148193e-02 5.966835841536521912e-02 8.704026788473129272e-02 -2.032407745718955994e-02 3.190168738365173340e-02 -2.223670482635498047e-02 9.990369677543640137e-01
7.109270244836807251e-02 6.813305616378784180e-02 1.004621982574462891e-01 -2.476794831454753876e-02 4.321612045168876648e-02 -2.930920757353305817e-02 9.983286261558532715e-01
7.109270244836807251e-02 6.813305616378784180e-02 1.004621982574462891e-01 -2.476794831454753876e-02 4.321612045168876648e-02 -2.930920757353305817e-02 9.983286261558532715e-01
8.241839706897735596e-02 7.701413333415985107e-02 1.137753650546073914e-01 -2.870994433760643005e-02 5.448332056403160095e-02 -3.631565347313880920e-02 9.974410533905029297e-01
8.956822752952575684e-02 8.031055331230163574e-02 1.201789602637290955e-01 -3.105129674077033997e-02 5.969237536191940308e-02 -4.024177417159080505e-02 9.969218969345092773e-01
9.725359082221984863e-02 8.547493070363998413e-02 1.281146854162216187e-01 -3.259754180908203125e-02 6.420497596263885498e-02 -4.300430044531822205e-02 9.964767098426818848e-01
1.061910912394523621e-01 9.146328270435333252e-02 1.344801038503646851e-01 -3.322261571884155273e-02 6.722952425479888916e-02 -4.487702250480651855e-02 9.961739182472229004e-01
9.547298401594161987e-02 9.622998535633087158e-02 1.334069818258285522e-01 -3.271458670496940613e-02 8.129383623600006104e-02 -4.750600829720497131e-02 9.950197339057922363e-01
1.063467189669609070e-01 1.004888191819190979e-01 1.391454935073852539e-01 -3.369748219847679138e-02 8.368396013975143433e-02 -4.950784891843795776e-02 9.946911931037902832e-01
1.183414310216903687e-01 1.044112071394920349e-01 1.443615853786468506e-01 -3.422942012548446655e-02 8.565917611122131348e-02 -4.809789732098579407e-02 9.945740103721618652e-01
1.315507739782333374e-01 1.087761744856834412e-01 1.496900767087936401e-01 -3.424393758177757263e-02 8.685796707868576050e-02 -4.657777771353721619e-02 9.945418834686279297e-01
1.457747966051101685e-01 1.136762201786041260e-01 1.533933132886886597e-01 -3.377052769064903259e-02 8.814952522516250610e-02 -4.471111670136451721e-02 9.945301413536071777e-01
1.618348807096481323e-01 1.190703511238098145e-01 1.561276614665985107e-01 -3.214158862829208374e-02 8.726803958415985107e-02 -4.176587611436843872e-02 9.947898983955383301e-01
1.787183135747909546e-01 1.228873655200004578e-01 1.577023714780807495e-01 -2.912320196628570557e-02 8.540330827236175537e-02 -3.854490444064140320e-02 9.951745867729187012e-01
1.909629255533218384e-01 1.250013709068298340e-01 1.663883328437805176e-01 -2.773191034793853760e-02 8.507963269948959351e-02 -3.847799450159072876e-02 9.952446818351745605e-01
1.823510527610778809e-01 1.153248399496078491e-01 1.713285744190216064e-01 -3.047454357147216797e-02 9.682129323482513428e-02 -4.887318238615989685e-02 9.936339259147644043e-01
1.961753964424133301e-01 1.159784123301506042e-01 1.770934164524078369e-01 -2.982945740222930908e-02 9.682755917310714722e-02 -4.793999716639518738e-02 9.936983585357666016e-01
2.097190469503402710e-01 1.174481436610221863e-01 1.821149885654449463e-01 -2.934109047055244446e-02 9.695283323526382446e-02 -4.713768139481544495e-02 9.937390685081481934e-01
2.241290658712387085e-01 1.209409311413764954e-01 1.901300251483917236e-01 -2.943006157875061035e-02 9.683858603239059448e-02 -4.653405025601387024e-02 9.937760233879089355e-01
2.391818314790725708e-01 1.238784715533256531e-01 1.949555724859237671e-01 -2.919696457684040070e-02 9.676618129014968872e-02 -4.612926393747329712e-02 9.938088059425354004e-01
2.540860474109649658e-01 1.255974173545837402e-01 1.994577497243881226e-01 -2.944312058389186859e-02 9.696743637323379517e-02 -4.682354629039764404e-02 9.937494993209838867e-01
2.652310431003570557e-01 1.294675767421722412e-01 2.099462151527404785e-01 -3.043443895876407623e-02 9.624486416578292847e-02 -4.818850383162498474e-02 9.937245845794677734e-01
2.712267935276031494e-01 1.371681839227676392e-01 2.221634685993194580e-01 -3.098768740892410278e-02 9.604240208864212036e-02 -4.830591380596160889e-02 9.937214255332946777e-01
2.721251845359802246e-01 1.481408029794692993e-01 2.354827374219894409e-01 -3.050428070127964020e-02 9.589369595050811768e-02 -4.863237962126731873e-02 9.937347769737243652e-01
2.738692760467529297e-01 1.636218130588531494e-01 2.453879117965698242e-01 -2.605586126446723938e-02 9.672572463750839233e-02 -4.743964225053787231e-02 9.938384294509887695e-01
2.755404710769653320e-01 1.729057729244232178e-01 2.569138407707214355e-01 -2.659022621810436249e-02 9.594152122735977173e-02 -4.808028414845466614e-02 9.938694834709167480e-01
2.769075036048889160e-01 1.824369728565216064e-01 2.684536278247833252e-01 -2.596765570342540741e-02 9.545779228210449219e-02 -4.883460327982902527e-02 9.938957095146179199e-01
2.787944674491882324e-01 1.927875727415084839e-01 2.805700898170471191e-01 -2.649292163550853729e-02 9.498661011457443237e-02 -4.939369484782218933e-02 9.938994050025939941e-01
2.827871143817901611e-01 2.022825479507446289e-01 2.924422621726989746e-01 -2.666592970490455627e-02 9.353485703468322754e-02 -5.057934299111366272e-02 9.939727783203125000e-01
2.858963310718536377e-01 2.143304347991943359e-01 3.068180680274963379e-01 -2.772017754614353180e-02 9.152180701494216919e-02 -5.175661668181419373e-02 9.940707087516784668e-01
2.858950495719909668e-01 2.209060639142990112e-01 3.170252442359924316e-01 -2.920350432395935059e-02 9.231678396463394165e-02 -5.358671396970748901e-02 9.938578009605407715e-01
2.897180616855621338e-01 2.334594428539276123e-01 3.262040317058563232e-01 -2.851695381104946136e-02 9.201733767986297607e-02 -5.470794439315795898e-02 9.938443899154663086e-01
2.956877946853637695e-01 2.415221035480499268e-01 3.356889784336090088e-01 -3.191435337066650391e-02 8.731305599212646484e-02 -5.567169934511184692e-02 9.941119551658630371e-01
2.980832457542419434e-01 2.521609067916870117e-01 3.458740115165710449e-01 -3.279749304056167603e-02 8.747840672731399536e-02 -5.605268850922584534e-02 9.940472841262817383e-01
3.001531660556793213e-01 2.636885046958923340e-01 3.570371568202972412e-01 -3.243561461567878723e-02 8.878438174724578857e-02 -5.624349042773246765e-02 9.939325451850891113e-01
3.007711768150329590e-01 2.739725112915039062e-01 3.664625585079193115e-01 -3.156069293618202209e-02 9.054651111364364624e-02 -5.613206326961517334e-02 9.938080906867980957e-01
3.034003376960754395e-01 2.828321754932403564e-01 3.750375211238861084e-01 -3.158282116055488586e-02 9.041599184274673462e-02 -5.321790650486946106e-02 9.939795732498168945e-01
3.034466505050659180e-01 2.962071001529693604e-01 3.842806220054626465e-01 -2.794131077826023102e-02 9.557546675205230713e-02 -4.814974963665008545e-02 9.938642978668212891e-01
3.051287531852722168e-01 3.049711883068084717e-01 3.954946398735046387e-01 -2.894913405179977417e-02 9.500833600759506226e-02 -4.730023071169853210e-02 9.939306378364562988e-01
3.096112310886383057e-01 3.036044538021087646e-01 4.102438092231750488e-01 -4.000762850046157837e-02 8.506425470113754272e-02 -6.005693599581718445e-02 9.937588572502136230e-01
3.106061816215515137e-01 3.118578195571899414e-01 4.187096655368804932e-01 -3.958485648036003113e-02 8.566460758447647095e-02 -5.872841551899909973e-02 9.938036203384399414e-01
3.111718297004699707e-01 3.200665712356567383e-01 4.285194873809814453e-01 -3.929288312792778015e-02 8.630123734474182129e-02 -5.847359821200370789e-02 9.937751889228820801e-01
3.114617168903350830e-01 3.284412324428558350e-01 4.383496642112731934e-01 -3.855011612176895142e-02 8.711701631546020508e-02 -5.693653970956802368e-02 9.938223361968994141e-01
3.120751082897186279e-01 3.347507715225219727e-01 4.475073814392089844e-01 -3.886468708515167236e-02 8.636549115180969238e-02 -5.673440545797348022e-02 9.938871860504150391e-01
3.120652139186859131e-01 3.405168652534484863e-01 4.559159874916076660e-01 -3.897222131490707397e-02 8.556523919105529785e-02 -5.754449963569641113e-02 9.939056634902954102e-01
3.123684823513031006e-01 3.446974158287048340e-01 4.647280275821685791e-01 -3.959206119179725647e-02 8.402459323406219482e-02 -5.852391943335533142e-02 9.939554333686828613e-01
3.122565448284149170e-01 3.509901762008666992e-01 4.732718169689178467e-01 -3.852807357907295227e-02 8.138294517993927002e-02 -5.708697810769081116e-02 9.943005442619323730e-01
3.144223988056182861e-01 3.551794290542602539e-01 4.724967181682586670e-01 -3.290666267275810242e-02 8.017187565565109253e-02 -4.872491583228111267e-02 9.950454831123352051e-01
3.146518766880035400e-01 3.615210056304931641e-01 4.808770418167114258e-01 -2.909467928111553192e-02 7.694862037897109985e-02 -4.018387198448181152e-02 9.958000183105468750e-01
3.139183819293975830e-01 3.677392303943634033e-01 4.890471398830413818e-01 -2.244806289672851562e-02 7.441581040620803833e-02 -3.377278149127960205e-02 9.964024424552917480e-01
3.144288659095764160e-01 3.736488223075866699e-01 4.959906339645385742e-01 -1.778192259371280670e-02 6.949838995933532715e-02 -2.444188483059406281e-02 9.971240758895874023e-01
3.149934411048889160e-01 3.774998784065246582e-01 4.996287226676940918e-01 -1.677127741277217865e-02 6.200405955314636230e-02 -1.250066515058279037e-02 9.978567361831665039e-01
3.176352083683013916e-01 3.791730999946594238e-01 4.999029338359832764e-01 -1.486566103994846344e-02 5.401157587766647339e-02 -2.551156794652342796e-03 9.984264373779296875e-01
3.169103264808654785e-01 3.847057819366455078e-01 5.059475302696228027e-01 -1.105622202157974243e-02 5.048552528023719788e-02 1.246368885040283203e-02 9.985858798027038574e-01
3.178708851337432861e-01 3.916768133640289307e-01 5.161715149879455566e-01 -8.786034770309925079e-03 4.202165082097053528e-02 2.359639108180999756e-02 9.987994432449340820e-01
3.192905485630035400e-01 3.981502354145050049e-01 5.266458988189697266e-01 -5.411528516560792923e-03 2.957996912300586700e-02 3.371827676892280579e-02 9.989789724349975586e-01
3.170593380928039551e-01 4.012967348098754883e-01 5.311390161514282227e-01 -3.355126362293958664e-03 2.562901563942432404e-02 4.776658862829208374e-02 9.985240697860717773e-01
3.176085054874420166e-01 4.069525599479675293e-01 5.377927422523498535e-01 -1.220694975927472115e-04 1.759912073612213135e-02 6.027444452047348022e-02 9.980266690254211426e-01
3.178890347480773926e-01 4.126136600971221924e-01 5.456373691558837891e-01 2.151708351448178291e-03 8.617399260401725769e-03 7.184978574514389038e-02 9.973759651184082031e-01
3.184297084808349609e-01 4.179689884185791016e-01 5.530129671096801758e-01 4.593835212290287018e-03 -5.740233464166522026e-04 8.449911326169967651e-02 9.964128732681274414e-01
3.185566067695617676e-01 4.231913387775421143e-01 5.603514909744262695e-01 5.803607869893312454e-03 -8.466963656246662140e-03 9.231523424386978149e-02 9.956769347190856934e-01
3.188521265983581543e-01 4.272623360157012939e-01 5.663521289825439453e-01 6.191921420395374298e-03 -1.611085236072540283e-02 1.002915352582931519e-01 9.948084354400634766e-01
3.202737569808959961e-01 4.333121180534362793e-01 5.711579322814941406e-01 9.382015094161033630e-03 -2.055014111101627350e-02 1.137035489082336426e-01 9.932578802108764648e-01
3.206675052642822266e-01 4.395598471164703369e-01 5.788574814796447754e-01 1.097740698605775833e-02 -2.728012204170227051e-02 1.224332898855209351e-01 9.920410513877868652e-01
3.214989900588989258e-01 4.456441402435302734e-01 5.863958597183227539e-01 1.232779771089553833e-02 -3.380744904279708862e-02 1.294456124305725098e-01 9.909333586692810059e-01
3.221911191940307617e-01 4.512648284435272217e-01 5.939412117004394531e-01 1.314839161932468414e-02 -4.027893394231796265e-02 1.342828124761581421e-01 9.900367856025695801e-01
3.206792771816253662e-01 4.574799537658691406e-01 6.041785478591918945e-01 1.386428065598011017e-02 -4.335533455014228821e-02 1.392846107482910156e-01 9.892057180404663086e-01
3.212469518184661865e-01 4.638852179050445557e-01 6.123642921447753906e-01 1.471400354057550430e-02 -4.755724221467971802e-02 1.414195150136947632e-01 9.886972904205322266e-01
3.216379880905151367e-01 4.701130390167236328e-01 6.205900907516479492e-01 1.528866868466138840e-02 -5.049793049693107605e-02 1.429497450590133667e-01 9.883226156234741211e-01
3.202092051506042480e-01 4.752642512321472168e-01 6.307264566421508789e-01 1.120294618885964155e-04 -5.615500360727310181e-02 1.403246819972991943e-01 9.885118603706359863e-01
3.205008804798126221e-01 4.816583991050720215e-01 6.389743089675903320e-01 -1.812598481774330139e-02 -6.171003356575965881e-02 1.362242549657821655e-01 9.885880351066589355e-01
3.203344643115997314e-01 4.886455535888671875e-01 6.478493809700012207e-01 -3.759491071105003357e-02 -6.730417162179946899e-02 1.311659812927246094e-01 9.883583784103393555e-01
3.214389979839324951e-01 4.953794777393341064e-01 6.563680171966552734e-01 -5.992228165268898010e-02 -7.301384210586547852e-02 1.242403388023376465e-01 9.877462983131408691e-01
3.214138150215148926e-01 5.034264326095581055e-01 6.667889356613159180e-01 -8.327394723892211914e-02 -7.800582796335220337e-02 1.165397241711616516e-01 9.866098761558532715e-01
3.215617835521697998e-01 5.096932649612426758e-01 6.767575144767761230e-01 -1.088506877422332764e-01 -8.321440219879150391e-02 1.067575067281723022e-01 9.847993850708007812e-01
3.222891986370086670e-01 5.181809067726135254e-01 6.862678527832031250e-01 -1.347522586584091187e-01 -8.797307312488555908e-02 9.792588651180267334e-02 9.820963144302368164e-01
3.208737969398498535e-01 5.250595211982727051e-01 6.968212127685546875e-01 -1.619752496480941772e-01 -9.248231351375579834e-02 8.703695982694625854e-02 9.785885810852050781e-01
3.194195032119750977e-01 5.319804549217224121e-01 7.068303227424621582e-01 -1.893567293882369995e-01 -9.722569584846496582e-02 7.568874955177307129e-02 9.741470217704772949e-01
3.165819942951202393e-01 5.393482446670532227e-01 7.175265550613403320e-01 -2.170265316963195801e-01 -1.012001708149909973e-01 6.418448686599731445e-02 9.687819480895996094e-01
3.148989975452423096e-01 5.451729297637939453e-01 7.269583344459533691e-01 -2.446604073047637939e-01 -1.055980995297431946e-01 5.285200476646423340e-02 9.623913168907165527e-01
3.121986091136932373e-01 5.521275997161865234e-01 7.388955950736999512e-01 -2.718359529972076416e-01 -1.105604693293571472e-01 4.201975837349891663e-02 9.550476670265197754e-01
3.091270625591278076e-01 5.592087507247924805e-01 7.507866621017456055e-01 -2.984090149402618408e-01 -1.150218173861503601e-01 3.209799528121948242e-02 9.469381570816040039e-01
3.054569065570831299e-01 5.639776587486267090e-01 7.596925497055053711e-01 -3.244622945785522461e-01 -1.190961748361587524e-01 2.183690853416919708e-02 9.381170272827148438e-01
3.023592829704284668e-01 5.701884627342224121e-01 7.714024186134338379e-01 -3.491890132427215576e-01 -1.241686716675758362e-01 1.356160175055265427e-02 9.286900758743286133e-01
2.990309596061706543e-01 5.768511295318603516e-01 7.826204299926757812e-01 -3.719816207885742188e-01 -1.294334083795547485e-01 6.475368980318307877e-03 9.191489219665527344e-01
2.951360940933227539e-01 5.830322504043579102e-01 7.936654686927795410e-01 -3.931643366813659668e-01 -1.345669776201248169e-01 5.265919608063995838e-04 9.095676541328430176e-01
2.926413416862487793e-01 5.891651511192321777e-01 8.047089576721191406e-01 -4.128881096839904785e-01 -1.407667398452758789e-01 -2.566553186625242233e-03 8.998342156410217285e-01
2.891722321510314941e-01 5.959104895591735840e-01 8.164187669754028320e-01 -4.304594695568084717e-01 -1.470093429088592529e-01 -4.076503682881593704e-03 8.905482888221740723e-01
2.857376039028167725e-01 6.020960807800292969e-01 8.281179070472717285e-01 -4.456993937492370605e-01 -1.541291624307632446e-01 -3.947821911424398422e-03 8.818054199218750000e-01
2.818734347820281982e-01 6.090525388717651367e-01 8.399060368537902832e-01 -4.585687816143035889e-01 -1.613510549068450928e-01 -8.007145370356738567e-04 8.738878369331359863e-01
2.781292200088500977e-01 6.153385043144226074e-01 8.518562316894531250e-01 -4.691902995109558105e-01 -1.695858836174011230e-01 4.093013238161802292e-03 8.666512370109558105e-01
2.743749022483825684e-01 6.217106580734252930e-01 8.639410138130187988e-01 -4.775874912738800049e-01 -1.782168149948120117e-01 1.181651279330253601e-02 8.602379560470581055e-01
2.701151371002197266e-01 6.284608244895935059e-01 8.758510947227478027e-01 -4.834941029548645020e-01 -1.871328651905059814e-01 2.120585925877094269e-02 8.548480272293090820e-01
2.657796144485473633e-01 6.352312564849853516e-01 8.891460895538330078e-01 -4.875736832618713379e-01 -1.968462467193603516e-01 3.228135779500007629e-02 8.499891161918640137e-01
2.613781690597534180e-01 6.415364742279052734e-01 9.015517830848693848e-01 -4.899431765079498291e-01 -2.066308557987213135e-01 4.539069160819053650e-02 8.456944823265075684e-01
2.566424608230590820e-01 6.479487419128417969e-01 9.141193628311157227e-01 -4.901128709316253662e-01 -2.170378267765045166e-01 5.960186198353767395e-02 8.420995473861694336e-01
2.501041889190673828e-01 6.543442010879516602e-01 9.272249937057495117e-01 -4.886742532253265381e-01 -2.267683595418930054e-01 7.512889802455902100e-02 8.391241431236267090e-01
2.442260980606079102e-01 6.603413820266723633e-01 9.399495124816894531e-01 -4.855223000049591064e-01 -2.373763024806976318e-01 9.186835587024688721e-02 8.363496661186218262e-01
2.372361719608306885e-01 6.657613515853881836e-01 9.524251222610473633e-01 -4.805588424205780029e-01 -2.479174137115478516e-01 1.095567867159843445e-01 8.340249061584472656e-01
2.293530404567718506e-01 6.717782020568847656e-01 9.650130867958068848e-01 -4.739392697811126709e-01 -2.587777078151702881e-01 1.287066787481307983e-01 8.317754268646240234e-01
2.203952670097351074e-01 6.768157482147216797e-01 9.769709110260009766e-01 -4.657645821571350098e-01 -2.694351971149444580e-01 1.479688733816146851e-01 8.298031687736511230e-01
2.100022137165069580e-01 6.812041997909545898e-01 9.881474375724792480e-01 -4.561996161937713623e-01 -2.801544368267059326e-01 1.680198460817337036e-01 8.277468085289001465e-01
1.978822648525238037e-01 6.859549880027770996e-01 9.983438849449157715e-01 -4.445253014564514160e-01 -2.908326089382171631e-01 1.883750408887863159e-01 8.260318040847778320e-01
1.863280534744262695e-01 6.914361715316772461e-01 1.007954120635986328e+00 -4.322603642940521240e-01 -3.013716638088226318e-01 2.088688910007476807e-01 8.238324522972106934e-01
1.756209731101989746e-01 6.999963521957397461e-01 1.017413139343261719e+00 -4.183888435363769531e-01 -3.115665018558502197e-01 2.291568666696548462e-01 8.218055367469787598e-01
1.650967001914978027e-01 7.053291797637939453e-01 1.027834057807922363e+00 -4.036036133766174316e-01 -3.216662406921386719e-01 2.495316863059997559e-01 8.193711042404174805e-01
1.543337702751159668e-01 7.095282077789306641e-01 1.038018822669982910e+00 -3.879588842391967773e-01 -3.314180374145507812e-01 2.695409059524536133e-01 8.166993260383605957e-01
1.432967782020568848e-01 7.136609554290771484e-01 1.047569155693054199e+00 -3.710443079471588135e-01 -3.410069942474365234e-01 2.888991832733154297e-01 8.139887452125549316e-01
1.327348351478576660e-01 7.169909477233886719e-01 1.056443333625793457e+00 -3.537136912345886230e-01 -3.500221073627471924e-01 3.078132867813110352e-01 8.109390735626220703e-01
1.222584843635559082e-01 7.209036350250244141e-01 1.065233111381530762e+00 -3.355873525142669678e-01 -3.588505685329437256e-01 3.260314464569091797e-01 8.076577186584472656e-01
1.120014190673828125e-01 7.245839238166809082e-01 1.073469161987304688e+00 -3.169628381729125977e-01 -3.671552538871765137e-01 3.433240950107574463e-01 8.042761683464050293e-01
1.021051406860351562e-01 7.279451489448547363e-01 1.081270694732666016e+00 -2.977938055992126465e-01 -3.752717971801757812e-01 3.598298728466033936e-01 8.006325364112854004e-01
9.234064817428588867e-02 7.314041256904602051e-01 1.088609218597412109e+00 -2.780944108963012695e-01 -3.828530013561248779e-01 3.754251897335052490e-01 7.969586253166198730e-01
8.256089687347412109e-02 7.349614500999450684e-01 1.095440864562988281e+00 -2.572196424007415771e-01 -3.906026780605316162e-01 3.881198465824127197e-01 7.941225767135620117e-01
7.330077886581420898e-02 7.381733655929565430e-01 1.101585865020751953e+00 -2.359181195497512817e-01 -3.981036245822906494e-01 3.993195593357086182e-01 7.914544343948364258e-01
6.440794467926025391e-02 7.408944368362426758e-01 1.107564806938171387e+00 -2.149494588375091553e-01 -4.048030078411102295e-01 4.104817211627960205e-01 7.883121967315673828e-01
5.597782135009765625e-02 7.435964345932006836e-01 1.113580703735351562e+00 -1.947858631610870361e-01 -4.107579886913299561e-01 4.218937456607818604e-01 7.844374775886535645e-01
4.762160778045654297e-02 7.462000250816345215e-01 1.119101524353027344e+00 -1.746324002742767334e-01 -4.162543416023254395e-01 4.328100681304931641e-01 7.803276777267456055e-01
3.952157497406005859e-02 7.496728301048278809e-01 1.124803662300109863e+00 -1.547661274671554565e-01 -4.218308627605438232e-01 4.437788128852844238e-01 7.753493189811706543e-01
3.152275085449218750e-02 7.523772120475769043e-01 1.129413008689880371e+00 -1.356755942106246948e-01 -4.267173707485198975e-01 4.545427262783050537e-01 7.699970602989196777e-01
2.296793460845947266e-02 7.539423704147338867e-01 1.132014989852905273e+00 -1.171709522604942322e-01 -4.307269752025604248e-01 4.646151065826416016e-01 7.647732496261596680e-01
1.501476764678955078e-02 7.553649544715881348e-01 1.135134935379028320e+00 -9.971196204423904419e-02 -4.348212480545043945e-01 4.747945070266723633e-01 7.586555480957031250e-01
8.294582366943359375e-03 7.572213411331176758e-01 1.137568473815917969e+00 -8.292718976736068726e-02 -4.385913908481597900e-01 4.845740199089050293e-01 7.522956728935241699e-01
4.094839096069335938e-04 7.588569521903991699e-01 1.139523863792419434e+00 -6.644921004772186279e-02 -4.419770240783691406e-01 4.939624071121215820e-01 7.458162903785705566e-01
-6.311416625976562500e-03 7.604415416717529297e-01 1.142685532569885254e+00 -5.169093608856201172e-02 -4.459091722965240479e-01 5.030984282493591309e-01 7.385019659996032715e-01
-1.220500469207763672e-02 7.613999843597412109e-01 1.144762635231018066e+00 -3.653067722916603088e-02 -4.494585692882537842e-01 5.101190805435180664e-01 7.324145436286926270e-01
-1.748073101043701172e-02 7.628770470619201660e-01 1.146825551986694336e+00 -2.175460383296012878e-02 -4.529450237751007080e-01 5.166003704071044922e-01 7.262861728668212891e-01
-2.406060695648193359e-02 7.639669775962829590e-01 1.148619532585144043e+00 -7.182574365288019180e-03 -4.563171863555908203e-01 5.221306085586547852e-01 7.204878926277160645e-01
-2.854955196380615234e-02 7.664654850959777832e-01 1.151729226112365723e+00 5.627580918371677399e-03 -4.598386585712432861e-01 5.282046198844909668e-01 7.138043642044067383e-01
-3.317618370056152344e-02 7.674328088760375977e-01 1.152933716773986816e+00 7.422593887895345688e-03 -4.663617908954620361e-01 5.279861688613891602e-01 7.097058296203613281e-01
-3.773140907287597656e-02 7.674760222434997559e-01 1.152835965156555176e+00 8.764273487031459808e-03 -4.719143509864807129e-01 5.277833342552185059e-01 7.061620354652404785e-01
-4.210460186004638672e-02 7.688386440277099609e-01 1.155383348464965820e+00 1.032697129994630814e-02 -4.782150387763977051e-01 5.279554724693298340e-01 7.017598152160644531e-01
-4.576969146728515625e-02 7.695914506912231445e-01 1.156625747680664062e+00 1.166321523487567902e-02 -4.842227697372436523e-01 5.276862382888793945e-01 6.978105306625366211e-01
-4.924786090850830078e-02 7.700478434562683105e-01 1.157815217971801758e+00 1.299409754574298859e-02 -4.890469312667846680e-01 5.275698304176330566e-01 6.945030093193054199e-01
-5.150759220123291016e-02 7.700166702270507812e-01 1.160122156143188477e+00 1.356128789484500885e-02 -4.941414892673492432e-01 5.276946425437927246e-01 6.907812952995300293e-01
-5.380249023437500000e-02 7.707889676094055176e-01 1.160762310028076172e+00 1.458046399056911469e-02 -4.982460737228393555e-01 5.279068946838378906e-01 6.876428127288818359e-01
-5.511820316314697266e-02 7.711318731307983398e-01 1.161955952644348145e+00 1.517977938055992126e-02 -5.017516016960144043e-01 5.283067822456359863e-01 6.847677826881408691e-01
-5.756008625030517578e-02 7.713826298713684082e-01 1.163653016090393066e+00 1.527347415685653687e-02 -5.045987963676452637e-01 5.288501977920532227e-01 6.822494864463806152e-01
-5.895185470581054688e-02 7.719826102256774902e-01 1.164528131484985352e+00 1.562733948230743408e-02 -5.068994164466857910e-01 5.292189121246337891e-01 6.802471280097961426e-01
-5.958044528961181641e-02 7.725903987884521484e-01 1.166792988777160645e+00 1.567728444933891296e-02 -5.090214014053344727e-01 5.297492146492004395e-01 6.782456636428833008e-01
-5.989003181457519531e-02 7.728735208511352539e-01 1.166584730148315430e+00 1.562332455068826675e-02 -5.096644759178161621e-01 5.303393006324768066e-01 6.773021817207336426e-01
-6.060791015625000000e-02 7.731318473815917969e-01 1.166973471641540527e+00 1.523735933005809784e-02 -5.091273188591003418e-01 5.313782691955566406e-01 6.769005656242370605e-01
-6.187093257904052734e-02 7.728185057640075684e-01 1.166878700256347656e+00 1.481170114129781723e-02 -5.077556967735290527e-01 5.316733121871948242e-01 6.777082085609436035e-01
-6.142449378967285156e-02 7.734256386756896973e-01 1.167528033256530762e+00 1.389985904097557068e-02 -5.060732960700988770e-01 5.324053764343261719e-01 6.784108281135559082e-01
-6.163740158081054688e-02 7.748882770538330078e-01 1.167329430580139160e+00 1.374409347772598267e-02 -5.035153031349182129e-01 5.325096249580383301e-01 6.802331209182739258e-01
-6.211340427398681641e-02 7.753561735153198242e-01 1.168766975402832031e+00 1.257028058171272278e-02 -4.997399747371673584e-01 5.333163142204284668e-01 6.824043393135070801e-01
-6.310284137725830078e-02 7.740184664726257324e-01 1.168756961822509766e+00 1.110017206519842148e-02 -4.945375919342041016e-01 5.331522226333618164e-01 6.863367557525634766e-01
-6.433653831481933594e-02 7.741447091102600098e-01 1.168325901031494141e+00 1.039523165673017502e-02 -4.885464310646057129e-01 5.324063897132873535e-01 6.912003159523010254e-01
-6.413686275482177734e-02 7.751607894897460938e-01 1.171550631523132324e+00 9.304711595177650452e-03 -4.829638004302978516e-01 5.315045714378356934e-01 6.958178281784057617e-01
-6.532931327819824219e-02 7.755997776985168457e-01 1.171301364898681641e+00 -4.282448906451463699e-03 -4.795888662338256836e-01 5.224316120147705078e-01 7.050117254257202148e-01
-6.842076778411865234e-02 7.757703065872192383e-01 1.172651767730712891e+00 -1.998441293835639954e-02 -4.755750000476837158e-01 5.124419927597045898e-01 7.147253155708312988e-01
-6.990277767181396484e-02 7.760156393051147461e-01 1.173756003379821777e+00 -3.664932027459144592e-02 -4.706671535968780518e-01 5.017686486244201660e-01 7.248155474662780762e-01
-7.170343399047851562e-02 7.756695151329040527e-01 1.175919175148010254e+00 -5.444499850273132324e-02 -4.657931923866271973e-01 4.890637099742889404e-01 7.354516983032226562e-01
-7.423090934753417969e-02 7.750996351242065430e-01 1.177100896835327148e+00 -7.328686863183975220e-02 -4.593591094017028809e-01 4.753771722316741943e-01 7.467495203018188477e-01
-7.609510421752929688e-02 7.762393951416015625e-01 1.179516434669494629e+00 -9.242515265941619873e-02 -4.531651139259338379e-01 4.609327018260955811e-01 7.573903203010559082e-01
-7.846200466156005859e-02 7.754357457160949707e-01 1.181747436523437500e+00 -1.127685531973838806e-01 -4.458157718181610107e-01 4.449340105056762695e-01 7.684825062751770020e-01
-8.201849460601806641e-02 7.752695679664611816e-01 1.183737039566040039e+00 -1.325756609439849854e-01 -4.374817013740539551e-01 4.286821782588958740e-01 7.792721390724182129e-01
-8.527523279190063477e-02 7.746334671974182129e-01 1.186422348022460938e+00 -1.531582027673721313e-01 -4.291528761386871338e-01 4.111196100711822510e-01 7.895259261131286621e-01
-8.792394399642944336e-02 7.756538391113281250e-01 1.189277410507202148e+00 -1.730028688907623291e-01 -4.206548929214477539e-01 3.940406739711761475e-01 7.986561059951782227e-01
-9.044104814529418945e-02 7.749247550964355469e-01 1.191657423973083496e+00 -1.933073550462722778e-01 -4.115710258483886719e-01 3.757697641849517822e-01 8.074891567230224609e-01
-9.338432550430297852e-02 7.746080160140991211e-01 1.193717837333679199e+00 -2.132337540388107300e-01 -4.019885659217834473e-01 3.574856519699096680e-01 8.155615329742431641e-01
-9.609210491180419922e-02 7.743212580680847168e-01 1.195365905761718750e+00 -2.320639342069625854e-01 -3.925527632236480713e-01 3.388424813747406006e-01 8.229425549507141113e-01
-9.838753938674926758e-02 7.742966413497924805e-01 1.197408676147460938e+00 -2.509677410125732422e-01 -3.833366632461547852e-01 3.205423951148986816e-01 8.290480971336364746e-01
-1.005297899246215820e-01 7.738665342330932617e-01 1.198993563652038574e+00 -2.688952386379241943e-01 -3.741472959518432617e-01 3.021022975444793701e-01 8.345318436622619629e-01
-1.025668978691101074e-01 7.737036943435668945e-01 1.200104236602783203e+00 -2.856423258781433105e-01 -3.650992214679718018e-01 2.841950058937072754e-01 8.392521739006042480e-01
-1.040672659873962402e-01 7.738527059555053711e-01 1.201003551483154297e+00 -3.010326027870178223e-01 -3.565410971641540527e-01 2.670860886573791504e-01 8.431624174118041992e-01
-1.053928732872009277e-01 7.736571431159973145e-01 1.201810121536254883e+00 -3.156063854694366455e-01 -3.487202823162078857e-01 2.507049143314361572e-01 8.461287617683410645e-01
-1.063081026077270508e-01 7.735300064086914062e-01 1.202506780624389648e+00 -3.289163112640380859e-01 -3.413714766502380371e-01 2.352890819311141968e-01 8.484802246093750000e-01
-1.068809032440185547e-01 7.743701934814453125e-01 1.202655553817749023e+00 -3.399780690670013428e-01 -3.354346752166748047e-01 2.212292999029159546e-01 8.502683043479919434e-01
-1.072657108306884766e-01 7.744951248168945312e-01 1.202820539474487305e+00 -3.502675592899322510e-01 -3.302704393863677979e-01 2.083034366369247437e-01 8.513775467872619629e-01
-1.076627075672149658e-01 7.745498418807983398e-01 1.202987432479858398e+00 -3.590224087238311768e-01 -3.259876668453216553e-01 1.968064904212951660e-01 8.521162867546081543e-01
-1.080666482448577881e-01 7.744879126548767090e-01 1.203325986862182617e+00 -3.666280210018157959e-01 -3.226657211780548096e-01 1.866739839315414429e-01 8.524222373962402344e-01
-1.087234020233154297e-01 7.745391130447387695e-01 1.203557729721069336e+00 -3.730116784572601318e-01 -3.197177946567535400e-01 1.776575595140457153e-01 8.526902198791503906e-01
-1.093164682388305664e-01 7.744680643081665039e-01 1.203963756561279297e+00 -3.785952031612396240e-01 -3.176248669624328613e-01 1.696679294109344482e-01 8.526388406753540039e-01
-1.100092828273773193e-01 7.744410634040832520e-01 1.204453468322753906e+00 -3.831162452697753906e-01 -3.160578608512878418e-01 1.625658720731735229e-01 8.525853157043457031e-01
-1.108859777450561523e-01 7.741903066635131836e-01 1.205018997192382812e+00 -3.871105015277862549e-01 -3.145442008972167969e-01 1.562112718820571899e-01 8.525289297103881836e-01
-1.118121147155761719e-01 7.738744020462036133e-01 1.205652356147766113e+00 -3.905511200428009033e-01 -3.131932020187377930e-01 1.504780650138854980e-01 8.524882793426513672e-01
-1.129884719848632812e-01 7.737304568290710449e-01 1.206309556961059570e+00 -3.932487368583679199e-01 -3.119644820690155029e-01 1.452271938323974609e-01 8.526093959808349609e-01
-1.142167150974273682e-01 7.734846472740173340e-01 1.206905603408813477e+00 -3.955071270465850830e-01 -3.103572428226470947e-01 1.408179551362991333e-01 8.528908491134643555e-01
-1.155542731285095215e-01 7.732651233673095703e-01 1.207626104354858398e+00 -3.974314630031585693e-01 -3.085759282112121582e-01 1.367595195770263672e-01 8.533030152320861816e-01
-1.170785725116729736e-01 7.729278802871704102e-01 1.208494901657104492e+00 -3.992779254913330078e-01 -3.061674833297729492e-01 1.330066919326782227e-01 8.539015650749206543e-01
-1.186615824699401855e-01 7.726253271102905273e-01 1.209497213363647461e+00 -4.008783996105194092e-01 -3.033142983913421631e-01 1.292183995246887207e-01 8.547511696815490723e-01
-1.205919682979583740e-01 7.721838951110839844e-01 1.210326194763183594e+00 -4.024166464805603027e-01 -2.996395528316497803e-01 1.253889352083206177e-01 8.558940291404724121e-01
-1.224758177995681763e-01 7.718144655227661133e-01 1.211330652236938477e+00 -4.040520787239074707e-01 -2.950817346572875977e-01 1.216938048601150513e-01 8.572394251823425293e-01
-1.245842725038528442e-01 7.713623046875000000e-01 1.212329864501953125e+00 -4.060991406440734863e-01 -2.891826629638671875e-01 1.177501678466796875e-01 8.588317036628723145e-01
-1.266837418079376221e-01 7.708812952041625977e-01 1.213440656661987305e+00 -4.084012210369110107e-01 -2.821594774723052979e-01 1.136940196156501770e-01 8.606208562850952148e-01
-1.286402195692062378e-01 7.702682018280029297e-01 1.214371919631958008e+00 -4.111152291297912598e-01 -2.734722793102264404e-01 1.090567186474800110e-01 8.627305030822753906e-01
-1.310096532106399536e-01 7.696331143379211426e-01 1.215603470802307129e+00 -4.143661856651306152e-01 -2.634607553482055664e-01 1.040058881044387817e-01 8.649114966392517090e-01
-1.336105316877365112e-01 7.688624262809753418e-01 1.216699957847595215e+00 -4.178548157215118408e-01 -2.514966726303100586e-01 9.807652235031127930e-02 8.674836158752441406e-01
-1.363618373870849609e-01 7.681508660316467285e-01 1.217766284942626953e+00 -4.217657446861267090e-01 -2.374744266271591187e-01 9.163631498813629150e-02 8.702427148818969727e-01
-1.390660554170608521e-01 7.673424482345581055e-01 1.218926429748535156e+00 -4.262477159500122070e-01 -2.219051271677017212e-01 8.456277847290039062e-02 8.728804588317871094e-01
-1.420430839061737061e-01 7.664212584495544434e-01 1.220121145248413086e+00 -4.312635064125061035e-01 -2.047708481550216675e-01 7.664699107408523560e-02 8.753319382667541504e-01
-1.451948285102844238e-01 7.656509280204772949e-01 1.221247792243957520e+00 -4.360712170600891113e-01 -1.862029731273651123e-01 6.840811669826507568e-02 8.777759671211242676e-01
-1.483608782291412354e-01 7.647621035575866699e-01 1.222323298454284668e+00 -4.412325024604797363e-01 -1.666436344385147095e-01 6.007229909300804138e-02 8.797357678413391113e-01
-1.516209095716476440e-01 7.636508941650390625e-01 1.223489522933959961e+00 -4.461630582809448242e-01 -1.463547050952911377e-01 5.143249407410621643e-02 8.814042806625366211e-01
-1.551128774881362915e-01 7.625314593315124512e-01 1.224477529525756836e+00 -4.506077766418457031e-01 -1.254126131534576416e-01 4.245543107390403748e-02 8.828487396240234375e-01
-1.587361246347427368e-01 7.614387273788452148e-01 1.225557327270507812e+00 -4.548349678516387939e-01 -1.042179167270660400e-01 3.357720375061035156e-02 8.838192820549011230e-01
-1.624474227428436279e-01 7.601691484451293945e-01 1.226528167724609375e+00 -4.586541056632995605e-01 -8.296840637922286987e-02 2.502172999083995819e-02 8.843792080879211426e-01
-1.662356257438659668e-01 7.588188648223876953e-01 1.227519035339355469e+00 -4.620803594589233398e-01 -6.173751875758171082e-02 1.663139276206493378e-02 8.845301866531372070e-01
-1.702418029308319092e-01 7.573223114013671875e-01 1.228504419326782227e+00 -4.650063216686248779e-01 -4.124271497130393982e-02 8.419384248554706573e-03 8.843061327934265137e-01
-1.743284016847610474e-01 7.558673620223999023e-01 1.229454994201660156e+00 -4.671430885791778564e-01 -2.140436507761478424e-02 9.105445351451635361e-04 8.839221596717834473e-01
-1.785037666559219360e-01 7.543352246284484863e-01 1.230337858200073242e+00 -4.687754809856414795e-01 -2.716344781219959259e-03 -5.804168060421943665e-03 8.832941055297851562e-01
-1.827315688133239746e-01 7.527886629104614258e-01 1.231144905090332031e+00 -4.696003198623657227e-01 1.483218185603618622e-02 -1.153982244431972504e-02 8.826791048049926758e-01
-1.871913522481918335e-01 7.513521313667297363e-01 1.232016921043395996e+00 -4.697306752204895020e-01 3.133133798837661743e-02 -1.576650515198707581e-02 8.821127414703369141e-01
-1.917835175991058350e-01 7.497461438179016113e-01 1.232733607292175293e+00 -4.687771201133728027e-01 4.660098627209663391e-02 -1.803593337535858154e-02 8.819019794464111328e-01
-1.965313702821731567e-01 7.484951615333557129e-01 1.233539581298828125e+00 -4.671757519245147705e-01 5.933019146323204041e-02 -2.002928219735622406e-02 8.819441795349121094e-01
-2.013021707534790039e-01 7.468508481979370117e-01 1.234225988388061523e+00 -4.649507999420166016e-01 6.907993555068969727e-02 -2.170332148671150208e-02 8.823704719543457031e-01
-2.061857879161834717e-01 7.452396154403686523e-01 1.234941720962524414e+00 -4.620438218116760254e-01 7.567854225635528564e-02 -2.335552684962749481e-02 8.833135366439819336e-01
-2.112203091382980347e-01 7.434746026992797852e-01 1.235592842102050781e+00 -4.584959149360656738e-01 7.878593355417251587e-02 -2.458944916725158691e-02 8.848557472229003906e-01
-2.165422737598419189e-01 7.415698766708374023e-01 1.236394286155700684e+00 -4.540954828262329102e-01 8.043721318244934082e-02 -2.175793983042240143e-02 8.870478272438049316e-01
-2.218671739101409912e-01 7.397597432136535645e-01 1.237044453620910645e+00 -4.483964145183563232e-01 7.917729020118713379e-02 -1.712706871330738068e-02 8.901563882827758789e-01
-2.272242307662963867e-01 7.376441955566406250e-01 1.237942337989807129e+00 -4.422361254692077637e-01 7.515616714954376221e-02 -1.128593180328607559e-02 8.936730027198791504e-01
-2.329912483692169189e-01 7.359901666641235352e-01 1.238623857498168945e+00 -4.348125159740447998e-01 6.899312138557434082e-02 -4.302629269659519196e-03 8.978638648986816406e-01
-2.383198738098144531e-01 7.343524694442749023e-01 1.239298105239868164e+00 -4.266543388366699219e-01 6.070702895522117615e-02 4.427692387253046036e-03 9.023641943931579590e-01
-2.442027628421783447e-01 7.322539687156677246e-01 1.240199089050292969e+00 -4.177486002445220947e-01 5.061579123139381409e-02 1.404895260930061340e-02 9.070429205894470215e-01
-2.505484819412231445e-01 7.299255132675170898e-01 1.241371273994445801e+00 -4.082114994525909424e-01 3.930525854229927063e-02 2.444161660969257355e-02 9.117132425308227539e-01
-2.562545537948608398e-01 7.274317145347595215e-01 1.242634177207946777e+00 -3.979873657226562500e-01 2.578558027744293213e-02 3.652189299464225769e-02 9.163009524345397949e-01
-2.625524103641510010e-01 7.253949642181396484e-01 1.243820786476135254e+00 -3.865102231502532959e-01 1.155340671539306641e-02 4.931025579571723938e-02 9.208935499191284180e-01
-2.690280973911285400e-01 7.228130102157592773e-01 1.245315194129943848e+00 -3.746331632137298584e-01 -3.493316471576690674e-03 6.248309090733528137e-02 9.250587224960327148e-01
-2.748269438743591309e-01 7.203190922737121582e-01 1.246863603591918945e+00 -3.619357049465179443e-01 -1.967121474444866180e-02 7.725313305854797363e-02 9.287882447242736816e-01
-2.813002765178680420e-01 7.171830534934997559e-01 1.249154210090637207e+00 -3.492417931556701660e-01 -3.590453416109085083e-02 9.206988662481307983e-02 9.318069815635681152e-01
-2.878832221031188965e-01 7.146852016448974609e-01 1.251276969909667969e+00 -3.353471159934997559e-01 -5.229322612285614014e-02 1.074203774333000183e-01 9.344884157180786133e-01
-2.939613759517669678e-01 7.120916843414306641e-01 1.253555655479431152e+00 -3.206580579280853271e-01 -6.872126460075378418e-02 1.236672252416610718e-01 9.365694522857666016e-01
-3.007004559040069580e-01 7.094151377677917480e-01 1.255897045135498047e+00 -3.054741322994232178e-01 -8.501973748207092285e-02 1.393954902887344360e-01 9.380970597267150879e-01
-3.067191839218139648e-01 7.064953446388244629e-01 1.258676528930664062e+00 -2.901940047740936279e-01 -1.009873002767562866e-01 1.560266613960266113e-01 9.387463331222534180e-01
-3.133699893951416016e-01 7.034485340118408203e-01 1.261628270149230957e+00 -2.744752168655395508e-01 -1.157123893499374390e-01 1.725523322820663452e-01 9.388822317123413086e-01
-3.204560875892639160e-01 7.008692622184753418e-01 1.264743328094482422e+00 -2.579548358917236328e-01 -1.294749677181243896e-01 1.889716684818267822e-01 9.386082291603088379e-01
-3.260589838027954102e-01 6.982311010360717773e-01 1.267537355422973633e+00 -2.414989918470382690e-01 -1.423218846321105957e-01 2.057951986789703369e-01 9.375879168510437012e-01
-3.318618237972259521e-01 6.958369612693786621e-01 1.270298957824707031e+00 -2.251352369785308838e-01 -1.533455252647399902e-01 2.221649587154388428e-01 9.361848235130310059e-01
-3.371913433074951172e-01 6.928156018257141113e-01 1.272881984710693359e+00 -2.091317772865295410e-01 -1.625969558954238892e-01 2.382726371288299561e-01 9.343726634979248047e-01
-3.414816260337829590e-01 6.905364394187927246e-01 1.275571346282958984e+00 -1.930324435234069824e-01 -1.710358113050460815e-01 2.541644275188446045e-01 9.321403503417968750e-01
-3.457653522491455078e-01 6.883031129837036133e-01 1.277593970298767090e+00 -1.771535873413085938e-01 -1.772508472204208374e-01 2.698169648647308350e-01 9.297298789024353027e-01
-3.492188453674316406e-01 6.862409114837646484e-01 1.279650688171386719e+00 -1.618444770574569702e-01 -1.823485046625137329e-01 2.851296961307525635e-01 9.269608855247497559e-01
-3.528085350990295410e-01 6.845148801803588867e-01 1.281358480453491211e+00 -1.466332226991653442e-01 -1.862345039844512939e-01 3.000931739807128906e-01 9.239910840988159180e-01
-3.553138375282287598e-01 6.829643249511718750e-01 1.282628655433654785e+00 -1.318378746509552002e-01 -1.887746155261993408e-01 3.143121302127838135e-01 9.209727644920349121e-01
-3.581692278385162354e-01 6.816645860671997070e-01 1.283978104591369629e+00 -1.176421642303466797e-01 -1.902392208576202393e-01 3.279683291912078857e-01 9.178268909454345703e-01
-3.585834503173828125e-01 6.834291219711303711e-01 1.285153150558471680e+00 -1.025543883442878723e-01 -1.924802213907241821e-01 3.412966132164001465e-01 9.143033623695373535e-01
-3.601514101028442383e-01 6.824229359626770020e-01 1.285574555397033691e+00 -8.924005925655364990e-02 -1.925005763769149780e-01 3.539147675037384033e-01 9.108919501304626465e-01
-3.619732260704040527e-01 6.810675859451293945e-01 1.286092162132263184e+00 -7.683903723955154419e-02 -1.916210353374481201e-01 3.650126755237579346e-01 9.078232049942016602e-01
-3.628288507461547852e-01 6.800500154495239258e-01 1.286689877510070801e+00 -6.523977220058441162e-02 -1.904704868793487549e-01 3.754784166812896729e-01 9.046993255615234375e-01
-3.634033501148223877e-01 6.792698502540588379e-01 1.285513043403625488e+00 -5.367589369416236877e-02 -1.886770576238632202e-01 3.856393992900848389e-01 9.015554785728454590e-01
-3.641009628772735596e-01 6.786143779754638672e-01 1.285851716995239258e+00 -4.336152598261833191e-02 -1.868028789758682251e-01 3.951746225357055664e-01 8.983660936355590820e-01
-3.644872903823852539e-01 6.780831813812255859e-01 1.286389708518981934e+00 -3.388218954205513000e-02 -1.852286010980606079e-01 4.033812284469604492e-01 8.954474329948425293e-01
-3.659289777278900146e-01 6.764358878135681152e-01 1.287578582763671875e+00 -2.572662010788917542e-02 -1.831676959991455078e-01 4.102098643779754639e-01 8.930373787879943848e-01
-3.668209612369537354e-01 6.760103702545166016e-01 1.288908720016479492e+00 -1.826946623623371124e-02 -1.814922690391540527e-01 4.164352118968963623e-01 8.906787037849426270e-01
-3.692837059497833252e-01 6.757706403732299805e-01 1.289713263511657715e+00 -1.130236219614744186e-02 -1.797149628400802612e-01 4.217212796211242676e-01 8.886653184890747070e-01
-3.718310296535491943e-01 6.752054095268249512e-01 1.291363835334777832e+00 -5.776978563517332077e-03 -1.783896237611770630e-01 4.258253276348114014e-01 8.870269060134887695e-01
-3.752655982971191406e-01 6.738692522048950195e-01 1.292623519897460938e+00 -1.327566453255712986e-03 -1.771182417869567871e-01 4.283424019813537598e-01 8.860870599746704102e-01
-3.777059912681579590e-01 6.721938252449035645e-01 1.294877290725708008e+00 1.581611693836748600e-03 -1.769891381263732910e-01 4.296452701091766357e-01 8.854814767837524414e-01
-3.820028007030487061e-01 6.707590818405151367e-01 1.296926259994506836e+00 1.988144824281334877e-03 -1.777311712503433228e-01 4.303146302700042725e-01 8.850068449974060059e-01
-3.857514858245849609e-01 6.683702468872070312e-01 1.298390984535217285e+00 1.928164972923696041e-03 -1.782908886671066284e-01 4.294144809246063232e-01 8.853315711021423340e-01
-3.903120458126068115e-01 6.651275753974914551e-01 1.300681948661804199e+00 1.819835277274250984e-03 -1.790453195571899414e-01 4.276013374328613281e-01 8.860567212104797363e-01
-3.952563703060150146e-01 6.611737012863159180e-01 1.302502155303955078e+00 1.107375486753880978e-03 -1.804851144552230835e-01 4.248181879520416260e-01 8.871040344238281250e-01
-3.998438715934753418e-01 6.586171388626098633e-01 1.303646683692932129e+00 -1.047571306116878986e-03 -1.830533742904663086e-01 4.206806421279907227e-01 8.885483741760253906e-01
-4.052088856697082520e-01 6.552342772483825684e-01 1.304158687591552734e+00 -4.216797184199094772e-03 -1.855541318655014038e-01 4.162844121456146240e-01 8.900893926620483398e-01
-4.106431603431701660e-01 6.514757275581359863e-01 1.303873777389526367e+00 -8.445330895483493805e-03 -1.886393278837203979e-01 4.110645949840545654e-01 8.918351531028747559e-01
-4.197446703910827637e-01 6.468322277069091797e-01 1.302858471870422363e+00 -1.272050477564334869e-02 -1.908087581396102905e-01 4.047781527042388916e-01 8.941950798034667969e-01
-4.260245561599731445e-01 6.421293020248413086e-01 1.301248192787170410e+00 -1.835874468088150024e-02 -1.941916197538375854e-01 3.981732726097106934e-01 8.963318467140197754e-01
-4.334689080715179443e-01 6.356256008148193359e-01 1.300206065177917480e+00 -2.543528564274311066e-02 -1.975077390670776367e-01 3.905575871467590332e-01 8.987817764282226562e-01
-4.381575584411621094e-01 6.339393854141235352e-01 1.298925399780273438e+00 -3.090141527354717255e-02 -2.028406709432601929e-01 3.831672966480255127e-01 9.006018042564392090e-01
-4.469478130340576172e-01 6.299641728401184082e-01 1.297092556953430176e+00 -3.692469745874404907e-02 -2.067447006702423096e-01 3.751461803913116455e-01 9.028613567352294922e-01
-4.541481137275695801e-01 6.236161589622497559e-01 1.294457077980041504e+00 -4.494723305106163025e-02 -2.105620950460433960e-01 3.663100004196166992e-01 9.052405357360839844e-01
-4.636266529560089111e-01 6.201161146163940430e-01 1.291311740875244141e+00 -5.122598260641098022e-02 -2.140907198190689087e-01 3.579829633235931396e-01 9.074079990386962891e-01
-4.725158810615539551e-01 6.162045001983642578e-01 1.289930582046508789e+00 -5.860915035009384155e-02 -2.184906303882598877e-01 3.494913876056671143e-01 9.092209339141845703e-01
-4.829689860343933105e-01 6.111925244331359863e-01 1.288311719894409180e+00 -6.682717800140380859e-02 -2.221962362527847290e-01 3.406861722469329834e-01 9.110960364341735840e-01
-4.926800429821014404e-01 6.081083416938781738e-01 1.285994052886962891e+00 -7.428157329559326172e-02 -2.264175117015838623e-01 3.319222331047058105e-01 9.127130508422851562e-01
-5.042775869369506836e-01 6.057244539260864258e-01 1.281457543373107910e+00 -8.128613978624343872e-02 -2.297156304121017456e-01 3.235083222389221191e-01 9.143115282058715820e-01
-5.146428942680358887e-01 6.017494797706604004e-01 1.278050780296325684e+00 -8.896626532077789307e-02 -2.334951758384704590e-01 3.148269951343536377e-01 9.156686663627624512e-01
-5.261098146438598633e-01 5.981017351150512695e-01 1.273831725120544434e+00 -9.584327787160873413e-02 -2.366791963577270508e-01 3.067546784877777100e-01 9.168962240219116211e-01
-5.363389253616333008e-01 5.933783650398254395e-01 1.269916772842407227e+00 -1.032579466700553894e-01 -2.403220832347869873e-01 2.989782392978668213e-01 9.177119135856628418e-01
-5.490632057189941406e-01 5.881591439247131348e-01 1.264761686325073242e+00 -1.099981963634490967e-01 -2.426662892103195190e-01 2.912228107452392578e-01 9.188050627708435059e-01
-5.604705214500427246e-01 5.822054147720336914e-01 1.259949564933776855e+00 -1.171962246298789978e-01 -2.454379498958587646e-01 2.839330136775970459e-01 9.194603562355041504e-01
-5.731462240219116211e-01 5.763057470321655273e-01 1.254287958145141602e+00 -1.237995997071266174e-01 -2.474341541528701782e-01 2.767164111137390137e-01 9.202597737312316895e-01
-5.851041674613952637e-01 5.709400177001953125e-01 1.248610019683837891e+00 -1.297632306814193726e-01 -2.498146891593933105e-01 2.704036235809326172e-01 9.206715822219848633e-01
-5.976895093917846680e-01 5.651931762695312500e-01 1.243249654769897461e+00 -1.358696520328521729e-01 -2.518730759620666504e-01 2.642793655395507812e-01 9.210081100463867188e-01
-6.097303628921508789e-01 5.585834980010986328e-01 1.237784624099731445e+00 -1.423705965280532837e-01 -2.540784776210784912e-01 2.577314078807830811e-01 9.212759733200073242e-01
-6.237826347351074219e-01 5.528076887130737305e-01 1.230935096740722656e+00 -1.474516540765762329e-01 -2.551951706409454346e-01 2.523573040962219238e-01 9.216557741165161133e-01
-6.379119157791137695e-01 5.463428497314453125e-01 1.224927783012390137e+00 -1.527684330940246582e-01 -2.565360069274902344e-01 2.466159164905548096e-01 9.219716191291809082e-01
-6.479939818382263184e-01 5.385136604309082031e-01 1.218166589736938477e+00 -1.591077148914337158e-01 -2.592940032482147217e-01 2.408734560012817383e-01 9.216460585594177246e-01
-6.585150957107543945e-01 5.297902822494506836e-01 1.208278417587280273e+00 -1.646925956010818481e-01 -2.603269219398498535e-01 2.355142831802368164e-01 9.217588305473327637e-01
-6.655776500701904297e-01 5.205900669097900391e-01 1.197387576103210449e+00 -1.704837977886199951e-01 -2.619417011737823486e-01 2.298662662506103516e-01 9.216741919517517090e-01
-6.723039150238037109e-01 5.119297504425048828e-01 1.185397386550903320e+00 -1.758778989315032959e-01 -2.627876698970794678e-01 2.243888676166534424e-01 9.217696785926818848e-01
-6.789029836654663086e-01 5.025730133056640625e-01 1.173966169357299805e+00 -1.817468404769897461e-01 -2.636220157146453857e-01 2.187507748603820801e-01 9.217481613159179688e-01
-6.845490932464599609e-01 4.927433729171752930e-01 1.162315845489501953e+00 -1.880364120006561279e-01 -2.644577026367187500e-01 2.128485441207885742e-01 9.216289520263671875e-01
-6.904257535934448242e-01 4.830105900764465332e-01 1.150674581527709961e+00 -1.938853859901428223e-01 -2.650847434997558594e-01 2.069231718778610229e-01 9.215863943099975586e-01
-6.930753588676452637e-01 4.729312658309936523e-01 1.139778614044189453e+00 -2.001317590475082397e-01 -2.669870555400848389e-01 2.006719261407852173e-01 9.210841655731201172e-01
-6.978414654731750488e-01 4.624081552028656006e-01 1.128952980041503906e+00 -2.064541727304458618e-01 -2.673699855804443359e-01 1.942290812730789185e-01 9.209588170051574707e-01
-7.026528120040893555e-01 4.515649080276489258e-01 1.118224620819091797e+00 -2.129391431808471680e-01 -2.676513195037841797e-01 1.877041161060333252e-01 9.207534790039062500e-01
-7.065888643264770508e-01 4.404332041740417480e-01 1.107738614082336426e+00 -2.194068580865859985e-01 -2.682170569896697998e-01 1.811436861753463745e-01 9.203843474388122559e-01
-7.116037607192993164e-01 4.286572337150573730e-01 1.097042322158813477e+00 -2.258462607860565186e-01 -2.682205438613891602e-01 1.739431172609329224e-01 9.202146530151367188e-01
-7.159510850906372070e-01 4.174922704696655273e-01 1.086843013763427734e+00 -2.322020232677459717e-01 -2.681994140148162842e-01 1.666748225688934326e-01 9.199842214584350586e-01
-7.196524739265441895e-01 4.057223498821258545e-01 1.077356219291687012e+00 -2.389667332172393799e-01 -2.682625651359558105e-01 1.588549464941024780e-01 9.196169376373291016e-01
-7.217973470687866211e-01 3.935574591159820557e-01 1.067019701004028320e+00 -2.457882314920425415e-01 -2.688418626785278320e-01 1.513294130563735962e-01 9.189187884330749512e-01
-7.253289222717285156e-01 3.812762498855590820e-01 1.057453632354736328e+00 -2.527164220809936523e-01 -2.686465084552764893e-01 1.430751830339431763e-01 9.184187650680541992e-01
-7.290818095207214355e-01 3.679491281509399414e-01 1.048313021659851074e+00 -2.603225409984588623e-01 -2.680150270462036133e-01 1.344609856605529785e-01 9.177801609039306641e-01
-7.321058511734008789e-01 3.557212054729461670e-01 1.039354801177978516e+00 -2.675164341926574707e-01 -2.677495479583740234e-01 1.260393261909484863e-01 9.169838428497314453e-01
-7.352039217948913574e-01 3.430479168891906738e-01 1.030547142028808594e+00 -2.749107182025909424e-01 -2.673597931861877441e-01 1.170442029833793640e-01 9.161023497581481934e-01
-7.382556200027465820e-01 3.307762444019317627e-01 1.021879315376281738e+00 -2.821266949176788330e-01 -2.668203413486480713e-01 1.083621904253959656e-01 9.151334166526794434e-01
-7.400875091552734375e-01 3.179090619087219238e-01 1.013317584991455078e+00 -2.897875905036926270e-01 -2.665779590606689453e-01 9.927494823932647705e-02 9.138401746749877930e-01
-7.428638339042663574e-01 3.051804602146148682e-01 1.004920959472656250e+00 -2.972176969051361084e-01 -2.659708261489868164e-01 9.008366614580154419e-02 9.125820994377136230e-01
-7.456434965133666992e-01 2.928096354007720947e-01 9.966400861740112305e-01 -3.045583069324493408e-01 -2.654340565204620361e-01 8.100318908691406250e-02 9.111682176589965820e-01
-7.481065392494201660e-01 2.797391712665557861e-01 9.884248375892639160e-01 -3.122119307518005371e-01 -2.647468447685241699e-01 7.156873494386672974e-02 9.095662832260131836e-01
-7.507448196411132812e-01 2.673271894454956055e-01 9.803117513656616211e-01 -3.195468187332153320e-01 -2.639188468456268311e-01 6.241629645228385925e-02 9.079322814941406250e-01
-7.529115676879882812e-01 2.548457086086273193e-01 9.721697568893432617e-01 -3.268717527389526367e-01 -2.633730769157409668e-01 5.339235067367553711e-02 9.060567021369934082e-01
-7.557092905044555664e-01 2.427177876234054565e-01 9.640396833419799805e-01 -3.338763415813446045e-01 -2.624606788158416748e-01 4.404634982347488403e-02 9.042682051658630371e-01
-7.583861351013183594e-01 2.306528389453887939e-01 9.560959339141845703e-01 -3.408874571323394775e-01 -2.615944743156433105e-01 3.480014577507972717e-02 9.023043513298034668e-01
-7.607823610305786133e-01 2.194965779781341553e-01 9.487891197204589844e-01 -3.478905558586120605e-01 -2.606987655162811279e-01 2.577212639153003693e-02 9.001911878585815430e-01
