-0.000000000000000000e+00 -0.000000000000000000e+00 -0.000000000000000000e+00 -0.000000000000000000e+00 -0.000000000000000000e+00 -0.000000000000000000e+00 1.000000000000000000e+00
-0.000000000000000000e+00 -0.000000000000000000e+00 -0.000000000000000000e+00 -0.000000000000000000e+00 -0.000000000000000000e+00 -0.000000000000000000e+00 1.000000000000000000e+00
1.112510263919830322e-02 1.844250969588756561e-02 2.158384397625923157e-02 -3.318435978144407272e-03 2.186728874221444130e-03 -3.499003592878580093e-03 9.999859929084777832e-01
1.112510263919830322e-02 1.844250969588756561e-02 2.158384397625923157e-02 -3.318435978144407272e-03 2.186728874221444130e-03 -3.499003592878580093e-03 9.999859929084777832e-01
2.174367010593414307e-02 3.219103440642356873e-02 4.274031147360801697e-02 -7.962720468640327454e-03 7.772382814437150955e-03 -6.935737095773220062e-03 9.999141097068786621e-01
2.174367010593414307e-02 3.219103440642356873e-02 4.274031147360801697e-02 -7.962720468640327454e-03 7.772382814437150955e-03 -6.935737095773220062e-03 9.999141097068786621e-01
3.491432592272758484e-02 4.227998852729797363e-02 6.244150176644325256e-02 -1.271103881299495697e-02 1.557429321110248566e-02 -1.147905271500349045e-02 9.997320175170898438e-01
3.491432592272758484e-02 4.227998852729797363e-02 6.244150176644325256e-02 -1.271103881299495697e-02 1.557429321110248566e-02 -1.147905271500349045e-02 9.997320175170898438e-01
4.772052913904190063e-02 5.384782701730728149e-02 8.164813369512557983e-02 -1.716450974345207214e-02 2.489963732659816742e-02 -1.776065304875373840e-02 9.993848204612731934e-01
4.772052913904190063e-02 5.384782701730728149e-02 8.164813369512557983e-02 -1.716450974345207214e-02 2.489963732659816742e-02 -1.776065304875373840e-02 9.993848204612731934e-01
5.873323604464530945e-02 6.420150399208068848e-02 9.848086535930633545e-02 -2.206411026418209076e-02 3.680926561355590820e-02 -2.470371127128601074e-02 9.987732768058776855e-01
5.873323604464530945e-02 6.420150399208068848e-02 9.848086535930633545e-02 -2.206411026418209076e-02 3.680926561355590820e-02 -2.470371127128601074e-02 9.987732768058776855e-01
6.923262774944305420e-02 7.405894994735717773e-02 1.139849647879600525e-01 -2.665829285979270935e-02 4.887771606445312500e-02 -3.177206963300704956e-02 9.979433417320251465e-01
6.923262774944305420e-02 7.405894994735717773e-02 1.139849647879600525e-01 -2.665829285979270935e-02 4.887771606445312500e-02 -3.177206963300704956e-02 9.979433417320251465e-01
8.282783627510070801e-02 8.143442869186401367e-02 1.279025524854660034e-01 -3.150051832199096680e-02 5.998316407203674316e-02 -3.882817178964614868e-02 9.969464540481567383e-01
8.732372522354125977e-02 8.795490115880966187e-02 1.360461413860321045e-01 -3.263076767325401306e-02 6.615027040243148804e-02 -4.369914904236793518e-02 9.963181614875793457e-01
9.426373988389968872e-02 9.415666759014129639e-02 1.449159383773803711e-01 -3.433340415358543396e-02 7.166820764541625977e-02 -4.649379104375839233e-02 9.957526326179504395e-01
1.024245992302894592e-01 9.813591837882995605e-02 1.514491587877273560e-01 -3.605475276708602905e-02 7.652509957551956177e-02 -4.965662211179733276e-02 9.951775074005126953e-01
1.169862598180770874e-01 1.037924885749816895e-01 1.563749313354492188e-01 -3.536299988627433777e-02 7.274488359689712524e-02 -4.796151071786880493e-02 9.955688714981079102e-01
1.285582035779953003e-01 1.095703840255737305e-01 1.643926799297332764e-01 -3.622522950172424316e-02 7.576532661914825439e-02 -4.976023733615875244e-02 9.952242970466613770e-01
1.408214867115020752e-01 1.140647679567337036e-01 1.692863553762435913e-01 -3.647556900978088379e-02 7.848273217678070068e-02 -4.942446947097778320e-02 9.950212836265563965e-01
1.539606153964996338e-01 1.197100207209587097e-01 1.752651333808898926e-01 -3.634835034608840942e-02 8.130370825529098511e-02 -4.813262447714805603e-02 9.948626756668090820e-01
1.680749207735061646e-01 1.239355802536010742e-01 1.780578643083572388e-01 -3.596933186054229736e-02 8.380268514156341553e-02 -4.683030024170875549e-02 9.947312474250793457e-01
1.846560984849929810e-01 1.304048746824264526e-01 1.804589182138442993e-01 -3.443128615617752075e-02 8.503325283527374268e-02 -4.408209398388862610e-02 9.948068261146545410e-01
1.992851942777633667e-01 1.346149891614913940e-01 1.855871230363845825e-01 -3.268457204103469849e-02 8.614797890186309814e-02 -4.105808585882186890e-02 9.948992729187011719e-01
2.175301462411880493e-01 1.363543719053268433e-01 1.948543041944503784e-01 -3.142105042934417725e-02 8.404561877250671387e-02 -3.866956755518913269e-02 9.952154159545898438e-01
2.341827303171157837e-01 1.359745711088180542e-01 2.011249363422393799e-01 -3.039928339421749115e-02 8.422393351793289185e-02 -3.838275372982025146e-02 9.952431917190551758e-01
2.452807575464248657e-01 1.367551386356353760e-01 2.141976952552795410e-01 -3.101830184459686279e-02 7.890003174543380737e-02 -3.871672600507736206e-02 9.956474304199218750e-01
2.607632577419281006e-01 1.393460482358932495e-01 2.221396565437316895e-01 -3.013152256608009338e-02 7.924971729516983032e-02 -3.802883625030517578e-02 9.956733584403991699e-01
2.762278020381927490e-01 1.437044292688369751e-01 2.290004938840866089e-01 -2.933339402079582214e-02 7.980948686599731445e-02 -3.699555248022079468e-02 9.956914186477661133e-01
2.929728031158447266e-01 1.504739224910736084e-01 2.330136746168136597e-01 -2.783787623047828674e-02 7.985680550336837769e-02 -3.509772568941116333e-02 9.957993030548095703e-01
3.092159330844879150e-01 1.523057520389556885e-01 2.433333843946456909e-01 -2.918209694325923920e-02 7.908747345209121704e-02 -3.534615412354469299e-02 9.958133697509765625e-01
3.195371627807617188e-01 1.578966677188873291e-01 2.539520263671875000e-01 -2.902243472635746002e-02 7.957419008016586304e-02 -3.723575919866561890e-02 9.957103729248046875e-01
3.257542848587036133e-01 1.704528033733367920e-01 2.682426571846008301e-01 -2.820507250726222992e-02 8.053782582283020020e-02 -3.530528396368026733e-02 9.957267642021179199e-01
3.262564539909362793e-01 1.817162632942199707e-01 2.839702963829040527e-01 -2.829073183238506317e-02 8.017718046903610229e-02 -3.598969802260398865e-02 9.957289099693298340e-01
3.267517387866973877e-01 1.905858069658279419e-01 2.998435199260711670e-01 -2.992655895650386810e-02 7.950142771005630493e-02 -3.613154217600822449e-02 9.957301616668701172e-01
3.268022537231445312e-01 2.018203437328338623e-01 3.165302574634552002e-01 -3.027709573507308960e-02 7.887612283229827881e-02 -3.697509318590164185e-02 9.957382678985595703e-01
3.277502954006195068e-01 2.069638520479202271e-01 3.191274702548980713e-01 -3.136157616972923279e-02 7.681085914373397827e-02 -4.088591411709785461e-02 9.957132935523986816e-01
3.296951353549957275e-01 2.168670445680618286e-01 3.299496173858642578e-01 -3.153604269027709961e-02 7.639232277870178223e-02 -4.173886030912399292e-02 9.957045912742614746e-01
3.312603533267974854e-01 2.279912382364273071e-01 3.434807360172271729e-01 -3.166263923048973083e-02 7.568570226430892944e-02 -4.247985035181045532e-02 9.957231879234313965e-01
3.336006104946136475e-01 2.395531982183456421e-01 3.564796149730682373e-01 -3.227866813540458679e-02 7.469978928565979004e-02 -4.305087029933929443e-02 9.957533478736877441e-01
3.344888687133789062e-01 2.543264329433441162e-01 3.707310855388641357e-01 -3.230107575654983521e-02 7.482646405696868896e-02 -4.243399947881698608e-02 9.957696199417114258e-01
3.377377092838287354e-01 2.669962048530578613e-01 3.824944496154785156e-01 -3.215874359011650085e-02 7.531791180372238159e-02 -4.275865852832794189e-02 9.957232475280761719e-01
3.406157493591308594e-01 2.804647386074066162e-01 3.937082588672637939e-01 -3.179176151752471924e-02 7.584098726511001587e-02 -4.189419746398925781e-02 9.957320690155029297e-01
3.406535685062408447e-01 2.886449992656707764e-01 4.078198969364166260e-01 -3.302534669637680054e-02 7.514117658138275146e-02 -4.366325587034225464e-02 9.956690073013305664e-01
3.430993556976318359e-01 2.999643385410308838e-01 4.196625053882598877e-01 -3.365674242377281189e-02 7.469870150089263916e-02 -4.457968845963478088e-02 9.956405162811279297e-01
3.445376753807067871e-01 3.118748068809509277e-01 4.320408701896667480e-01 -3.402376547455787659e-02 7.488796859979629517e-02 -4.493418335914611816e-02 9.955978393554687500e-01
3.460071384906768799e-01 3.229198753833770752e-01 4.413416385650634766e-01 -3.335368633270263672e-02 7.586020976305007935e-02 -4.349726065993309021e-02 9.956107735633850098e-01
3.480446934700012207e-01 3.338380455970764160e-01 4.526992738246917725e-01 -3.343092650175094604e-02 7.570762187242507935e-02 -4.372636228799819946e-02 9.956097602844238281e-01
3.491902649402618408e-01 3.436174094676971436e-01 4.622643291950225830e-01 -3.330289199948310852e-02 7.553049921989440918e-02 -4.410548135638237000e-02 9.956108331680297852e-01
3.511785864830017090e-01 3.503908812999725342e-01 4.699750244617462158e-01 -3.415375575423240662e-02 7.398685812950134277e-02 -4.610465466976165771e-02 9.956072568893432617e-01
3.493787944316864014e-01 3.576090335845947266e-01 4.872405230998992920e-01 -3.474361449480056763e-02 7.428488880395889282e-02 -4.557815194129943848e-02 9.955890178680419922e-01
3.500948250293731689e-01 3.655365407466888428e-01 4.967074990272521973e-01 -3.470200300216674805e-02 7.429956644773483276e-02 -4.546054080128669739e-02 9.955946207046508789e-01
3.503194749355316162e-01 3.730821013450622559e-01 5.067607164382934570e-01 -3.482114151120185852e-02 7.424775511026382446e-02 -4.542265832424163818e-02 9.955961704254150391e-01
3.495628535747528076e-01 3.803144395351409912e-01 5.163697004318237305e-01 -3.449751436710357666e-02 7.492783665657043457e-02 -4.515612870454788208e-02 9.955685734748840332e-01
3.495019376277923584e-01 3.862542212009429932e-01 5.256540179252624512e-01 -3.469264507293701172e-02 7.452693581581115723e-02 -4.557545110583305359e-02 9.955727458000183105e-01
3.482234776020050049e-01 3.920229077339172363e-01 5.345087647438049316e-01 -3.470188751816749573e-02 7.512462884187698364e-02 -4.428536072373390198e-02 9.955857396125793457e-01
3.467583358287811279e-01 3.960986137390136719e-01 5.431270003318786621e-01 -3.442490845918655396e-02 7.519660145044326782e-02 -4.560372605919837952e-02 9.955303668975830078e-01
3.458907604217529297e-01 3.997983634471893311e-01 5.496037602424621582e-01 -3.455665335059165955e-02 7.543051987886428833e-02 -4.618098959326744080e-02 9.954815506935119629e-01
3.434258699417114258e-01 4.039710760116577148e-01 5.572717785835266113e-01 -3.146103769540786743e-02 7.713533192873001099e-02 -4.157205671072006226e-02 9.956566691398620605e-01
3.407558798789978027e-01 4.075176119804382324e-01 5.648924708366394043e-01 -2.884283661842346191e-02 7.902371138334274292e-02 -3.807930275797843933e-02 9.957275986671447754e-01
3.370733261108398438e-01 4.107199609279632568e-01 5.718401670455932617e-01 -2.756552398204803467e-02 8.082640916109085083e-02 -3.658913448452949524e-02 9.956749081611633301e-01
3.338584601879119873e-01 4.132291674613952637e-01 5.782644748687744141e-01 -2.828368917107582092e-02 8.053520321846008301e-02 -3.564899787306785583e-02 9.957124590873718262e-01
3.280562758445739746e-01 4.207554161548614502e-01 5.868608355522155762e-01 -2.316432818770408630e-02 8.761610090732574463e-02 -2.816106192767620087e-02 9.954867362976074219e-01
3.252177536487579346e-01 4.184245467185974121e-01 5.887656211853027344e-01 -2.908039651811122894e-02 8.113813400268554688e-02 -3.948878496885299683e-02 9.954956769943237305e-01
3.265619874000549316e-01 4.178400635719299316e-01 5.929776430130004883e-01 -3.591396659612655640e-02 7.154324650764465332e-02 -4.625332355499267578e-02 9.957169890403747559e-01
3.246059119701385498e-01 4.223382472991943359e-01 5.963733196258544922e-01 -3.300187736749649048e-02 7.618834823369979858e-02 -4.406528174877166748e-02 9.955724477767944336e-01
3.251611292362213135e-01 4.232016801834106445e-01 5.948655009269714355e-01 -3.356144577264785767e-02 7.450693100690841675e-02 -4.266505315899848938e-02 9.957420229911804199e-01
3.252667486667633057e-01 4.274852275848388672e-01 5.980604887008666992e-01 -3.336285799741744995e-02 7.495925575494766235e-02 -4.476428031921386719e-02 9.956225752830505371e-01
3.232965767383575439e-01 4.299814105033874512e-01 6.049528717994689941e-01 -3.558080270886421204e-02 7.237770408391952515e-02 -4.624936729669570923e-02 9.956688284873962402e-01
3.202290236949920654e-01 4.354938268661499023e-01 6.153019070625305176e-01 -3.563323244452476501e-02 7.325361669063568115e-02 -4.746308177709579468e-02 9.955458641052246094e-01
3.160695135593414307e-01 4.421110451221466064e-01 6.261091232299804688e-01 -3.139088675379753113e-02 7.712812721729278564e-02 -3.923304378986358643e-02 9.957543611526489258e-01
3.165225684642791748e-01 4.447948336601257324e-01 6.315748691558837891e-01 -3.161112591624259949e-02 8.071177452802658081e-02 -4.322915896773338318e-02 9.952977299690246582e-01
3.395092785358428955e-01 4.758972823619842529e-01 6.457746028900146484e-01 -8.596805855631828308e-03 1.211524568498134613e-02 6.490141898393630981e-02 9.977811574935913086e-01
3.421157300472259521e-01 4.808031320571899414e-01 6.511423587799072266e-01 -8.088461123406887054e-03 6.419132929295301437e-03 7.309613376855850220e-02 9.972714781761169434e-01
3.453066349029541016e-01 4.878070652484893799e-01 6.582658886909484863e-01 -4.853617399930953979e-03 -4.132289439439773560e-03 7.990054041147232056e-02 9.967825412750244141e-01
3.509203195571899414e-01 4.962755739688873291e-01 6.676956415176391602e-01 -5.434012040495872498e-03 -1.110284309834241867e-02 8.088432252407073975e-02 9.966468811035156250e-01
3.472562134265899658e-01 5.038949251174926758e-01 6.773793697357177734e-01 -2.876491285860538483e-03 -1.079930458217859268e-02 9.148095548152923584e-02 9.957441091537475586e-01
3.487442433834075928e-01 5.107417106628417969e-01 6.861019730567932129e-01 -2.798582660034298897e-03 -1.431365497410297394e-02 9.272579103708267212e-02 9.955849051475524902e-01
3.492903411388397217e-01 5.169132351875305176e-01 6.959937214851379395e-01 -2.247192664071917534e-03 -1.722008548676967621e-02 9.482470154762268066e-02 9.953425526618957520e-01
3.508529365062713623e-01 5.261532068252563477e-01 7.047615051269531250e-01 -1.613815873861312866e-02 -2.265147119760513306e-02 9.416431188583374023e-02 9.951680898666381836e-01
3.523419201374053955e-01 5.328368544578552246e-01 7.131332755088806152e-01 -3.474177047610282898e-02 -2.745461091399192810e-02 9.031834453344345093e-02 9.949281215667724609e-01
3.519945740699768066e-01 5.407897830009460449e-01 7.230740189552307129e-01 -5.500106886029243469e-02 -3.085761889815330505e-02 8.650166541337966919e-02 9.942536354064941406e-01
3.530004024505615234e-01 5.499295592308044434e-01 7.341473102569580078e-01 -7.694474607706069946e-02 -3.568536415696144104e-02 8.017802238464355469e-02 9.931654334068298340e-01
3.549576997756958008e-01 5.584083199501037598e-01 7.445913553237915039e-01 -1.008273139595985413e-01 -4.007087275385856628e-02 7.337627559900283813e-02 9.913849830627441406e-01
3.590571284294128418e-01 5.677376985549926758e-01 7.546034455299377441e-01 -1.259484887123107910e-01 -4.508835449814796448e-02 6.477853655815124512e-02 9.888921976089477539e-01
3.653004169464111328e-01 5.757683515548706055e-01 7.641479969024658203e-01 -1.526382565498352051e-01 -5.012046918272972107e-02 5.574131011962890625e-02 9.854351878166198730e-01
3.578259348869323730e-01 5.851832628250122070e-01 7.789910435676574707e-01 -1.809095442295074463e-01 -5.132837593555450439e-02 4.547045379877090454e-02 9.811063408851623535e-01
3.582109510898590088e-01 5.927531719207763672e-01 7.900823354721069336e-01 -2.091378271579742432e-01 -5.510525032877922058e-02 3.550000488758087158e-02 9.756867885589599609e-01
3.572808802127838135e-01 6.010998487472534180e-01 8.019869923591613770e-01 -2.372965663671493530e-01 -5.838939920067787170e-02 2.521696127951145172e-02 9.693529605865478516e-01
3.569310605525970459e-01 6.078937053680419922e-01 8.120192885398864746e-01 -2.655052244663238525e-01 -6.172465533018112183e-02 1.539203152060508728e-02 9.620083570480346680e-01
3.531886041164398193e-01 6.190779805183410645e-01 8.271799087524414062e-01 -2.929058969020843506e-01 -6.489998102188110352e-02 5.354717373847961426e-03 9.539211392402648926e-01
3.519774675369262695e-01 6.264039874076843262e-01 8.391544818878173828e-01 -3.199027478694915771e-01 -6.918475776910781860e-02 -3.612311556935310364e-03 9.449141621589660645e-01
3.495701551437377930e-01 6.346751451492309570e-01 8.510931730270385742e-01 -3.455735445022583008e-01 -7.275126874446868896e-02 -1.176542509347200394e-02 9.354933500289916992e-01
3.476912677288055420e-01 6.429693698883056641e-01 8.637166023254394531e-01 -3.700503110885620117e-01 -7.739401608705520630e-02 -1.857675425708293915e-02 9.255959391593933105e-01
3.449753820896148682e-01 6.503280997276306152e-01 8.777644038200378418e-01 -3.942484855651855469e-01 -8.110299706459045410e-02 -2.453713305294513702e-02 9.150893092155456543e-01
3.426123857498168945e-01 6.587759256362915039e-01 8.913980126380920410e-01 -4.160243868827819824e-01 -8.587577193975448608e-02 -2.865322120487689972e-02 9.048359394073486328e-01
3.402773141860961914e-01 6.671310663223266602e-01 9.046933650970458984e-01 -4.358210861682891846e-01 -9.118256717920303345e-02 -3.101190924644470215e-02 8.948653936386108398e-01
3.377212285995483398e-01 6.758826375007629395e-01 9.180641174316406250e-01 -4.534061551094055176e-01 -9.708983451128005981e-02 -3.161509707570075989e-02 8.854360580444335938e-01
3.352102935314178467e-01 6.844819784164428711e-01 9.314283728599548340e-01 -4.685668349266052246e-01 -1.036575287580490112e-01 -3.040648810565471649e-02 8.767985701560974121e-01
3.327721357345581055e-01 6.924052238464355469e-01 9.449795484542846680e-01 -4.818726480007171631e-01 -1.105376332998275757e-01 -2.644724026322364807e-02 8.688387870788574219e-01
3.302140831947326660e-01 7.000073194503784180e-01 9.578550457954406738e-01 -4.924469292163848877e-01 -1.182146221399307251e-01 -2.040593326091766357e-02 8.620353341102600098e-01
3.272593319416046143e-01 7.085493803024291992e-01 9.712995886802673340e-01 -5.004658699035644531e-01 -1.260792165994644165e-01 -1.222704630345106125e-02 8.564394712448120117e-01
3.232924640178680420e-01 7.182755470275878906e-01 9.881922602653503418e-01 -5.066493749618530273e-01 -1.351005285978317261e-01 -2.800239250063896179e-03 8.514965772628784180e-01
3.202269971370697021e-01 7.263454198837280273e-01 1.002410888671875000e+00 -5.110848546028137207e-01 -1.443051397800445557e-01 9.207976050674915314e-03 8.472800850868225098e-01
3.167355656623840332e-01 7.352482080459594727e-01 1.016619920730590820e+00 -5.130484700202941895e-01 -1.537813693284988403e-01 2.279022708535194397e-02 8.441642522811889648e-01
3.125581741333007812e-01 7.440173625946044922e-01 1.031879901885986328e+00 -5.130643248558044434e-01 -1.638405323028564453e-01 3.729581460356712341e-02 8.417424559593200684e-01
3.080220222473144531e-01 7.525458335876464844e-01 1.046646595001220703e+00 -5.113968849182128906e-01 -1.742146760225296021e-01 5.362101644277572632e-02 8.397899866104125977e-01
3.026945292949676514e-01 7.608357071876525879e-01 1.062085032463073730e+00 -5.083660483360290527e-01 -1.845663636922836304e-01 7.085947692394256592e-02 8.381397724151611328e-01
2.957513332366943359e-01 7.697715759277343750e-01 1.076456546783447266e+00 -5.027093887329101562e-01 -1.950509846210479736e-01 8.884744346141815186e-02 8.374632000923156738e-01
2.883791625499725342e-01 7.774564027786254883e-01 1.091421246528625488e+00 -4.961913526058197021e-01 -2.058070152997970581e-01 1.076468750834465027e-01 8.365703225135803223e-01
2.794198989868164062e-01 7.850260734558105469e-01 1.105474948883056641e+00 -4.876088798046112061e-01 -2.167110294103622437e-01 1.271752119064331055e-01 8.361222147941589355e-01
2.689063251018524170e-01 7.920192480087280273e-01 1.119178295135498047e+00 -4.777045547962188721e-01 -2.277511060237884521e-01 1.469945013523101807e-01 8.356557488441467285e-01
2.558069229125976562e-01 7.986646890640258789e-01 1.131685972213745117e+00 -4.661090373992919922e-01 -2.385802567005157471e-01 1.668077111244201660e-01 8.354622125625610352e-01
2.433400452136993408e-01 8.071333169937133789e-01 1.143272876739501953e+00 -4.535960555076599121e-01 -2.491935044527053833e-01 1.875731498003005981e-01 8.348470330238342285e-01
2.333491444587707520e-01 8.187583088874816895e-01 1.154421925544738770e+00 -4.393175244331359863e-01 -2.600812315940856934e-01 2.077955156564712524e-01 8.343733549118041992e-01
2.223234772682189941e-01 8.266534805297851562e-01 1.167309522628784180e+00 -4.243904352188110352e-01 -2.704173922538757324e-01 2.278303802013397217e-01 8.335829377174377441e-01
2.112572193145751953e-01 8.331304788589477539e-01 1.179879188537597656e+00 -4.086303114891052246e-01 -2.809045910835266113e-01 2.476992309093475342e-01 8.323214650154113770e-01
2.000629305839538574e-01 8.386430740356445312e-01 1.191658854484558105e+00 -3.919860422611236572e-01 -2.907561957836151123e-01 2.665622532367706299e-01 8.311151862144470215e-01
1.886356472969055176e-01 8.446863293647766113e-01 1.202897310256958008e+00 -3.743899464607238770e-01 -3.004941940307617188e-01 2.855105400085449219e-01 8.294692635536193848e-01
1.769484281539916992e-01 8.502940535545349121e-01 1.213424682617187500e+00 -3.558912575244903564e-01 -3.097205460071563721e-01 3.029836118221282959e-01 8.280190825462341309e-01
1.659499406814575195e-01 8.557009696960449219e-01 1.223907470703125000e+00 -3.372601866722106934e-01 -3.188803791999816895e-01 3.196813464164733887e-01 8.260597586631774902e-01
1.552829742431640625e-01 8.616447448730468750e-01 1.233940124511718750e+00 -3.179788291454315186e-01 -3.278164267539978027e-01 3.360245823860168457e-01 8.237192630767822266e-01
1.446580290794372559e-01 8.673694133758544922e-01 1.242513895034790039e+00 -2.977805435657501221e-01 -3.361109197139739990e-01 3.511013388633728027e-01 8.216350674629211426e-01
1.343097090721130371e-01 8.721104860305786133e-01 1.251014709472656250e+00 -2.769993245601654053e-01 -3.447092771530151367e-01 3.629937171936035156e-01 8.201723098754882812e-01
1.243024468421936035e-01 8.778299093246459961e-01 1.259251713752746582e+00 -2.553348839282989502e-01 -3.534562289714813232e-01 3.740822076797485352e-01 8.184958100318908691e-01
1.141140460968017578e-01 8.825747966766357422e-01 1.267014026641845703e+00 -2.343536913394927979e-01 -3.609683811664581299e-01 3.848215937614440918e-01 8.165124058723449707e-01
1.051391959190368652e-01 8.874293565750122070e-01 1.273858428001403809e+00 -2.137606889009475708e-01 -3.678681552410125732e-01 3.959045708179473877e-01 8.137807250022888184e-01
9.600740671157836914e-02 8.915719985961914062e-01 1.280942320823669434e+00 -1.935680806636810303e-01 -3.743310868740081787e-01 4.062501788139343262e-01 8.107826113700866699e-01
8.665943145751953125e-02 8.961944580078125000e-01 1.287649512290954590e+00 -1.736276298761367798e-01 -3.802562952041625977e-01 4.169037640094757080e-01 8.071244955062866211e-01
7.767117023468017578e-02 9.003204703330993652e-01 1.293246865272521973e+00 -1.542991697788238525e-01 -3.860075175762176514e-01 4.273934364318847656e-01 8.028230667114257812e-01
6.824326515197753906e-02 9.030672311782836914e-01 1.297139644622802734e+00 -1.359911561012268066e-01 -3.909030556678771973e-01 4.374076128005981445e-01 7.983582615852355957e-01
6.190609931945800781e-02 9.067551493644714355e-01 1.301327109336853027e+00 -1.180186495184898376e-01 -3.965511918067932129e-01 4.478937089443206787e-01 7.925969958305358887e-01
5.337417125701904297e-02 9.089418053627014160e-01 1.304976224899291992e+00 -1.013006642460823059e-01 -4.012150764465332031e-01 4.572621285915374756e-01 7.871950864791870117e-01
4.664981365203857422e-02 9.116305112838745117e-01 1.308109998703002930e+00 -8.513339608907699585e-02 -4.054920673370361328e-01 4.666926860809326172e-01 7.813618183135986328e-01
3.920090198516845703e-02 9.138612747192382812e-01 1.310743927955627441e+00 -6.938052177429199219e-02 -4.097422957420349121e-01 4.757157266139984131e-01 7.752369046211242676e-01
3.320312500000000000e-02 9.160055518150329590e-01 1.313412308692932129e+00 -5.405984073877334595e-02 -4.141502082347869873e-01 4.827711880207061768e-01 7.697331905364990234e-01
2.723634243011474609e-02 9.201374650001525879e-01 1.317643642425537109e+00 -3.874608129262924194e-02 -4.192900955677032471e-01 4.894646704196929932e-01 7.636222243309020996e-01
2.095854282379150391e-02 9.230425953865051270e-01 1.320255279541015625e+00 -2.394163422286510468e-02 -4.235578477382659912e-01 4.950369298458099365e-01 7.582638859748840332e-01
1.493287086486816406e-02 9.253435730934143066e-01 1.322623252868652344e+00 -1.087651774287223816e-02 -4.272625744342803955e-01 5.006074905395507812e-01 7.528085112571716309e-01
8.060693740844726562e-03 9.265547394752502441e-01 1.324791550636291504e+00 -9.987855330109596252e-03 -4.340493381023406982e-01 4.998370110988616943e-01 7.494426965713500977e-01
4.136323928833007812e-03 9.277633428573608398e-01 1.326908469200134277e+00 -9.320634417235851288e-03 -4.402573406696319580e-01 5.001130700111389160e-01 7.456363439559936523e-01
4.653930664062500000e-04 9.296581149101257324e-01 1.329069852828979492e+00 -8.076236583292484283e-03 -4.467913806438446045e-01 5.006855726242065430e-01 7.413678765296936035e-01
-3.481864929199218750e-03 9.314329028129577637e-01 1.331516146659851074e+00 -6.972779519855976105e-03 -4.527419507503509521e-01 5.015180110931396484e-01 7.371945381164550781e-01
-7.199645042419433594e-03 9.327396750450134277e-01 1.333340644836425781e+00 -5.822064820677042007e-03 -4.580406248569488525e-01 5.015234351158142090e-01 7.339203953742980957e-01
-9.264230728149414062e-03 9.335950613021850586e-01 1.334894657135009766e+00 -5.466319620609283447e-03 -4.628295898437500000e-01 5.022168755531311035e-01 7.304362654685974121e-01
-1.183974742889404297e-02 9.337621927261352539e-01 1.335634112358093262e+00 -4.587123170495033264e-03 -4.669857919216156006e-01 5.022293329238891602e-01 7.277836799621582031e-01
-1.426529884338378906e-02 9.355657100677490234e-01 1.338045597076416016e+00 -3.456952748820185661e-03 -4.712198078632354736e-01 5.022174119949340820e-01 7.250638604164123535e-01
-1.672410964965820312e-02 9.369697570800781250e-01 1.339766502380371094e+00 -2.821084344759583473e-03 -4.745025634765625000e-01 5.028404593467712402e-01 7.224893569946289062e-01
-1.724147796630859375e-02 9.362713694572448730e-01 1.340794801712036133e+00 -3.159003099426627159e-03 -4.768399596214294434e-01 5.030035376548767090e-01 7.208336591720581055e-01
-1.882827281951904297e-02 9.366114139556884766e-01 1.342399716377258301e+00 -3.085327800363302231e-03 -4.782948195934295654e-01 5.033039450645446777e-01 7.196594476699829102e-01
-2.204310894012451172e-02 9.366983175277709961e-01 1.342606425285339355e+00 -3.048434620723128319e-03 -4.782097041606903076e-01 5.041044354438781738e-01 7.191556692123413086e-01
-2.260684967041015625e-02 9.372019767761230469e-01 1.343354344367980957e+00 -3.555493429303169250e-03 -4.778487980365753174e-01 5.050684809684753418e-01 7.187167406082153320e-01
-2.181255817413330078e-02 9.373453259468078613e-01 1.344260692596435547e+00 -4.323325585573911667e-03 -4.771625697612762451e-01 5.058090686798095703e-01 7.186476588249206543e-01
-1.987743377685546875e-02 9.377595186233520508e-01 1.345586657524108887e+00 -5.210201255977153778e-03 -4.758529365062713623e-01 5.060914754867553711e-01 7.193109989166259766e-01
-2.225196361541748047e-02 9.379820823669433594e-01 1.345682621002197266e+00 -5.697963293641805649e-03 -4.725564718246459961e-01 5.063384175300598145e-01 7.213038802146911621e-01
-2.253830432891845703e-02 9.381712675094604492e-01 1.345614790916442871e+00 -6.390283815562725067e-03 -4.686071574687957764e-01 5.063664317131042480e-01 7.238505482673645020e-01
-2.387654781341552734e-02 9.380475878715515137e-01 1.346687316894531250e+00 -7.199832238256931305e-03 -4.634047448635101318e-01 5.059567689895629883e-01 7.274696230888366699e-01
-2.605307102203369141e-02 9.391298890113830566e-01 1.347986698150634766e+00 -7.881468161940574646e-03 -4.574183523654937744e-01 5.058051347732543945e-01 7.313463687896728516e-01
-2.708768844604492188e-02 9.388042092323303223e-01 1.347261309623718262e+00 -8.122320286929607391e-03 -4.499374628067016602e-01 5.039215087890625000e-01 7.372608184814453125e-01
-2.971029281616210938e-02 9.401575326919555664e-01 1.349863290786743164e+00 -2.224737778306007385e-02 -4.464673399925231934e-01 4.951765537261962891e-01 7.449645400047302246e-01
-2.974653244018554688e-02 9.397725462913513184e-01 1.351044178009033203e+00 -3.851325064897537231e-02 -4.419919252395629883e-01 4.853370189666748047e-01 7.533975243568420410e-01
-3.115272521972656250e-02 9.407263398170471191e-01 1.352347135543823242e+00 -5.513697117567062378e-02 -4.363947808742523193e-01 4.745236933231353760e-01 7.624610662460327148e-01
-3.474879264831542969e-02 9.405599236488342285e-01 1.354021072387695312e+00 -7.356125116348266602e-02 -4.297057986259460449e-01 4.615465998649597168e-01 7.726036906242370605e-01
-3.680229187011718750e-02 9.411785006523132324e-01 1.356365561485290527e+00 -9.255352616310119629e-02 -4.226679503917694092e-01 4.483073949813842773e-01 7.821804285049438477e-01
-3.950190544128417969e-02 9.410680532455444336e-01 1.358396887779235840e+00 -1.123213917016983032e-01 -4.147439301013946533e-01 4.332613945007324219e-01 7.922474741935729980e-01
-4.221451282501220703e-02 9.410491585731506348e-01 1.361332297325134277e+00 -1.327152252197265625e-01 -4.065132737159729004e-01 4.176562726497650146e-01 8.016838431358337402e-01
-4.564553499221801758e-02 9.419891834259033203e-01 1.364452838897705078e+00 -1.529416292905807495e-01 -3.975930213928222656e-01 4.014833867549896240e-01 8.107649087905883789e-01
-4.884308576583862305e-02 9.419023394584655762e-01 1.367815613746643066e+00 -1.739681661128997803e-01 -3.883016109466552734e-01 3.841356933116912842e-01 8.193880915641784668e-01
-5.258166790008544922e-02 9.421772956848144531e-01 1.370827198028564453e+00 -1.944237798452377319e-01 -3.782337307929992676e-01 3.668656349182128906e-01 8.273743391036987305e-01
-5.600273609161376953e-02 9.419057369232177734e-01 1.373688936233520508e+00 -2.146053612232208252e-01 -3.681022822856903076e-01 3.484627902507781982e-01 8.348765969276428223e-01
-5.808448791503906250e-02 9.416607618331909180e-01 1.376610517501831055e+00 -2.350992262363433838e-01 -3.579702377319335938e-01 3.301329016685485840e-01 8.411884307861328125e-01
-6.047809123992919922e-02 9.416630864143371582e-01 1.379222989082336426e+00 -2.546994686126708984e-01 -3.478764295578002930e-01 3.118550479412078857e-01 8.466739058494567871e-01
-6.324023008346557617e-02 9.417091608047485352e-01 1.381337285041809082e+00 -2.735227048397064209e-01 -3.375595211982727051e-01 2.934825122356414795e-01 8.515321612358093262e-01
-6.562685966491699219e-02 9.413141608238220215e-01 1.383012294769287109e+00 -2.913551628589630127e-01 -3.274467885494232178e-01 2.752162218093872070e-01 8.556557893753051758e-01
-6.767743825912475586e-02 9.414823651313781738e-01 1.384629011154174805e+00 -3.082490265369415283e-01 -3.181289732456207275e-01 2.575480043888092041e-01 8.587465286254882812e-01
-6.892877817153930664e-02 9.421677589416503906e-01 1.385351419448852539e+00 -3.236688375473022461e-01 -3.091844320297241211e-01 2.407705187797546387e-01 8.612044453620910645e-01
-7.015055418014526367e-02 9.421162605285644531e-01 1.386342525482177734e+00 -3.384018242359161377e-01 -3.007656037807464600e-01 2.247492074966430664e-01 8.628512024879455566e-01
-7.122039794921875000e-02 9.422282576560974121e-01 1.387036085128784180e+00 -3.516108691692352295e-01 -2.931525409221649170e-01 2.095044255256652832e-01 8.640250563621520996e-01
-7.185310125350952148e-02 9.423023462295532227e-01 1.387575864791870117e+00 -3.636100292205810547e-01 -2.865836620330810547e-01 1.957098543643951416e-01 8.644970655441284180e-01
-7.208317518234252930e-02 9.423391819000244141e-01 1.387859582901000977e+00 -3.741483986377716064e-01 -2.811106741428375244e-01 1.832201033830642700e-01 8.645346164703369141e-01
-7.251384854316711426e-02 9.424766302108764648e-01 1.388044476509094238e+00 -3.831515014171600342e-01 -2.766716778278350830e-01 1.719760596752166748e-01 8.643332719802856445e-01
-7.324022054672241211e-02 9.426925778388977051e-01 1.388359546661376953e+00 -3.908536434173583984e-01 -2.729565203189849854e-01 1.619670540094375610e-01 8.639993667602539062e-01
-7.387220859527587891e-02 9.428753256797790527e-01 1.388820409774780273e+00 -3.974162936210632324e-01 -2.701070308685302734e-01 1.529939323663711548e-01 8.635365962982177734e-01
-7.462644577026367188e-02 9.429187774658203125e-01 1.389375209808349609e+00 -4.030557870864868164e-01 -2.678091526031494141e-01 1.450740993022918701e-01 8.630051612854003906e-01
-7.549118995666503906e-02 9.427799582481384277e-01 1.389877796173095703e+00 -4.078646898269653320e-01 -2.658982276916503906e-01 1.379528939723968506e-01 8.625043034553527832e-01
-7.607418298721313477e-02 9.426460266113281250e-01 1.390505790710449219e+00 -4.119480550289154053e-01 -2.644051611423492432e-01 1.318785995244979858e-01 8.619726300239562988e-01
-7.721027731895446777e-02 9.426437616348266602e-01 1.391244411468505859e+00 -4.152607023715972900e-01 -2.630381882190704346e-01 1.263115555047988892e-01 8.616350889205932617e-01
-7.841157913208007812e-02 9.424420595169067383e-01 1.392125844955444336e+00 -4.181604981422424316e-01 -2.617157101631164551e-01 1.212596967816352844e-01 8.613610267639160156e-01
-7.980871200561523438e-02 9.423962831497192383e-01 1.393005847930908203e+00 -4.204419851303100586e-01 -2.601020932197570801e-01 1.168731600046157837e-01 8.613455891609191895e-01
-8.143031597137451172e-02 9.422831535339355469e-01 1.393962621688842773e+00 -4.224476218223571777e-01 -2.581458985805511475e-01 1.127746701240539551e-01 8.614990711212158203e-01
-8.292612433433532715e-02 9.421060085296630859e-01 1.395068883895874023e+00 -4.242644906044006348e-01 -2.559615671634674072e-01 1.089622825384140015e-01 8.617486357688903809e-01
-8.478543162345886230e-02 9.418569803237915039e-01 1.396219730377197266e+00 -4.259154796600341797e-01 -2.529694736003875732e-01 1.049727201461791992e-01 8.623127341270446777e-01
-8.682811260223388672e-02 9.418004751205444336e-01 1.397323131561279297e+00 -4.274939596652984619e-01 -2.490753084421157837e-01 1.014387905597686768e-01 8.630878329277038574e-01
-8.893771469593048096e-02 9.414303302764892578e-01 1.398615598678588867e+00 -4.292841255664825439e-01 -2.444050908088684082e-01 9.740487486124038696e-02 8.639986515045166016e-01
-9.116901457309722900e-02 9.412263035774230957e-01 1.399956583976745605e+00 -4.310010373592376709e-01 -2.385559678077697754e-01 9.345962107181549072e-02 8.652135729789733887e-01
-9.373015165328979492e-02 9.409961700439453125e-01 1.401282191276550293e+00 -4.330413639545440674e-01 -2.313350439071655273e-01 8.886078745126724243e-02 8.666389584541320801e-01
-9.610484540462493896e-02 9.404957294464111328e-01 1.402729988098144531e+00 -4.353660941123962402e-01 -2.228508591651916504e-01 8.446592092514038086e-02 8.681356310844421387e-01
-9.873737394809722900e-02 9.400427341461181641e-01 1.404173612594604492e+00 -4.380834698677062988e-01 -2.124203741550445557e-01 7.924264669418334961e-02 8.698742389678955078e-01
-1.014938205480575562e-01 9.398263692855834961e-01 1.405671358108520508e+00 -4.412725567817687988e-01 -2.005189061164855957e-01 7.366437464952468872e-02 8.715757727622985840e-01
-1.051577553153038025e-01 9.390395879745483398e-01 1.407293319702148438e+00 -4.450305104255676270e-01 -1.860594004392623901e-01 6.601352244615554810e-02 8.734826445579528809e-01
-1.084227561950683594e-01 9.384759664535522461e-01 1.408909082412719727e+00 -4.491894245147705078e-01 -1.700961440801620483e-01 5.854462087154388428e-02 8.751392960548400879e-01
-1.118618026375770569e-01 9.379284977912902832e-01 1.410410761833190918e+00 -4.532671272754669189e-01 -1.528618782758712769e-01 5.046237260103225708e-02 8.767187595367431641e-01
-1.153593063354492188e-01 9.372202157974243164e-01 1.412033081054687500e+00 -4.575790166854858398e-01 -1.341172307729721069e-01 4.217439144849777222e-02 8.779836893081665039e-01
-1.190915480256080627e-01 9.364792108535766602e-01 1.413613796234130859e+00 -4.619640707969665527e-01 -1.144638285040855408e-01 3.341546282172203064e-02 8.788462877273559570e-01
-1.231158375740051270e-01 9.358364343643188477e-01 1.415206551551818848e+00 -4.660505950450897217e-01 -9.411970525979995728e-02 2.376944757997989655e-02 8.794165253639221191e-01
-1.272307187318801880e-01 9.350615143775939941e-01 1.416777849197387695e+00 -4.700626730918884277e-01 -7.297626137733459473e-02 1.478686463087797165e-02 8.794867396354675293e-01
-1.313854902982711792e-01 9.341131448745727539e-01 1.418345451354980469e+00 -4.736576080322265625e-01 -5.171832069754600525e-02 5.626365542411804199e-03 8.791712522506713867e-01
-1.357224583625793457e-01 9.332755804061889648e-01 1.419740676879882812e+00 -4.765082299709320068e-01 -3.041825257241725922e-02 -3.291428554803133011e-03 8.786375522613525391e-01
-1.401655673980712891e-01 9.322610497474670410e-01 1.421237230300903320e+00 -4.791080355644226074e-01 -9.403731673955917358e-03 -1.188866887241601944e-02 8.776251077651977539e-01
-1.447908431291580200e-01 9.311312437057495117e-01 1.422686696052551270e+00 -4.811870455741882324e-01 1.107221003621816635e-02 -2.010784111917018890e-02 8.763174414634704590e-01
-1.493870466947555542e-01 9.299106597900390625e-01 1.424115896224975586e+00 -4.825428426265716553e-01 3.074316680431365967e-02 -2.749983221292495728e-02 8.749006390571594238e-01
-1.545230001211166382e-01 9.288063645362854004e-01 1.425589799880981445e+00 -4.835833609104156494e-01 4.973685368895530701e-02 -3.486041724681854248e-02 8.731885552406311035e-01
-1.595684587955474854e-01 9.277058243751525879e-01 1.426855683326721191e+00 -4.835303723812103271e-01 6.711064279079437256e-02 -4.110722616314888000e-02 8.717825412750244141e-01
-1.646138280630111694e-01 9.263151884078979492e-01 1.428199648857116699e+00 -4.829851090908050537e-01 8.335696160793304443e-02 -4.533047601580619812e-02 8.704723715782165527e-01
-1.699190884828567505e-01 9.251335859298706055e-01 1.429491043090820312e+00 -4.814004898071289062e-01 9.841202199459075928e-02 -4.776065424084663391e-02 8.696479797363281250e-01
-1.753293871879577637e-01 9.239846467971801758e-01 1.430700182914733887e+00 -4.791810512542724609e-01 1.108316108584403992e-01 -4.998359456658363342e-02 8.692545890808105469e-01
-1.807501465082168579e-01 9.226456880569458008e-01 1.431812286376953125e+00 -4.765467643737792969e-01 1.202245429158210754e-01 -5.196727812290191650e-02 8.693380355834960938e-01
-1.864351332187652588e-01 9.208608865737915039e-01 1.433146953582763672e+00 -4.736152589321136475e-01 1.263380944728851318e-01 -5.370769649744033813e-02 8.699671626091003418e-01
-1.924176216125488281e-01 9.188541769981384277e-01 1.434385299682617188e+00 -4.700794219970703125e-01 1.294750273227691650e-01 -5.509869754314422607e-02 8.713356256484985352e-01
-1.985364258289337158e-01 9.172155857086181641e-01 1.435700774192810059e+00 -4.655516445636749268e-01 1.308354586362838745e-01 -5.262461677193641663e-02 8.737130761146545410e-01
-2.048323899507522583e-01 9.161773324012756348e-01 1.436703205108642578e+00 -4.595587551593780518e-01 1.295115351676940918e-01 -4.864414408802986145e-02 8.773062825202941895e-01
-2.111892253160476685e-01 9.145598411560058594e-01 1.438057541847229004e+00 -4.534357190132141113e-01 1.254125088453292847e-01 -4.291805997490882874e-02 8.813772797584533691e-01
-2.180027514696121216e-01 9.124919176101684570e-01 1.439486145973205566e+00 -4.466321468353271484e-01 1.192563325166702271e-01 -3.590865433216094971e-02 8.860069513320922852e-01
-2.247104048728942871e-01 9.128948450088500977e-01 1.441255569458007812e+00 -4.383499324321746826e-01 1.113721430301666260e-01 -2.810220234096050262e-02 8.914347290992736816e-01
-2.319017350673675537e-01 9.109085798263549805e-01 1.442889690399169922e+00 -4.299965202808380127e-01 1.011686697602272034e-01 -1.890410855412483215e-02 8.969451189041137695e-01
-2.388521283864974976e-01 9.091797471046447754e-01 1.444682598114013672e+00 -4.207711517810821533e-01 8.946104347705841064e-02 -8.288883604109287262e-03 9.027069211006164551e-01
-2.455787807703018188e-01 9.069992303848266602e-01 1.446545124053955078e+00 -4.107602536678314209e-01 7.578487694263458252e-02 3.298596944659948349e-03 9.085823297500610352e-01
-2.524841725826263428e-01 9.053703546524047852e-01 1.448710441589355469e+00 -4.001032114028930664e-01 6.131596118211746216e-02 1.562838256359100342e-02 9.142830967903137207e-01
-2.599650323390960693e-01 9.032594561576843262e-01 1.451094388961791992e+00 -3.888184726238250732e-01 4.602552950382232666e-02 2.889783121645450592e-02 9.197102189064025879e-01
-2.673706114292144775e-01 9.010704755783081055e-01 1.453384160995483398e+00 -3.764232099056243896e-01 2.984123490750789642e-02 4.267590120434761047e-02 9.249832034111022949e-01
-2.749800682067871094e-01 8.990722894668579102e-01 1.456364393234252930e+00 -3.636327981948852539e-01 1.335178315639495850e-02 5.689475685358047485e-02 9.297074675559997559e-01
-2.823445200920104980e-01 8.968759179115295410e-01 1.459475755691528320e+00 -3.502091467380523682e-01 -3.653318854048848152e-03 7.194785773754119873e-02 9.338970780372619629e-01
-2.901988029479980469e-01 8.937723636627197266e-01 1.463039517402648926e+00 -3.364376425743103027e-01 -2.005317062139511108e-02 8.760859072208404541e-02 9.374071955680847168e-01
-2.968887388706207275e-01 8.919773697853088379e-01 1.465684056282043457e+00 -3.210449516773223877e-01 -3.721244260668754578e-02 1.035023406147956848e-01 9.406554698944091797e-01
-3.048532605171203613e-01 8.893826603889465332e-01 1.469548583030700684e+00 -3.059763014316558838e-01 -5.307162925601005554e-02 1.193666830658912659e-01 9.430342316627502441e-01
-3.124422430992126465e-01 8.860473632812500000e-01 1.473611474037170410e+00 -2.908644676208496094e-01 -6.842134147882461548e-02 1.355274468660354614e-01 9.446421265602111816e-01
-3.192072212696075439e-01 8.844707608222961426e-01 1.477479457855224609e+00 -2.742586433887481689e-01 -8.334915339946746826e-02 1.523948609828948975e-01 9.458387494087219238e-01
-3.262418508529663086e-01 8.819246888160705566e-01 1.481326937675476074e+00 -2.581484615802764893e-01 -9.642443060874938965e-02 1.689027100801467896e-01 9.463263750076293945e-01
-3.323459029197692871e-01 8.791210651397705078e-01 1.485169172286987305e+00 -2.424494475126266479e-01 -1.081798300147056580e-01 1.852001696825027466e-01 9.461587667465209961e-01
-3.384416997432708740e-01 8.766093850135803223e-01 1.488515734672546387e+00 -2.261586040258407593e-01 -1.182704493403434753e-01 2.009100466966629028e-01 9.457799196243286133e-01
-3.442638516426086426e-01 8.750028610229492188e-01 1.491852164268493652e+00 -2.096878737211227417e-01 -1.267235726118087769e-01 2.165095508098602295e-01 9.450374841690063477e-01
-3.490701913833618164e-01 8.728189468383789062e-01 1.494775056838989258e+00 -1.936767995357513428e-01 -1.336866170167922974e-01 2.320275008678436279e-01 9.438117146492004395e-01
-3.533077836036682129e-01 8.711385726928710938e-01 1.497574567794799805e+00 -1.779675781726837158e-01 -1.393049806356430054e-01 2.469913363456726074e-01 9.422935247421264648e-01
-3.569810390472412109e-01 8.694678544998168945e-01 1.499534726142883301e+00 -1.624671220779418945e-01 -1.438315808773040771e-01 2.614375948905944824e-01 9.405144453048706055e-01
-3.599025011062622070e-01 8.678516745567321777e-01 1.501539468765258789e+00 -1.473048180341720581e-01 -1.471478044986724854e-01 2.754564583301544189e-01 9.384948611259460449e-01
-3.624213337898254395e-01 8.664586544036865234e-01 1.502418518066406250e+00 -1.326009482145309448e-01 -1.493781059980392456e-01 2.887317240238189697e-01 9.363424777984619141e-01
-3.637632131576538086e-01 8.704034090042114258e-01 1.503941774368286133e+00 -1.163522005081176758e-01 -1.520792245864868164e-01 3.024489283561706543e-01 9.337338209152221680e-01
-3.655298650264739990e-01 8.689973354339599609e-01 1.504996180534362793e+00 -1.030957549810409546e-01 -1.526699662208557129e-01 3.144182860851287842e-01 9.312381148338317871e-01
-3.672932386398315430e-01 8.680114746093750000e-01 1.506199836730957031e+00 -9.023943543434143066e-02 -1.525291204452514648e-01 3.256429731845855713e-01 9.287348985671997070e-01
-3.678719103336334229e-01 8.675526380538940430e-01 1.506491422653198242e+00 -7.791911810636520386e-02 -1.518325358629226685e-01 3.362153470516204834e-01 9.261937141418457031e-01
-3.684563040733337402e-01 8.656539916992187500e-01 1.506925463676452637e+00 -6.665570288896560669e-02 -1.510131657123565674e-01 3.458391427993774414e-01 9.236598014831542969e-01
-3.699206113815307617e-01 8.645520806312561035e-01 1.508142352104187012e+00 -5.616659298539161682e-02 -1.495549976825714111e-01 3.542129993438720703e-01 9.214184284210205078e-01
-3.701677322387695312e-01 8.632950782775878906e-01 1.509122967720031738e+00 -4.682933166623115540e-02 -1.482436805963516235e-01 3.621383607387542725e-01 9.190683364868164062e-01
-3.720431029796600342e-01 8.623456954956054688e-01 1.509686946868896484e+00 -3.762444853782653809e-02 -1.465400606393814087e-01 3.687421083450317383e-01 9.171367287635803223e-01
-3.745040297508239746e-01 8.614171743392944336e-01 1.510575175285339355e+00 -2.953281439840793610e-02 -1.448310911655426025e-01 3.747599720954895020e-01 9.152631759643554688e-01
-3.766594827175140381e-01 8.607187867164611816e-01 1.511478900909423828e+00 -2.257737703621387482e-02 -1.433967798948287964e-01 3.798809647560119629e-01 9.135743379592895508e-01
-3.792487680912017822e-01 8.601590394973754883e-01 1.513793945312500000e+00 -1.708277687430381775e-02 -1.422984302043914795e-01 3.838887810707092285e-01 9.121890664100646973e-01
-3.811562061309814453e-01 8.603530526161193848e-01 1.515599131584167480e+00 -1.224074419587850571e-02 -1.422287672758102417e-01 3.869421780109405518e-01 9.109867811203002930e-01
-3.843754231929779053e-01 8.576695322990417480e-01 1.518161773681640625e+00 -9.455670602619647980e-03 -1.418680697679519653e-01 3.878583908081054688e-01 9.106865525245666504e-01
-3.924001753330230713e-01 8.526127934455871582e-01 1.520837903022766113e+00 -1.032512076199054718e-02 -1.408259570598602295e-01 3.875780105590820312e-01 9.109581708908081055e-01
-3.975458741188049316e-01 8.501197099685668945e-01 1.523054122924804688e+00 -1.038505788892507553e-02 -1.410806179046630859e-01 3.867795169353485107e-01 9.112573862075805664e-01
-4.027265310287475586e-01 8.472245931625366211e-01 1.526565670967102051e+00 -1.062399242073297501e-02 -1.422971636056900024e-01 3.849504888057708740e-01 9.118397831916809082e-01
-4.080040752887725830e-01 8.441979289054870605e-01 1.528842449188232422e+00 -1.111282780766487122e-02 -1.439242810010910034e-01 3.821606636047363281e-01 9.127516746520996094e-01
-4.130637645721435547e-01 8.414228558540344238e-01 1.530218243598937988e+00 -1.383955031633377075e-02 -1.463965326547622681e-01 3.786152303218841553e-01 9.137981534004211426e-01
-4.185270071029663086e-01 8.392714262008666992e-01 1.531467914581298828e+00 -1.704105362296104431e-02 -1.494982391595840454e-01 3.741153776645660400e-01 9.150943160057067871e-01
-4.264332056045532227e-01 8.363273143768310547e-01 1.530756950378417969e+00 -2.100141718983650208e-02 -1.520756036043167114e-01 3.692639470100402832e-01 9.165566563606262207e-01
-4.360399246215820312e-01 8.323522806167602539e-01 1.530141711235046387e+00 -2.565621584653854370e-02 -1.543985158205032349e-01 3.632608652114868164e-01 9.184467792510986328e-01
-4.434233903884887695e-01 8.301970958709716797e-01 1.529754877090454102e+00 -3.060780093073844910e-02 -1.580074131488800049e-01 3.570002019405364990e-01 9.201346635818481445e-01
-4.530514478683471680e-01 8.269356489181518555e-01 1.529197812080383301e+00 -3.659124299883842468e-02 -1.613686233758926392e-01 3.501251041889190674e-01 9.219727516174316406e-01
-4.629808962345123291e-01 8.230394124984741211e-01 1.526529192924499512e+00 -4.288228228688240051e-02 -1.642588078975677490e-01 3.429684340953826904e-01 9.238792657852172852e-01
-4.721440970897674561e-01 8.170566558837890625e-01 1.525382280349731445e+00 -5.118839442729949951e-02 -1.680343896150588989e-01 3.344375491142272949e-01 9.259026646614074707e-01
-4.826375842094421387e-01 8.132669925689697266e-01 1.523650169372558594e+00 -5.832079052925109863e-02 -1.716290861368179321e-01 3.263459205627441406e-01 9.277071356773376465e-01
-4.934754669666290283e-01 8.090144395828247070e-01 1.522035598754882812e+00 -6.603876501321792603e-02 -1.753959208726882935e-01 3.182666003704071045e-01 9.292909502983093262e-01
-5.051991343498229980e-01 8.044349551200866699e-01 1.520199894905090332e+00 -7.418343424797058105e-02 -1.789596378803253174e-01 3.095422387123107910e-01 9.309424757957458496e-01
-5.166245698928833008e-01 7.996845245361328125e-01 1.519337415695190430e+00 -8.304591476917266846e-02 -1.827362328767776489e-01 3.007349967956542969e-01 9.323461651802062988e-01
-5.286583900451660156e-01 7.964571714401245117e-01 1.518013238906860352e+00 -9.149107336997985840e-02 -1.866528987884521484e-01 2.920537590980529785e-01 9.335387945175170898e-01
-5.417793393135070801e-01 7.932043075561523438e-01 1.515299439430236816e+00 -9.959366917610168457e-02 -1.900745928287506104e-01 2.834337353706359863e-01 9.346753954887390137e-01
-5.568782091140747070e-01 7.901250123977661133e-01 1.510791659355163574e+00 -1.072852537035942078e-01 -1.925831288099288940e-01 2.751314043998718262e-01 9.357907772064208984e-01
-5.703437328338623047e-01 7.871763110160827637e-01 1.507332801818847656e+00 -1.146370097994804382e-01 -1.960457265377044678e-01 2.671867012977600098e-01 9.365018606185913086e-01
-5.831053256988525391e-01 7.834124565124511719e-01 1.503506898880004883e+00 -1.220746561884880066e-01 -1.993909478187561035e-01 2.598303258419036865e-01 9.369254112243652344e-01
-5.968647599220275879e-01 7.785986065864562988e-01 1.499680161476135254e+00 -1.296152621507644653e-01 -2.023148983716964722e-01 2.525736987590789795e-01 9.372700452804565430e-01
-6.118504405021667480e-01 7.738492488861083984e-01 1.494512200355529785e+00 -1.363813579082489014e-01 -2.045235186815261841e-01 2.455561161041259766e-01 9.376953840255737305e-01
-6.253604292869567871e-01 7.693308591842651367e-01 1.490012884140014648e+00 -1.432367414236068726e-01 -2.074703276157379150e-01 2.394278496503829956e-01 9.376106262207031250e-01
-6.418672800064086914e-01 7.632502317428588867e-01 1.484725713729858398e+00 -1.500895917415618896e-01 -2.088252604007720947e-01 2.327623218297958374e-01 9.379162192344665527e-01
-6.573891043663024902e-01 7.581269145011901855e-01 1.478856682777404785e+00 -1.562785357236862183e-01 -2.109845578670501709e-01 2.268765717744827271e-01 9.378643631935119629e-01
-6.738328337669372559e-01 7.526502609252929688e-01 1.472808837890625000e+00 -1.621018797159194946e-01 -2.123768180608749390e-01 2.209927439689636230e-01 9.379665851593017578e-01
-6.895267963409423828e-01 7.461057901382446289e-01 1.467493295669555664e+00 -1.684567630290985107e-01 -2.143311798572540283e-01 2.150362730026245117e-01 9.377866983413696289e-01
-7.055026292800903320e-01 7.400473952293395996e-01 1.461543798446655273e+00 -1.742316931486129761e-01 -2.158732861280441284e-01 2.100651562213897705e-01 9.375045299530029297e-01
-7.225643992424011230e-01 7.329635024070739746e-01 1.454082489013671875e+00 -1.794993877410888672e-01 -2.165516316890716553e-01 2.045668363571166992e-01 9.375701546669006348e-01
-7.371728420257568359e-01 7.231512069702148438e-01 1.443641543388366699e+00 -1.853806674480438232e-01 -2.172285020351409912e-01 1.989057213068008423e-01 9.374872446060180664e-01
-7.475230097770690918e-01 7.135488986968994141e-01 1.431647419929504395e+00 -1.911787390708923340e-01 -2.187628000974655151e-01 1.932599246501922607e-01 9.371467828750610352e-01
-7.573379278182983398e-01 7.035994529724121094e-01 1.418557047843933105e+00 -1.969314962625503540e-01 -2.195216119289398193e-01 1.882290393114089966e-01 9.368020892143249512e-01
-7.662340998649597168e-01 6.929663419723510742e-01 1.405766725540161133e+00 -2.031380534172058105e-01 -2.202288210391998291e-01 1.828264892101287842e-01 9.363806843757629395e-01
-7.740911245346069336e-01 6.824471950531005859e-01 1.393441915512084961e+00 -2.093106657266616821e-01 -2.213016748428344727e-01 1.773996502161026001e-01 9.358119368553161621e-01
-7.824575901031494141e-01 6.716435551643371582e-01 1.380808115005493164e+00 -2.153169810771942139e-01 -2.218500375747680664e-01 1.716941744089126587e-01 9.353834986686706543e-01
-7.904394865036010742e-01 6.603820323944091797e-01 1.369062900543212891e+00 -2.215784341096878052e-01 -2.224253565073013306e-01 1.658718734979629517e-01 9.348350763320922852e-01
-7.981811761856079102e-01 6.482107639312744141e-01 1.357548713684082031e+00 -2.283082604408264160e-01 -2.226758301258087158e-01 1.593661308288574219e-01 9.342876076698303223e-01
-8.043416738510131836e-01 6.370540261268615723e-01 1.345371484756469727e+00 -2.343758791685104370e-01 -2.234111726284027100e-01 1.535724252462387085e-01 9.335796833038330078e-01
-8.118920922279357910e-01 6.242957115173339844e-01 1.333482265472412109e+00 -2.408369481563568115e-01 -2.233733385801315308e-01 1.468165665864944458e-01 9.330310225486755371e-01
-8.190214633941650391e-01 6.104546189308166504e-01 1.321994423866271973e+00 -2.478129863739013672e-01 -2.233018130064010620e-01 1.399994045495986938e-01 9.322688579559326172e-01
-8.258110284805297852e-01 5.970478653907775879e-01 1.310772061347961426e+00 -2.545018792152404785e-01 -2.234841287136077881e-01 1.330443024635314941e-01 9.314413070678710938e-01
-8.323127627372741699e-01 5.829844474792480469e-01 1.300134301185607910e+00 -2.616967260837554932e-01 -2.231858074665069580e-01 1.254137158393859863e-01 9.305774569511413574e-01
-8.385176658630371094e-01 5.683236718177795410e-01 1.289757370948791504e+00 -2.691056430339813232e-01 -2.230150848627090454e-01 1.178542599081993103e-01 9.294927716255187988e-01
-8.438203334808349609e-01 5.549983382225036621e-01 1.279143452644348145e+00 -2.759890556335449219e-01 -2.230363488197326660e-01 1.103969439864158630e-01 9.283843040466308594e-01
-8.498364686965942383e-01 5.404054522514343262e-01 1.269259929656982422e+00 -2.834116518497467041e-01 -2.225931584835052490e-01 1.021538302302360535e-01 9.271972775459289551e-01
-8.556659221649169922e-01 5.252891182899475098e-01 1.259591460227966309e+00 -2.913042008876800537e-01 -2.220111489295959473e-01 9.392231702804565430e-02 9.257600307464599609e-01
-8.616482019424438477e-01 5.105096101760864258e-01 1.250047445297241211e+00 -2.989451289176940918e-01 -2.212349921464920044e-01 8.529211580753326416e-02 9.243442416191101074e-01
-8.668400645256042480e-01 4.963108301162719727e-01 1.240641951560974121e+00 -3.063215911388397217e-01 -2.206874787807464600e-01 7.690942287445068359e-02 9.227942228317260742e-01
-8.725178241729736328e-01 4.812722206115722656e-01 1.231492400169372559e+00 -3.142176568508148193e-01 -2.197195589542388916e-01 6.805438548326492310e-02 9.210641384124755859e-01
-8.779389858245849609e-01 4.663945138454437256e-01 1.222159981727600098e+00 -3.219836652278900146e-01 -2.188857197761535645e-01 5.909591540694236755e-02 9.191970825195312500e-01
-8.831030130386352539e-01 4.516335129737854004e-01 1.213377952575683594e+00 -3.297491371631622314e-01 -2.181976586580276489e-01 5.014270916581153870e-02 9.171373844146728516e-01
-8.883879780769348145e-01 4.372818470001220703e-01 1.204539060592651367e+00 -3.372749686241149902e-01 -2.172847539186477661e-01 4.128915071487426758e-02 9.150563478469848633e-01
-8.938221335411071777e-01 4.226496517658233643e-01 1.195992231369018555e+00 -3.450348377227783203e-01 -2.163254022598266602e-01 3.222528845071792603e-02 9.127518534660339355e-01
-8.989369273185729980e-01 4.076722562313079834e-01 1.187098979949951172e+00 -3.526341915130615234e-01 -2.151945382356643677e-01 2.344765886664390564e-02 9.103794693946838379e-01
-9.042430520057678223e-01 3.933448791503906250e-01 1.178376793861389160e+00 -3.601609766483306885e-01 -2.141242325305938721e-01 1.471439376473426819e-02 9.078648090362548828e-01
-9.091478586196899414e-01 3.789127469062805176e-01 1.169730663299560547e+00 -3.674435615539550781e-01 -2.131739258766174316e-01 5.912505555897951126e-03 9.052663445472717285e-01
-9.133588075637817383e-01 3.655484914779663086e-01 1.161832690238952637e+00 -3.747169375419616699e-01 -2.123703211545944214e-01 -2.676850184798240662e-03 9.024848937988281250e-01
