-0.000000000000000000e+00 -0.000000000000000000e+00 -0.000000000000000000e+00 -0.000000000000000000e+00 -0.000000000000000000e+00 -0.000000000000000000e+00 1.000000000000000000e+00
-0.000000000000000000e+00 -0.000000000000000000e+00 -0.000000000000000000e+00 -0.000000000000000000e+00 -0.000000000000000000e+00 -0.000000000000000000e+00 1.000000000000000000e+00
1.159456744790077209e-02 1.679803058505058289e-02 2.276009321212768555e-02 -4.031383432447910309e-03 2.168420469388365746e-03 -3.354039974510669708e-03 9.999839663505554199e-01
1.159456744790077209e-02 1.679803058505058289e-02 2.276009321212768555e-02 -4.031383432447910309e-03 2.168420469388365746e-03 -3.354039974510669708e-03 9.999839663505554199e-01
2.230669185519218445e-02 3.228816390037536621e-02 4.460211098194122314e-02 -8.235047571361064911e-03 7.569120731204748154e-03 -6.899359170347452164e-03 9.999136328697204590e-01
2.230669185519218445e-02 3.228816390037536621e-02 4.460211098194122314e-02 -8.235047571361064911e-03 7.569120731204748154e-03 -6.899359170347452164e-03 9.999136328697204590e-01
3.324678167700767517e-02 4.268162697553634644e-02 6.343965232372283936e-02 -1.265295408666133881e-02 1.646582596004009247e-02 -1.194293424487113953e-02 9.997131228446960449e-01
3.324678167700767517e-02 4.268162697553634644e-02 6.343965232372283936e-02 -1.265295408666133881e-02 1.646582596004009247e-02 -1.194293424487113953e-02 9.997131228446960449e-01
4.464853554964065552e-02 5.106596648693084717e-02 7.963748276233673096e-02 -1.778128184378147125e-02 2.639909833669662476e-02 -1.878361776471138000e-02 9.993168115615844727e-01
4.464853554964065552e-02 5.106596648693084717e-02 7.963748276233673096e-02 -1.778128184378147125e-02 2.639909833669662476e-02 -1.878361776471138000e-02 9.993168115615844727e-01
5.564242601394653320e-02 6.073872745037078857e-02 9.702736139297485352e-02 -2.275298163294792175e-02 3.816150873899459839e-02 -2.581722103059291840e-02 9.986789226531982422e-01
5.564242601394653320e-02 6.073872745037078857e-02 9.702736139297485352e-02 -2.275298163294792175e-02 3.816150873899459839e-02 -2.581722103059291840e-02 9.986789226531982422e-01
6.562537699937820435e-02 7.016029208898544312e-02 1.119730323553085327e-01 -2.721277996897697449e-02 5.020027980208396912e-02 -3.385226055979728699e-02 9.977943301200866699e-01
6.921669840812683105e-02 7.372286170721054077e-02 1.182059720158576965e-01 -2.949962578713893890e-02 5.677191913127899170e-02 -3.825661167502403259e-02 9.972177743911743164e-01
7.379503548145294189e-02 7.858214527368545532e-02 1.258070766925811768e-01 -3.161503374576568604e-02 6.307034939527511597e-02 -4.164003953337669373e-02 9.966387748718261719e-01
7.935719937086105347e-02 8.307310193777084351e-02 1.326915919780731201e-01 -3.340738639235496521e-02 6.962449103593826294e-02 -4.596613720059394836e-02 9.959535598754882812e-01
8.557782322168350220e-02 8.700852841138839722e-02 1.396090984344482422e-01 -3.579446673393249512e-02 7.528857886791229248e-02 -4.848587512969970703e-02 9.953389167785644531e-01
9.302020817995071411e-02 9.234188497066497803e-02 1.454782634973526001e-01 -3.667418286204338074e-02 8.107936382293701172e-02 -5.177616328001022339e-02 9.946861267089843750e-01
9.563948214054107666e-02 9.467142075300216675e-02 1.496561169624328613e-01 -3.749885782599449158e-02 8.619075268507003784e-02 -5.681859701871871948e-02 9.939500689506530762e-01
1.031736433506011963e-01 9.945818781852722168e-02 1.568496227264404297e-01 -3.877203166484832764e-02 9.128354489803314209e-02 -5.971041321754455566e-02 9.932767748832702637e-01
1.115064322948455811e-01 1.044982373714447021e-01 1.636230349540710449e-01 -3.894797712564468384e-02 9.611197561025619507e-02 -6.065309792757034302e-02 9.927572011947631836e-01
1.273263841867446899e-01 1.082676947116851807e-01 1.659397631883621216e-01 -3.842153027653694153e-02 9.721030294895172119e-02 -5.809653177857398987e-02 9.928236603736877441e-01
1.401788592338562012e-01 1.135462149977684021e-01 1.680390387773513794e-01 -3.729204833507537842e-02 9.987015277147293091e-02 -5.792351812124252319e-02 9.926128387451171875e-01
1.534904241561889648e-01 1.161443814635276794e-01 1.697352826595306396e-01 -3.697390854358673096e-02 1.027101799845695496e-01 -5.692099407315254211e-02 9.923928976058959961e-01
1.707613170146942139e-01 1.201850399374961853e-01 1.722462922334671021e-01 -3.487740829586982727e-02 1.024594306945800781e-01 -5.404674634337425232e-02 9.926553964614868164e-01
1.862759292125701904e-01 1.211928203701972961e-01 1.803896129131317139e-01 -3.423235192894935608e-02 1.024519205093383789e-01 -5.124290287494659424e-02 9.928272366523742676e-01
2.048333138227462769e-01 1.230053901672363281e-01 1.861462742090225220e-01 -3.148381039500236511e-02 9.955826401710510254e-02 -5.021266266703605652e-02 9.932651519775390625e-01
2.089560478925704956e-01 1.200626045465469360e-01 2.030568271875381470e-01 -3.385882452130317688e-02 1.034788936376571655e-01 -5.407200008630752563e-02 9.925835132598876953e-01
2.246846556663513184e-01 1.218803673982620239e-01 2.089393734931945801e-01 -3.278924897313117981e-02 1.033164188265800476e-01 -5.297572910785675049e-02 9.926953911781311035e-01
2.410454452037811279e-01 1.260909289121627808e-01 2.147785723209381104e-01 -3.192635625600814819e-02 1.034683510661125183e-01 -5.195638164877891541e-02 9.927616119384765625e-01
2.587839365005493164e-01 1.304803639650344849e-01 2.194258868694305420e-01 -3.116096556186676025e-02 1.025786474347114563e-01 -5.058994144201278687e-02 9.929488301277160645e-01
2.753915190696716309e-01 1.347494572401046753e-01 2.249271571636199951e-01 -3.050743602216243744e-02 1.026727184653282166e-01 -5.035448074340820312e-02 9.929713010787963867e-01
2.838703691959381104e-01 1.424034833908081055e-01 2.330403774976730347e-01 -2.944176830351352692e-02 1.052182838320732117e-01 -5.169552192091941833e-02 9.926680922508239746e-01
2.906988859176635742e-01 1.524145305156707764e-01 2.461969256401062012e-01 -2.910701371729373932e-02 1.053770557045936584e-01 -5.131717026233673096e-02 9.926807284355163574e-01
2.959944009780883789e-01 1.615589261054992676e-01 2.595892250537872314e-01 -2.965107560157775879e-02 1.046239957213401794e-01 -5.243761837482452393e-02 9.926857352256774902e-01
2.967428267002105713e-01 1.729017198085784912e-01 2.712177932262420654e-01 -2.908634394407272339e-02 1.022516712546348572e-01 -4.960256814956665039e-02 9.930952787399291992e-01
2.984012067317962646e-01 1.845403909683227539e-01 2.858961224555969238e-01 -2.909620106220245361e-02 1.016490757465362549e-01 -4.998269304633140564e-02 9.931377768516540527e-01
3.008566498756408691e-01 1.935780346393585205e-01 2.970727682113647461e-01 -2.948028035461902618e-02 1.015274301171302795e-01 -5.120125412940979004e-02 9.930768013000488281e-01
3.057069182395935059e-01 2.057862728834152222e-01 3.091224133968353271e-01 -2.960989810526371002e-02 9.936291724443435669e-02 -4.996637254953384399e-02 9.933547377586364746e-01
3.045415580272674561e-01 2.189568728208541870e-01 3.251054286956787109e-01 -2.848589606583118439e-02 9.996090084314346313e-02 -5.268140882253646851e-02 9.931873083114624023e-01
3.103723824024200439e-01 2.318887412548065186e-01 3.408646881580352783e-01 -2.971762232482433319e-02 9.813964366912841797e-02 -5.238236486911773682e-02 9.933487176895141602e-01
3.115441203117370605e-01 2.455889433622360229e-01 3.517919778823852539e-01 -2.943790517747402191e-02 1.000448688864707947e-01 -5.359516665339469910e-02 9.931022524833679199e-01
3.138082921504974365e-01 2.572014629840850830e-01 3.711600899696350098e-01 -3.219006583094596863e-02 9.806469827890396118e-02 -5.528073012828826904e-02 9.931219220161437988e-01
3.187992572784423828e-01 2.601284086704254150e-01 3.744058609008789062e-01 -3.280119970440864563e-02 9.712358564138412476e-02 -5.695437267422676086e-02 9.930998682975769043e-01
3.215055465698242188e-01 2.723651528358459473e-01 3.860712349414825439e-01 -3.313058614730834961e-02 9.755739569664001465e-02 -5.763948336243629456e-02 9.930068850517272949e-01
3.250909745693206787e-01 2.855282723903656006e-01 3.984673917293548584e-01 -3.289778530597686768e-02 9.784390032291412354e-02 -5.745159462094306946e-02 9.929973483085632324e-01
3.283467292785644531e-01 2.980463504791259766e-01 4.103352129459381104e-01 -3.351436927914619446e-02 9.774429351091384888e-02 -5.829459056258201599e-02 9.929373860359191895e-01
3.307164609432220459e-01 3.077090680599212646e-01 4.217152595520019531e-01 -3.394806385040283203e-02 9.794227033853530884e-02 -5.815743282437324524e-02 9.929111599922180176e-01
3.332405686378479004e-01 3.179562389850616455e-01 4.319489002227783203e-01 -3.381639719009399414e-02 9.751667827367782593e-02 -5.657720565795898438e-02 9.930488467216491699e-01
3.348939418792724609e-01 3.317835032939910889e-01 4.460907876491546631e-01 -3.116974420845508575e-02 9.791312366724014282e-02 -5.447561293840408325e-02 9.932139515876770020e-01
3.380955457687377930e-01 3.359691500663757324e-01 4.507492184638977051e-01 -3.358219563961029053e-02 9.796157479286193848e-02 -5.409504473209381104e-02 9.931513667106628418e-01
3.424373269081115723e-01 3.295201957225799561e-01 4.601720571517944336e-01 -4.162637144327163696e-02 8.559245616197586060e-02 -6.787546724081039429e-02 9.931435585021972656e-01
3.433935642242431641e-01 3.370628356933593750e-01 4.695742726325988770e-01 -4.187990352511405945e-02 8.580368012189865112e-02 -6.810747832059860229e-02 9.930987954139709473e-01
3.442710638046264648e-01 3.439937233924865723e-01 4.797844886779785156e-01 -4.257747903466224670e-02 8.471066504716873169e-02 -6.878735870122909546e-02 9.931161403656005859e-01
3.442891836166381836e-01 3.513425290584564209e-01 4.900116920471191406e-01 -4.225038364529609680e-02 8.495672047138214111e-02 -6.884749233722686768e-02 9.931048750877380371e-01
3.445600569248199463e-01 3.578639924526214600e-01 4.988718628883361816e-01 -4.249291867017745972e-02 8.518319576978683472e-02 -6.841120868921279907e-02 9.931052923202514648e-01
3.448800742626190186e-01 3.632828891277313232e-01 5.075663328170776367e-01 -4.282694682478904724e-02 8.440337330102920532e-02 -6.909911334514617920e-02 9.931099414825439453e-01
3.446711301803588867e-01 3.689933717250823975e-01 5.176919698715209961e-01 -4.319335520267486572e-02 8.351040631532669067e-02 -7.090596854686737061e-02 9.930421710014343262e-01
3.430118560791015625e-01 3.748996257781982422e-01 5.263188481330871582e-01 -4.169008880853652954e-02 8.473936468362808228e-02 -6.676923483610153198e-02 9.932890534400939941e-01
3.410142064094543457e-01 3.773449361324310303e-01 5.319973826408386230e-01 -4.061495885252952576e-02 8.559871464967727661e-02 -6.856326013803482056e-02 9.931377172470092773e-01
3.467621803283691406e-01 3.870824575424194336e-01 5.331060886383056641e-01 -2.329202927649021149e-02 7.405024021863937378e-02 -4.753916338086128235e-02 9.958484172821044922e-01
3.431777358055114746e-01 3.914108574390411377e-01 5.396775007247924805e-01 -2.154061943292617798e-02 7.622658461332321167e-02 -4.315800964832305908e-02 9.959231615066528320e-01
3.428887426853179932e-01 3.972630500793457031e-01 5.471076965332031250e-01 -1.797210797667503357e-02 7.227242738008499146e-02 -3.205025941133499146e-02 9.967078566551208496e-01
3.383352756500244141e-01 4.059169292449951172e-01 5.563740730285644531e-01 -1.180521398782730103e-02 7.037271559238433838e-02 -1.773891597986221313e-02 9.972931742668151855e-01
3.450471460819244385e-01 4.201425909996032715e-01 5.521076917648315430e-01 4.169241990894079208e-03 6.333341449499130249e-02 1.390765141695737839e-02 9.978868365287780762e-01
3.489161431789398193e-01 4.160958528518676758e-01 5.649517774581909180e-01 -4.626167472451925278e-03 4.078590869903564453e-02 1.197684369981288910e-02 9.990854263305664062e-01
3.510249555110931396e-01 4.168514013290405273e-01 5.717490315437316895e-01 -9.698786772787570953e-03 3.373585268855094910e-02 1.605509221553802490e-02 9.992548227310180664e-01
3.510055840015411377e-01 4.245347678661346436e-01 5.823312997817993164e-01 -4.172155633568763733e-03 2.538942545652389526e-02 3.327270224690437317e-02 9.991151094436645508e-01
3.541853427886962891e-01 4.280744194984436035e-01 5.827826857566833496e-01 -1.756543060764670372e-03 1.585762947797775269e-02 4.428858682513237000e-02 9.988914132118225098e-01
3.542346060276031494e-01 4.329676926136016846e-01 5.891103744506835938e-01 5.551810609176754951e-04 9.183900430798530579e-03 5.962236970663070679e-02 9.981786012649536133e-01
3.549379110336303711e-01 4.388248622417449951e-01 5.962510704994201660e-01 2.605222398415207863e-03 9.845093591138720512e-04 7.101236283779144287e-02 9.974715709686279297e-01
3.557022809982299805e-01 4.446768462657928467e-01 6.037681698799133301e-01 4.323433153331279755e-03 -6.875022780150175095e-03 8.168418705463409424e-02 9.966251850128173828e-01
3.566059172153472900e-01 4.509229958057403564e-01 6.119232773780822754e-01 5.934434011578559875e-03 -1.503333821892738342e-02 9.110912680625915527e-02 9.957097768783569336e-01
3.583672940731048584e-01 4.569709897041320801e-01 6.192991137504577637e-01 7.725799456238746643e-03 -2.332901023328304291e-02 9.805618971586227417e-02 9.948774576187133789e-01
3.595513105392456055e-01 4.630773067474365234e-01 6.271661520004272461e-01 8.981906808912754059e-03 -3.002492710947990417e-02 1.063416823744773865e-01 9.938356280326843262e-01
3.599067926406860352e-01 4.699015021324157715e-01 6.362602114677429199e-01 1.058251876384019852e-02 -3.597248718142509460e-02 1.154865697026252747e-01 9.926010966300964355e-01
3.607152104377746582e-01 4.763526022434234619e-01 6.444288492202758789e-01 1.145694777369499207e-02 -4.137841984629631042e-02 1.208596900105476379e-01 9.917406439781188965e-01
3.614736199378967285e-01 4.837582111358642578e-01 6.531534790992736816e-01 1.269215345382690430e-02 -4.633676633238792419e-02 1.252969652414321899e-01 9.909553527832031250e-01
3.630048930644989014e-01 4.912410974502563477e-01 6.615148186683654785e-01 1.343340892344713211e-02 -5.066791921854019165e-02 1.276279091835021973e-01 9.904360175132751465e-01
3.636535704135894775e-01 4.979843497276306152e-01 6.716006994247436523e-01 1.429756730794906616e-02 -5.403816699981689453e-02 1.288390457630157471e-01 9.900888800621032715e-01
3.645091652870178223e-01 5.055443644523620605e-01 6.805902123451232910e-01 -9.116461733356118202e-04 -6.027053669095039368e-02 1.264332830905914307e-01 9.901420474052429199e-01
3.651074171066284180e-01 5.128508806228637695e-01 6.891698241233825684e-01 -1.831212826073169708e-02 -6.580387800931930542e-02 1.226897016167640686e-01 9.900918602943420410e-01
3.647365272045135498e-01 5.211128592491149902e-01 7.004779577255249023e-01 -3.805392235517501831e-02 -7.057066261768341064e-02 1.168319359421730042e-01 9.899101257324218750e-01
3.650135993957519531e-01 5.291389226913452148e-01 7.105174660682678223e-01 -6.013862788677215576e-02 -7.512660324573516846e-02 1.100242286920547485e-01 9.892593622207641602e-01
3.666684329509735107e-01 5.378156304359436035e-01 7.208130955696105957e-01 -8.366292715072631836e-02 -8.044067770242691040e-02 1.021966487169265747e-01 9.879704713821411133e-01
3.653458058834075928e-01 5.438194870948791504e-01 7.304192185401916504e-01 -1.090737953782081604e-01 -8.382342755794525146e-02 9.280995279550552368e-02 9.861353039741516113e-01
3.569346368312835693e-01 5.511074662208557129e-01 7.443779706954956055e-01 -1.362073570489883423e-01 -8.638561517000198364e-02 8.038429170846939087e-02 9.836277365684509277e-01
3.568933606147766113e-01 5.581004619598388672e-01 7.544922828674316406e-01 -1.634421944618225098e-01 -9.056479483842849731e-02 6.990519911050796509e-02 9.798969626426696777e-01
3.564849197864532471e-01 5.650971531867980957e-01 7.651183605194091797e-01 -1.910184472799301147e-01 -9.485377371311187744e-02 5.905325338244438171e-02 9.752064347267150879e-01
3.535638451576232910e-01 5.727404952049255371e-01 7.764537334442138672e-01 -2.187604606151580811e-01 -9.856358170509338379e-02 4.720488563179969788e-02 9.696395397186279297e-01
3.506269454956054688e-01 5.802599787712097168e-01 7.872218489646911621e-01 -2.464526444673538208e-01 -1.018654033541679382e-01 3.599026799201965332e-02 9.631143212318420410e-01
3.470392525196075439e-01 5.872085690498352051e-01 7.989156246185302734e-01 -2.737642824649810791e-01 -1.057387813925743103e-01 2.501584216952323914e-02 9.556394219398498535e-01
3.449552655220031738e-01 5.927729606628417969e-01 8.096302747726440430e-01 -3.009852468967437744e-01 -1.103811711072921753e-01 1.492382399737834930e-02 9.471014738082885742e-01
3.423908650875091553e-01 6.012605428695678711e-01 8.222585916519165039e-01 -3.259950280189514160e-01 -1.153194457292556763e-01 6.006063427776098251e-03 9.382923841476440430e-01
3.397783339023590088e-01 6.070328354835510254e-01 8.331795930862426758e-01 -3.510746359825134277e-01 -1.193967685103416443e-01 -1.769326161593198776e-03 9.287022352218627930e-01
3.368746936321258545e-01 6.142174601554870605e-01 8.449174761772155762e-01 -3.738792836666107178e-01 -1.247136369347572327e-01 -8.625425398349761963e-03 9.190137982368469238e-01
3.336939513683319092e-01 6.211731433868408203e-01 8.568073511123657227e-01 -3.950184285640716553e-01 -1.298463642597198486e-01 -1.386531349271535873e-02 9.093449115753173828e-01
3.297924995422363281e-01 6.280640363693237305e-01 8.689049482345581055e-01 -4.149698317050933838e-01 -1.350544095039367676e-01 -1.745832152664661407e-02 8.995863199234008789e-01
3.263304233551025391e-01 6.351307630538940430e-01 8.811633586883544922e-01 -4.326149523258209229e-01 -1.408844739198684692e-01 -1.883585937321186066e-02 8.903039693832397461e-01
3.227545022964477539e-01 6.421952247619628906e-01 8.932623863220214844e-01 -4.477486014366149902e-01 -1.477283686399459839e-01 -1.840374991297721863e-02 8.816795945167541504e-01
3.190935254096984863e-01 6.489664912223815918e-01 9.059672951698303223e-01 -4.611331820487976074e-01 -1.547240912914276123e-01 -1.505231205374002457e-02 8.736075162887573242e-01
3.144821524620056152e-01 6.563606262207031250e-01 9.188543558120727539e-01 -4.714066088199615479e-01 -1.624000519514083862e-01 -1.047669909894466400e-02 8.667712211608886719e-01
3.102691173553466797e-01 6.634603738784790039e-01 9.315549135208129883e-01 -4.797558486461639404e-01 -1.706586629152297974e-01 -3.073400584980845451e-03 8.606396317481994629e-01
3.064905703067779541e-01 6.700949072837829590e-01 9.447212219238281250e-01 -4.863376021385192871e-01 -1.795143038034439087e-01 6.887078285217285156e-03 8.551040291786193848e-01
3.018104434013366699e-01 6.771427392959594727e-01 9.581663012504577637e-01 -4.908717870712280273e-01 -1.886164098978042603e-01 1.810863986611366272e-02 8.503768444061279297e-01
2.973999977111816406e-01 6.841602325439453125e-01 9.709556698799133301e-01 -4.928801059722900391e-01 -1.987120658159255981e-01 3.102872520685195923e-02 8.465341329574584961e-01
2.923056483268737793e-01 6.909316778182983398e-01 9.845863580703735352e-01 -4.935664832592010498e-01 -2.088105380535125732e-01 4.546293616294860840e-02 8.430441617965698242e-01
2.865745723247528076e-01 6.975851058959960938e-01 9.979668855667114258e-01 -4.921925365924835205e-01 -2.191357165575027466e-01 6.115129590034484863e-02 8.402300477027893066e-01
2.798525393009185791e-01 7.044299244880676270e-01 1.011615991592407227e+00 -4.889909029006958008e-01 -2.295024096965789795e-01 7.774674147367477417e-02 8.379570841789245605e-01
2.722531557083129883e-01 7.105787396430969238e-01 1.025018692016601562e+00 -4.843381047248840332e-01 -2.399293482303619385e-01 9.550032764673233032e-02 8.359009027481079102e-01
2.638802826404571533e-01 7.166504859924316406e-01 1.038075447082519531e+00 -4.778118133544921875e-01 -2.508296370506286621e-01 1.140777692198753357e-01 8.341263532638549805e-01
2.544096112251281738e-01 7.230831384658813477e-01 1.050921320915222168e+00 -4.695616066455841064e-01 -2.618596255779266357e-01 1.340247243642807007e-01 8.324534893035888672e-01
2.436861395835876465e-01 7.282940149307250977e-01 1.063157558441162109e+00 -4.603071808815002441e-01 -2.730186283588409424e-01 1.540466994047164917e-01 8.305708169937133789e-01
2.316777408123016357e-01 7.333188056945800781e-01 1.073620557785034180e+00 -4.488205611705780029e-01 -2.839688360691070557e-01 1.746241897344589233e-01 8.291129469871520996e-01
2.193664908409118652e-01 7.397135496139526367e-01 1.083746433258056641e+00 -4.365446567535400391e-01 -2.948330044746398926e-01 1.951904296875000000e-01 8.272865414619445801e-01
2.087147235870361328e-01 7.488946914672851562e-01 1.093637228012084961e+00 -4.228347837924957275e-01 -3.053540885448455811e-01 2.155831754207611084e-01 8.255262374877929688e-01
1.979795694351196289e-01 7.552897334098815918e-01 1.104871273040771484e+00 -4.082116186618804932e-01 -3.157480657100677490e-01 2.360862195491790771e-01 8.233649134635925293e-01
1.869035959243774414e-01 7.603311538696289062e-01 1.115823268890380859e+00 -3.928418457508087158e-01 -3.260688483715057373e-01 2.561823427677154541e-01 8.208076357841491699e-01
1.755557060241699219e-01 7.645405530929565430e-01 1.125658988952636719e+00 -3.761338889598846436e-01 -3.356439173221588135e-01 2.753092050552368164e-01 8.185788989067077637e-01
1.643415093421936035e-01 7.685317993164062500e-01 1.134908914566040039e+00 -3.587386012077331543e-01 -3.447869122028350830e-01 2.942773401737213135e-01 8.159837722778320312e-01
1.536175012588500977e-01 7.725320458412170410e-01 1.144358158111572266e+00 -3.412246704101562500e-01 -3.539772033691406250e-01 3.124109208583831787e-01 8.128132820129394531e-01
1.427683234214782715e-01 7.768760323524475098e-01 1.153025865554809570e+00 -3.226040601730346680e-01 -3.626703619956970215e-01 3.298282623291015625e-01 8.096976280212402344e-01
1.322070360183715820e-01 7.807025909423828125e-01 1.161243915557861328e+00 -3.037859797477722168e-01 -3.706845343112945557e-01 3.460988104343414307e-01 8.065499067306518555e-01
1.216464638710021973e-01 7.846348285675048828e-01 1.169049263000488281e+00 -2.843668460845947266e-01 -3.786104023456573486e-01 3.614796102046966553e-01 8.031949996948242188e-01
1.111159920692443848e-01 7.895227670669555664e-01 1.176357030868530273e+00 -2.631926536560058594e-01 -3.869726657867431641e-01 3.743268251419067383e-01 8.005381226539611816e-01
1.014310717582702637e-01 7.931563258171081543e-01 1.182653307914733887e+00 -2.415790855884552002e-01 -3.947508037090301514e-01 3.856393098831176758e-01 7.981815338134765625e-01
9.304118156433105469e-02 7.975602149963378906e-01 1.189373135566711426e+00 -2.205844223499298096e-01 -4.021895527839660645e-01 3.974272012710571289e-01 7.947564125061035156e-01
8.426457643508911133e-02 8.004500865936279297e-01 1.195612072944641113e+00 -2.005057781934738159e-01 -4.084865450859069824e-01 4.087206423282623291e-01 7.911281585693359375e-01
7.514703273773193359e-02 8.038586378097534180e-01 1.201456785202026367e+00 -1.804319769144058228e-01 -4.141117632389068604e-01 4.202539622783660889e-01 7.869831323623657227e-01
6.650054454803466797e-02 8.067893981933593750e-01 1.207120656967163086e+00 -1.609856039285659790e-01 -4.196314513683319092e-01 4.311730861663818359e-01 7.823572754859924316e-01
5.801963806152343750e-02 8.096454143524169922e-01 1.211653470993041992e+00 -1.418859064579010010e-01 -4.246821105480194092e-01 4.417269527912139893e-01 7.774257063865661621e-01
4.903757572174072266e-02 8.132230043411254883e-01 1.214719533920288086e+00 -1.230771020054817200e-01 -4.295230805873870850e-01 4.527567625045776367e-01 7.716044187545776367e-01
4.087424278259277344e-02 8.157932162284851074e-01 1.217605352401733398e+00 -1.055114343762397766e-01 -4.336796998977661133e-01 4.632609784603118896e-01 7.656230330467224121e-01
3.382289409637451172e-02 8.173410892486572266e-01 1.220934629440307617e+00 -8.925577998161315918e-02 -4.378512501716613770e-01 4.730950295925140381e-01 7.592765092849731445e-01
2.649962902069091797e-02 8.179824352264404297e-01 1.223611831665039062e+00 -7.342195510864257812e-02 -4.419312477111816406e-01 4.817119240760803223e-01 7.531664371490478516e-01
1.882123947143554688e-02 8.190087080001831055e-01 1.226151466369628906e+00 -5.824154615402221680e-02 -4.457620978355407715e-01 4.903664290904998779e-01 7.466223239898681641e-01
1.247787475585937500e-02 8.204426765441894531e-01 1.228293299674987793e+00 -4.298236593604087830e-02 -4.497105777263641357e-01 4.974700212478637695e-01 7.405650019645690918e-01
6.243586540222167969e-03 8.240206241607666016e-01 1.230165481567382812e+00 -2.799493819475173950e-02 -4.529449045658111572e-01 5.054432749748229980e-01 7.338830232620239258e-01
1.864433288574218750e-04 8.253418803215026855e-01 1.232358098030090332e+00 -1.410987321287393570e-02 -4.564684629440307617e-01 5.113937258720397949e-01 7.279518842697143555e-01
-4.684209823608398438e-03 8.267660140991210938e-01 1.234630823135375977e+00 -1.561929122544825077e-03 -4.600258469581604004e-01 5.169597864151000977e-01 7.218908667564392090e-01
-9.798049926757812500e-03 8.279655575752258301e-01 1.235512495040893555e+00 -2.005535789066925645e-04 -4.659781754016876221e-01 5.170908570289611816e-01 7.179703712463378906e-01
-1.541733741760253906e-02 8.287833333015441895e-01 1.237508058547973633e+00 1.051548402756452560e-03 -4.723486304283142090e-01 5.168161988258361816e-01 7.139935493469238281e-01
-1.822173595428466797e-02 8.314423561096191406e-01 1.239905953407287598e+00 2.851212397217750549e-03 -4.793653190135955811e-01 5.167810916900634766e-01 7.093223333358764648e-01
-2.241766452789306641e-02 8.313660025596618652e-01 1.241184473037719727e+00 3.611452644690871239e-03 -4.845163226127624512e-01 5.168232917785644531e-01 7.057794332504272461e-01
-2.442896366119384766e-02 8.318544030189514160e-01 1.242146015167236328e+00 4.683305975049734116e-03 -4.898059964179992676e-01 5.167655348777770996e-01 7.021549940109252930e-01
-2.770411968231201172e-02 8.329367041587829590e-01 1.244315862655639648e+00 5.830680485814809799e-03 -4.947642087936401367e-01 5.172451734542846680e-01 6.983064413070678711e-01
-3.063297271728515625e-02 8.333343863487243652e-01 1.245179772377014160e+00 6.890099961310625076e-03 -4.987448155879974365e-01 5.174918770790100098e-01 6.952757835388183594e-01
-3.332602977752685547e-02 8.335671424865722656e-01 1.246286630630493164e+00 7.829376496374607086e-03 -5.022038221359252930e-01 5.175896286964416504e-01 6.926983594894409180e-01
-3.528845310211181641e-02 8.334428071975708008e-01 1.247625112533569336e+00 8.201785385608673096e-03 -5.052165389060974121e-01 5.178227424621582031e-01 6.903250217437744141e-01
-3.635001182556152344e-02 8.330987095832824707e-01 1.248909473419189453e+00 7.872690446674823761e-03 -5.075684189796447754e-01 5.176508426666259766e-01 6.887307763099670410e-01
-3.691327571868896484e-02 8.339857459068298340e-01 1.249236941337585449e+00 8.050492033362388611e-03 -5.087724328041076660e-01 5.185069441795349121e-01 6.871945261955261230e-01
-3.770828247070312500e-02 8.348253369331359863e-01 1.250532269477844238e+00 8.170122280716896057e-03 -5.099005103111267090e-01 5.189206600189208984e-01 6.860437989234924316e-01
-3.988385200500488281e-02 8.346531391143798828e-01 1.250009298324584961e+00 8.018885739147663116e-03 -5.088692903518676758e-01 5.199037194252014160e-01 6.860669255256652832e-01
-4.023098945617675781e-02 8.348158001899719238e-01 1.251157283782958984e+00 7.379616610705852509e-03 -5.083176493644714355e-01 5.197946429252624512e-01 6.865655779838562012e-01
-4.093050956726074219e-02 8.352008461952209473e-01 1.251776218414306641e+00 6.283970549702644348e-03 -5.058511495590209961e-01 5.213193297386169434e-01 6.872418522834777832e-01
-4.048621654510498047e-02 8.364022970199584961e-01 1.251990437507629395e+00 5.895315203815698624e-03 -5.036568641662597656e-01 5.213075876235961914e-01 6.888638734817504883e-01
-4.039597511291503906e-02 8.374714851379394531e-01 1.253434538841247559e+00 4.846153315156698227e-03 -4.999353587627410889e-01 5.223605036735534668e-01 6.907826662063598633e-01
-3.957653045654296875e-02 8.371564745903015137e-01 1.253563880920410156e+00 3.772179596126079559e-03 -4.956088960170745850e-01 5.214611291885375977e-01 6.945761442184448242e-01
-4.150235652923583984e-02 8.375356197357177734e-01 1.254523396492004395e+00 2.794760745018720627e-03 -4.892849028110504150e-01 5.215744376182556152e-01 6.989653706550598145e-01
-4.210138320922851562e-02 8.384490013122558594e-01 1.256069898605346680e+00 2.337413374334573746e-03 -4.831735193729400635e-01 5.206693410873413086e-01 7.038760185241699219e-01
-4.479134082794189453e-02 8.376579284667968750e-01 1.255847930908203125e+00 -1.185271050781011581e-02 -4.789561629295349121e-01 5.115928053855895996e-01 7.132555246353149414e-01
-4.626607894897460938e-02 8.372701406478881836e-01 1.256670355796813965e+00 -2.737315371632575989e-02 -4.747015535831451416e-01 5.009753704071044922e-01 7.231409549713134766e-01
-4.770541191101074219e-02 8.377164602279663086e-01 1.258325695991516113e+00 -4.355139657855033875e-02 -4.702072441577911377e-01 4.896197915077209473e-01 7.329944968223571777e-01
-4.980373382568359375e-02 8.379964828491210938e-01 1.260218024253845215e+00 -6.119329854846000671e-02 -4.647283852100372314e-01 4.771122634410858154e-01 7.434022426605224609e-01
-5.343103408813476562e-02 8.380533456802368164e-01 1.262914419174194336e+00 -7.983441650867462158e-02 -4.589006602764129639e-01 4.630288481712341309e-01 7.540829181671142578e-01
-5.565989017486572266e-02 8.378235697746276855e-01 1.264909625053405762e+00 -9.912289679050445557e-02 -4.519680142402648926e-01 4.479303061962127686e-01 7.650216221809387207e-01
-5.871212482452392578e-02 8.374167084693908691e-01 1.266845703125000000e+00 -1.189950108528137207e-01 -4.438920915126800537e-01 4.319718480110168457e-01 7.760155797004699707e-01
-6.228280067443847656e-02 8.377019762992858887e-01 1.269393920898437500e+00 -1.389877200126647949e-01 -4.353711605072021484e-01 4.159711599349975586e-01 7.861949205398559570e-01
-6.464320421218872070e-02 8.381049633026123047e-01 1.272489190101623535e+00 -1.592081487178802490e-01 -4.271819889545440674e-01 3.987451493740081787e-01 7.957202196121215820e-01
-6.783461570739746094e-02 8.377314805984497070e-01 1.275276780128479004e+00 -1.795336604118347168e-01 -4.180644154548645020e-01 3.806490302085876465e-01 8.050442337989807129e-01
-7.058203220367431641e-02 8.374651670455932617e-01 1.277885198593139648e+00 -1.996736079454421997e-01 -4.086392223834991455e-01 3.624891042709350586e-01 8.134777545928955078e-01
-7.359588146209716797e-02 8.372845649719238281e-01 1.280228137969970703e+00 -2.189954519271850586e-01 -3.990841209888458252e-01 3.437473475933074951e-01 8.213468790054321289e-01
-7.590293884277343750e-02 8.371460437774658203e-01 1.282178759574890137e+00 -2.383709847927093506e-01 -3.893227279186248779e-01 3.255863189697265625e-01 8.280100822448730469e-01
-7.842457294464111328e-02 8.366860151290893555e-01 1.284150362014770508e+00 -2.571236789226531982e-01 -3.797047734260559082e-01 3.068199157714843750e-01 8.340104222297668457e-01
-8.074837923049926758e-02 8.362952470779418945e-01 1.285593748092651367e+00 -2.747329175472259521e-01 -3.700508177280426025e-01 2.882236242294311523e-01 8.393518328666687012e-01
-8.267629146575927734e-02 8.365125656127929688e-01 1.286962270736694336e+00 -2.910692691802978516e-01 -3.609692156314849854e-01 2.704887092113494873e-01 8.436917662620544434e-01
-8.413463830947875977e-02 8.364440202713012695e-01 1.288054943084716797e+00 -3.066766858100891113e-01 -3.521930873394012451e-01 2.534041404724121094e-01 8.471693396568298340e-01
-8.508330583572387695e-02 8.364134430885314941e-01 1.288612604141235352e+00 -3.210494518280029297e-01 -3.439861536026000977e-01 2.369484752416610718e-01 8.499742746353149414e-01
-8.605191111564636230e-02 8.363230228424072266e-01 1.289228081703186035e+00 -3.340863287448883057e-01 -3.366912603378295898e-01 2.214292585849761963e-01 8.520530462265014648e-01
-8.670961856842041016e-02 8.363834619522094727e-01 1.289520025253295898e+00 -3.455725908279418945e-01 -3.301227390766143799e-01 2.072628885507583618e-01 8.536045551300048828e-01
-8.713150024414062500e-02 8.367434740066528320e-01 1.289706945419311523e+00 -3.556106388568878174e-01 -3.248613774776458740e-01 1.946006119251251221e-01 8.544804453849792480e-01
-8.754405379295349121e-02 8.369612693786621094e-01 1.289972543716430664e+00 -3.643369674682617188e-01 -3.205084502696990967e-01 1.833411753177642822e-01 8.549379706382751465e-01
-8.794853091239929199e-02 8.366770744323730469e-01 1.290194153785705566e+00 -3.720088601112365723e-01 -3.168867528438568115e-01 1.729231327772140503e-01 8.551548719406127930e-01
-8.866852521896362305e-02 8.366879820823669434e-01 1.290470600128173828e+00 -3.783708512783050537e-01 -3.139672577381134033e-01 1.636264324188232422e-01 8.552698493003845215e-01
-8.926510810852050781e-02 8.365151286125183105e-01 1.290850162506103516e+00 -3.837185800075531006e-01 -3.117596805095672607e-01 1.555449068546295166e-01 8.552027940750122070e-01
-9.009087085723876953e-02 8.363979458808898926e-01 1.291430115699768066e+00 -3.886163532733917236e-01 -3.098916709423065186e-01 1.486353874206542969e-01 8.548988699913024902e-01
-9.100210666656494141e-02 8.363538980484008789e-01 1.292063713073730469e+00 -3.923510909080505371e-01 -3.086950480937957764e-01 1.420761942863464355e-01 8.547410964965820312e-01
-9.205541014671325684e-02 8.363340497016906738e-01 1.292698383331298828e+00 -3.955692946910858154e-01 -3.072305619716644287e-01 1.365219652652740479e-01 8.546906709671020508e-01
-9.337067604064941406e-02 8.362379670143127441e-01 1.293342232704162598e+00 -3.980772793292999268e-01 -3.057696819305419922e-01 1.312769353389739990e-01 8.548718094825744629e-01
-9.453004598617553711e-02 8.358713984489440918e-01 1.294039130210876465e+00 -4.004153609275817871e-01 -3.044675290584564209e-01 1.266573816537857056e-01 8.549415469169616699e-01
-9.611174464225769043e-02 8.358151316642761230e-01 1.294908285140991211e+00 -4.025634825229644775e-01 -3.023602664470672607e-01 1.227912232279777527e-01 8.552445173263549805e-01
-9.758344292640686035e-02 8.353896141052246094e-01 1.295815229415893555e+00 -4.044984579086303711e-01 -2.999981641769409180e-01 1.188319399952888489e-01 8.557225465774536133e-01
-9.935966134071350098e-02 8.350356817245483398e-01 1.296768188476562500e+00 -4.060125946998596191e-01 -2.970546782016754150e-01 1.148592084646224976e-01 8.565744161605834961e-01
-1.011832356452941895e-01 8.347145915031433105e-01 1.297644138336181641e+00 -4.075142145156860352e-01 -2.933332920074462891e-01 1.113291457295417786e-01 8.576092720031738281e-01
-1.032221615314483643e-01 8.343794345855712891e-01 1.298633098602294922e+00 -4.092295467853546143e-01 -2.886479794979095459e-01 1.075917258858680725e-01 8.588582873344421387e-01
-1.053068935871124268e-01 8.339841365814208984e-01 1.299646735191345215e+00 -4.110260307788848877e-01 -2.828149199485778809e-01 1.036135926842689514e-01 8.604287505149841309e-01
-1.076069176197052002e-01 8.335022926330566406e-01 1.300782918930053711e+00 -4.130230844020843506e-01 -2.757639586925506592e-01 9.932805597782135010e-02 8.622645139694213867e-01
-1.100320070981979370e-01 8.329493403434753418e-01 1.301862955093383789e+00 -4.154170751571655273e-01 -2.671695947647094727e-01 9.477692097425460815e-02 8.643300533294677734e-01
-1.126143634319305420e-01 8.323937654495239258e-01 1.303088545799255371e+00 -4.182801842689514160e-01 -2.569642961025238037e-01 8.948511630296707153e-02 8.666045665740966797e-01
-1.153422445058822632e-01 8.317275643348693848e-01 1.304295659065246582e+00 -4.215930402278900146e-01 -2.449434250593185425e-01 8.359490334987640381e-02 8.690649867057800293e-01
-1.182179450988769531e-01 8.310235738754272461e-01 1.305521249771118164e+00 -4.256112575531005859e-01 -2.309141457080841064e-01 7.747172564268112183e-02 8.715112805366516113e-01
-1.211594715714454651e-01 8.303375244140625000e-01 1.306644678115844727e+00 -4.296875298023223877e-01 -2.151391506195068359e-01 7.005158811807632446e-02 8.741719126701354980e-01
-1.243457272648811340e-01 8.294785022735595703e-01 1.307875037193298340e+00 -4.342376589775085449e-01 -1.979446858167648315e-01 6.221260875463485718e-02 8.765758275985717773e-01
-1.276785433292388916e-01 8.286779522895812988e-01 1.309082746505737305e+00 -4.386488497257232666e-01 -1.794267594814300537e-01 5.391705781221389771e-02 8.789119124412536621e-01
-1.311576962471008301e-01 8.278077244758605957e-01 1.310311079025268555e+00 -4.433937370777130127e-01 -1.598059833049774170e-01 4.550706967711448669e-02 8.807912468910217285e-01
-1.347211599349975586e-01 8.268579244613647461e-01 1.311426520347595215e+00 -4.478065669536590576e-01 -1.393748670816421509e-01 3.657459095120429993e-02 8.824433684349060059e-01
-1.385532766580581665e-01 8.259507417678833008e-01 1.312540531158447266e+00 -4.520739912986755371e-01 -1.182389557361602783e-01 2.736137062311172485e-02 8.836854696273803711e-01
-1.422698199748992920e-01 8.246985077857971191e-01 1.313726782798767090e+00 -4.561378359794616699e-01 -9.710191190242767334e-02 1.870286650955677032e-02 8.843979239463806152e-01
-1.462396830320358276e-01 8.235342502593994141e-01 1.314750194549560547e+00 -4.595374763011932373e-01 -7.586934417486190796e-02 1.019087620079517365e-02 8.848533630371093750e-01
-1.503879725933074951e-01 8.223551511764526367e-01 1.315789937973022461e+00 -4.623842835426330566e-01 -5.471286922693252563e-02 1.667165313847362995e-03 8.849884867668151855e-01
-1.547697782516479492e-01 8.211438655853271484e-01 1.316754341125488281e+00 -4.647466540336608887e-01 -3.408938646316528320e-02 -6.547444500029087067e-03 8.847630620002746582e-01
-1.589070409536361694e-01 8.197230100631713867e-01 1.317754030227661133e+00 -4.667677283287048340e-01 -1.408713869750499725e-02 -1.377259567379951477e-02 8.841605186462402344e-01
-1.634017378091812134e-01 8.183040022850036621e-01 1.318699121475219727e+00 -4.681093394756317139e-01 4.714764188975095749e-03 -2.046909742057323456e-02 8.834208846092224121e-01
-1.680406183004379272e-01 8.169126510620117188e-01 1.319567918777465820e+00 -4.685608446598052979e-01 2.224340662360191345e-02 -2.654467150568962097e-02 8.827521800994873047e-01
-1.727316677570343018e-01 8.155994415283203125e-01 1.320403337478637695e+00 -4.682596623897552490e-01 3.864483907818794250e-02 -3.053417988121509552e-02 8.822172284126281738e-01
-1.776070892810821533e-01 8.141623735427856445e-01 1.321242928504943848e+00 -4.671468734741210938e-01 5.374905094504356384e-02 -3.287794813513755798e-02 8.819319605827331543e-01
-1.826161444187164307e-01 8.126015067100524902e-01 1.322021722793579102e+00 -4.654168486595153809e-01 6.631735712289810181e-02 -3.516850620508193970e-02 8.819027543067932129e-01
-1.875649541616439819e-01 8.110069036483764648e-01 1.322767019271850586e+00 -4.630263745784759521e-01 7.597162574529647827e-02 -3.683973848819732666e-02 8.823138475418090820e-01
-1.927705556154251099e-01 8.091478347778320312e-01 1.323549032211303711e+00 -4.601721465587615967e-01 8.239307999610900879e-02 -3.862740844488143921e-02 8.831539750099182129e-01
-1.980155706405639648e-01 8.072431087493896484e-01 1.324151873588562012e+00 -4.566592872142791748e-01 8.555397391319274902e-02 -3.971443697810173035e-02 8.846273422241210938e-01
-2.034679353237152100e-01 8.052326440811157227e-01 1.324876546859741211e+00 -4.521591961383819580e-01 8.724174648523330688e-02 -3.641084581613540649e-02 8.869132995605468750e-01
-2.094144076108932495e-01 8.034922480583190918e-01 1.325891017913818359e+00 -4.470247328281402588e-01 8.599609881639480591e-02 -3.235488012433052063e-02 8.897902965545654297e-01
-2.152220308780670166e-01 8.021551966667175293e-01 1.326565742492675781e+00 -4.404182136058807373e-01 8.193315565586090088e-02 -2.678555063903331757e-02 8.936449885368347168e-01
-2.212913930416107178e-01 8.003673553466796875e-01 1.327651381492614746e+00 -4.335146546363830566e-01 7.550467550754547119e-02 -1.914164796471595764e-02 8.977737426757812500e-01
-2.270575463771820068e-01 7.983543276786804199e-01 1.328519105911254883e+00 -4.256423711776733398e-01 6.680648028850555420e-02 -1.029117312282323837e-02 9.023633003234863281e-01
-2.332945317029953003e-01 7.959825992584228516e-01 1.329440593719482422e+00 -4.171118140220642090e-01 5.644384771585464478e-02 -6.655428442172706127e-04 9.071005582809448242e-01
-2.405245900154113770e-01 7.939481139183044434e-01 1.330778837203979492e+00 -4.076773524284362793e-01 4.523633420467376709e-02 9.449769742786884308e-03 9.119559526443481445e-01
-2.474608570337295532e-01 7.915154099464416504e-01 1.332293748855590820e+00 -3.979558944702148438e-01 3.217411041259765625e-02 2.088251896202564240e-02 9.166023731231689453e-01
-2.538991570472717285e-01 7.894322872161865234e-01 1.333561658859252930e+00 -3.867034614086151123e-01 1.748980954289436340e-02 3.364496305584907532e-02 9.214242100715637207e-01
-2.603367865085601807e-01 7.870170474052429199e-01 1.334910392761230469e+00 -3.749418854713439941e-01 1.946218428201973438e-03 4.728812351822853088e-02 9.258394837379455566e-01
-2.674226164817810059e-01 7.840614318847656250e-01 1.336804747581481934e+00 -3.629953265190124512e-01 -1.384181622415781021e-02 6.135086342692375183e-02 9.296660423278808594e-01
-2.742652595043182373e-01 7.812542915344238281e-01 1.338805556297302246e+00 -3.500913679599761963e-01 -3.027194552123546600e-02 7.616478204727172852e-02 9.331230521202087402e-01
-2.813007235527038574e-01 7.785194516181945801e-01 1.341050148010253906e+00 -3.365468084812164307e-01 -4.710722342133522034e-02 9.137926250696182251e-02 9.360379576683044434e-01
-2.876938879489898682e-01 7.756009101867675781e-01 1.343628287315368652e+00 -3.226279914379119873e-01 -6.384337693452835083e-02 1.075566858053207397e-01 9.382253289222717285e-01
-2.947838604450225830e-01 7.728783488273620605e-01 1.346195697784423828e+00 -3.076838254928588867e-01 -8.011584728956222534e-02 1.235410422086715698e-01 9.400264620780944824e-01
-3.021893501281738281e-01 7.698138952255249023e-01 1.349211812019348145e+00 -2.926421463489532471e-01 -9.578268975019454956e-02 1.395381540060043335e-01 9.411245584487915039e-01
-3.092078268527984619e-01 7.665302753448486328e-01 1.352248430252075195e+00 -2.772293686866760254e-01 -1.108749508857727051e-01 1.564500480890274048e-01 9.414744377136230469e-01
-3.162755966186523438e-01 7.635952830314636230e-01 1.355391263961791992e+00 -2.612095177173614502e-01 -1.249729245901107788e-01 1.730784922838211060e-01 9.413794279098510742e-01
-3.231081068515777588e-01 7.604779005050659180e-01 1.358549237251281738e+00 -2.454050332307815552e-01 -1.374002993106842041e-01 1.896336972713470459e-01 9.407107234001159668e-01
-3.292657732963562012e-01 7.571744918823242188e-01 1.361411809921264648e+00 -2.297047376632690430e-01 -1.486242115497589111e-01 2.058560252189636230e-01 9.395583868026733398e-01
-3.349351882934570312e-01 7.555155754089355469e-01 1.364110231399536133e+00 -2.133533060550689697e-01 -1.586194336414337158e-01 2.220063805580139160e-01 9.381009936332702637e-01
-3.401024341583251953e-01 7.531490325927734375e-01 1.366646051406860352e+00 -1.974868029356002808e-01 -1.666553467512130737e-01 2.377945631742477417e-01 9.363112449645996094e-01
-3.446776866912841797e-01 7.503986358642578125e-01 1.369147896766662598e+00 -1.821606308221817017e-01 -1.731289774179458618e-01 2.534642517566680908e-01 9.341304898262023926e-01
-3.479387164115905762e-01 7.477151751518249512e-01 1.371187686920166016e+00 -1.672756373882293701e-01 -1.785479933023452759e-01 2.686541080474853516e-01 9.316461086273193359e-01
-3.515133261680603027e-01 7.456201314926147461e-01 1.373231530189514160e+00 -1.522735208272933960e-01 -1.825982928276062012e-01 2.833371162414550781e-01 9.290806055068969727e-01
-3.542508482933044434e-01 7.441729307174682617e-01 1.374441623687744141e+00 -1.372942924499511719e-01 -1.856801509857177734e-01 2.979127764701843262e-01 9.262403249740600586e-01
-3.553008437156677246e-01 7.446177601814270020e-01 1.376040458679199219e+00 -1.223776116967201233e-01 -1.888320595026016235e-01 3.113884925842285156e-01 9.232569932937622070e-01
-3.575151562690734863e-01 7.431786656379699707e-01 1.376753926277160645e+00 -1.086219772696495056e-01 -1.897556930780410767e-01 3.244316875934600830e-01 9.202924370765686035e-01
-3.591949343681335449e-01 7.417261004447937012e-01 1.377455949783325195e+00 -9.551869332790374756e-02 -1.899325698614120483e-01 3.365610837936401367e-01 9.173485636711120605e-01
-3.607344627380371094e-01 7.405152320861816406e-01 1.377983331680297852e+00 -8.315519243478775024e-02 -1.894837170839309692e-01 3.480304181575775146e-01 9.143610000610351562e-01
-3.608642220497131348e-01 7.403607964515686035e-01 1.378176212310791016e+00 -7.114629447460174561e-02 -1.888844072818756104e-01 3.592248558998107910e-01 9.111632108688354492e-01
-3.616280257701873779e-01 7.394979000091552734e-01 1.378032207489013672e+00 -5.964957550168037415e-02 -1.876263171434402466e-01 3.685050010681152344e-01 9.085385799407958984e-01
-3.614223599433898926e-01 7.391228675842285156e-01 1.378387212753295898e+00 -4.937990009784698486e-02 -1.862960606813430786e-01 3.779737055301666260e-01 9.055337309837341309e-01
-3.622752726078033447e-01 7.381027936935424805e-01 1.379049181938171387e+00 -4.004427418112754822e-02 -1.846549957990646362e-01 3.860544562339782715e-01 9.029181003570556641e-01
-3.625450730323791504e-01 7.369493246078491211e-01 1.380459547042846680e+00 -3.212758153676986694e-02 -1.831112056970596313e-01 3.934928178787231445e-01 9.003341794013977051e-01
-3.640273809432983398e-01 7.358726859092712402e-01 1.382057785987854004e+00 -2.474915795028209686e-02 -1.815103590488433838e-01 3.996536135673522949e-01 8.981751203536987305e-01
-3.656640946865081787e-01 7.353546619415283203e-01 1.383902788162231445e+00 -1.812244579195976257e-02 -1.803950965404510498e-01 4.051252901554107666e-01 8.961041569709777832e-01
-3.704023361206054688e-01 7.381080985069274902e-01 1.385140180587768555e+00 -1.064821705222129822e-02 -1.790808588266372681e-01 4.095874428749084473e-01 8.944578766822814941e-01
-3.734104037284851074e-01 7.359199523925781250e-01 1.387092709541320801e+00 -7.061309646815061569e-03 -1.782499104738235474e-01 4.124281108379364014e-01 8.933533430099487305e-01
-3.762226104736328125e-01 7.334311604499816895e-01 1.388918042182922363e+00 -4.122278187423944473e-03 -1.778700798749923706e-01 4.134019017219543457e-01 8.929973244667053223e-01
-3.793436586856842041e-01 7.313268184661865234e-01 1.390701174736022949e+00 -4.450668115168809891e-03 -1.783597320318222046e-01 4.136645197868347168e-01 8.927764296531677246e-01
-3.828720152378082275e-01 7.283068895339965820e-01 1.391717910766601562e+00 -4.633691161870956421e-03 -1.787544935941696167e-01 4.126323759555816650e-01 8.931741118431091309e-01
-3.875345587730407715e-01 7.243789434432983398e-01 1.394376516342163086e+00 -5.536014214158058167e-03 -1.798180937767028809e-01 4.109355211257934570e-01 8.937376141548156738e-01
-3.920724093914031982e-01 7.198961973190307617e-01 1.395785212516784668e+00 -6.536025553941726685e-03 -1.810594648122787476e-01 4.081274867057800293e-01 8.947663307189941406e-01
-3.989221453666687012e-01 7.160479426383972168e-01 1.398146033287048340e+00 -9.260420687496662140e-03 -1.829541623592376709e-01 4.036976099014282227e-01 8.963650465011596680e-01
-4.042575955390930176e-01 7.121193408966064453e-01 1.399053931236267090e+00 -1.298750843852758408e-02 -1.857650578022003174e-01 3.988383412361145020e-01 8.979145884513854980e-01
-4.128868281841278076e-01 7.111219167709350586e-01 1.397605657577514648e+00 -1.485179644078016281e-02 -1.880616098642349243e-01 3.935883045196533203e-01 8.997225165367126465e-01
-4.204652309417724609e-01 7.080654501914978027e-01 1.395482778549194336e+00 -1.884550042450428009e-02 -1.906260997056961060e-01 3.876726329326629639e-01 9.016743302345275879e-01
-4.270823001861572266e-01 7.062965631484985352e-01 1.393961191177368164e+00 -2.324440516531467438e-02 -1.943267434835433960e-01 3.816439807415008545e-01 9.033520221710205078e-01
-4.338631033897399902e-01 6.999089121818542480e-01 1.393836259841918945e+00 -3.044274635612964630e-02 -1.986067146062850952e-01 3.739914894104003906e-01 9.054055213928222656e-01
-4.433953762054443359e-01 6.923816204071044922e-01 1.392202138900756836e+00 -3.809745237231254578e-02 -2.011295258998870850e-01 3.663754165172576904e-01 9.076699018478393555e-01
-4.518766999244689941e-01 6.899477243423461914e-01 1.389888763427734375e+00 -4.388413950800895691e-02 -2.052760273218154907e-01 3.585017919540405273e-01 9.096221327781677246e-01
-4.622434079647064209e-01 6.842650175094604492e-01 1.387388229370117188e+00 -5.115315690636634827e-02 -2.082118541002273560e-01 3.497588336467742920e-01 9.119758605957031250e-01
-4.705710113048553467e-01 6.788425445556640625e-01 1.385250210762023926e+00 -5.894398689270019531e-02 -2.126072049140930176e-01 3.411323428153991699e-01 9.137573838233947754e-01
-4.804974794387817383e-01 6.759158372879028320e-01 1.382808089256286621e+00 -6.586167216300964355e-02 -2.167265266180038452e-01 3.324480354785919189e-01 9.155163764953613281e-01
-4.913297295570373535e-01 6.734066009521484375e-01 1.380337476730346680e+00 -7.301758229732513428e-02 -2.205311059951782227e-01 3.239007294178009033e-01 9.171275496482849121e-01
-5.003366470336914062e-01 6.677215695381164551e-01 1.378999710083007812e+00 -8.233029395341873169e-02 -2.250058203935623169e-01 3.144487738609313965e-01 9.185401797294616699e-01
-5.132482051849365234e-01 6.667093634605407715e-01 1.374046087265014648e+00 -8.868608623743057251e-02 -2.276835441589355469e-01 3.060518205165863037e-01 9.201234579086303711e-01
-5.249288678169250488e-01 6.639301776885986328e-01 1.370157718658447266e+00 -9.561812132596969604e-02 -2.314257621765136719e-01 2.976005971431732178e-01 9.212671518325805664e-01
-5.363453626632690430e-01 6.603513360023498535e-01 1.366516470909118652e+00 -1.032088026404380798e-01 -2.349952757358551025e-01 2.895463407039642334e-01 9.221107363700866699e-01
-5.484112501144409180e-01 6.561442017555236816e-01 1.361655116081237793e+00 -1.100945547223091125e-01 -2.379806637763977051e-01 2.816294729709625244e-01 9.230000972747802734e-01
-5.603205561637878418e-01 6.516244411468505859e-01 1.356942772865295410e+00 -1.169686168432235718e-01 -2.409949302673339844e-01 2.740225493907928467e-01 9.236619472503662109e-01
-5.727574825286865234e-01 6.457887291908264160e-01 1.351832151412963867e+00 -1.240917965769767761e-01 -2.435023486614227295e-01 2.667208313941955566e-01 9.242120385169982910e-01
-5.853372812271118164e-01 6.394109725952148438e-01 1.346551895141601562e+00 -1.312970966100692749e-01 -2.457206249237060547e-01 2.594568133354187012e-01 9.246970415115356445e-01
-5.980048179626464844e-01 6.343992948532104492e-01 1.340890645980834961e+00 -1.373941749334335327e-01 -2.480416446924209595e-01 2.531204819679260254e-01 9.249476790428161621e-01
-6.116696596145629883e-01 6.295754313468933105e-01 1.335133194923400879e+00 -1.431237608194351196e-01 -2.500014603137969971e-01 2.473295181989669800e-01 9.251178503036499023e-01
-6.253763437271118164e-01 6.234722733497619629e-01 1.328918457031250000e+00 -1.489824801683425903e-01 -2.518668770790100098e-01 2.409189790487289429e-01 9.253785014152526855e-01
-6.387234330177307129e-01 6.174978613853454590e-01 1.322791814804077148e+00 -1.546936780214309692e-01 -2.538496851921081543e-01 2.350556403398513794e-01 9.254075288772583008e-01
-6.538609862327575684e-01 6.110592484474182129e-01 1.316095352172851562e+00 -1.600986272096633911e-01 -2.548623681068420410e-01 2.290523052215576172e-01 9.257152676582336426e-01
-6.663126945495605469e-01 6.034644842147827148e-01 1.309064626693725586e+00 -1.661278307437896729e-01 -2.567325830459594727e-01 2.232955545186996460e-01 9.255425930023193359e-01
-6.775084137916564941e-01 5.949530601501464844e-01 1.298762559890747070e+00 -1.715243607759475708e-01 -2.577380537986755371e-01 2.177999764680862427e-01 9.255883097648620605e-01
-6.862313747406005859e-01 5.853719115257263184e-01 1.286872267723083496e+00 -1.772367060184478760e-01 -2.585299015045166016e-01 2.119860649108886719e-01 9.256411194801330566e-01
-6.939607858657836914e-01 5.764079093933105469e-01 1.274510145187377930e+00 -1.828075647354125977e-01 -2.592465281486511230e-01 2.067388892173767090e-01 9.255440235137939453e-01
-6.998685598373413086e-01 5.665198564529418945e-01 1.262524962425231934e+00 -1.892138570547103882e-01 -2.605933845043182373e-01 2.011774331331253052e-01 9.251037240028381348e-01
-7.062996625900268555e-01 5.567757487297058105e-01 1.250538229942321777e+00 -1.952733993530273438e-01 -2.612981200218200684e-01 1.954287588596343994e-01 9.248780012130737305e-01
-7.109727859497070312e-01 5.475183129310607910e-01 1.238485217094421387e+00 -2.008628696203231812e-01 -2.626087665557861328e-01 1.891350299119949341e-01 9.246181249618530273e-01
-7.162179946899414062e-01 5.373905897140502930e-01 1.227160334587097168e+00 -2.069391310214996338e-01 -2.634011209011077881e-01 1.830529570579528809e-01 9.242768287658691406e-01
-7.211575508117675781e-01 5.269418954849243164e-01 1.216319918632507324e+00 -2.132775634527206421e-01 -2.641353011131286621e-01 1.769729703664779663e-01 9.238104820251464844e-01
-7.260784506797790527e-01 5.154021978378295898e-01 1.204910755157470703e+00 -2.198262214660644531e-01 -2.643584907054901123e-01 1.703624725341796875e-01 9.234542250633239746e-01
-7.308139204978942871e-01 5.038057565689086914e-01 1.193777203559875488e+00 -2.262615710496902466e-01 -2.648685574531555176e-01 1.634640991687774658e-01 9.230004549026489258e-01
-7.353643178939819336e-01 4.916725158691406250e-01 1.182890415191650391e+00 -2.328325659036636353e-01 -2.651871442794799805e-01 1.563739031553268433e-01 9.225031137466430664e-01
-7.401762008666992188e-01 4.797976911067962646e-01 1.171954870223999023e+00 -2.391639798879623413e-01 -2.651777565479278564e-01 1.492486447095870972e-01 9.220663309097290039e-01
-7.447993159294128418e-01 4.674002528190612793e-01 1.161404848098754883e+00 -2.458483725786209106e-01 -2.649433910846710205e-01 1.416009366512298584e-01 9.215816855430603027e-01
-7.490408420562744141e-01 4.546777307987213135e-01 1.151345610618591309e+00 -2.527665197849273682e-01 -2.647170722484588623e-01 1.336850374937057495e-01 9.209572672843933105e-01
-7.525572180747985840e-01 4.417021870613098145e-01 1.141756534576416016e+00 -2.599696218967437744e-01 -2.648473083972930908e-01 1.256020963191986084e-01 9.200521111488342285e-01
-7.568560838699340820e-01 4.284025132656097412e-01 1.132236599922180176e+00 -2.671689987182617188e-01 -2.642174959182739258e-01 1.171166449785232544e-01 9.192897677421569824e-01
-7.603495717048645020e-01 4.151181578636169434e-01 1.122531890869140625e+00 -2.744570970535278320e-01 -2.639443874359130859e-01 1.088498607277870178e-01 9.182365536689758301e-01
-7.640687227249145508e-01 4.016470313072204590e-01 1.113468170166015625e+00 -2.819649577140808105e-01 -2.632799148559570312e-01 9.986069053411483765e-02 9.171736240386962891e-01
-7.683315873146057129e-01 3.889311254024505615e-01 1.104397058486938477e+00 -2.890583574771881104e-01 -2.623308897018432617e-01 9.064059704542160034e-02 9.161943793296813965e-01
-7.717816233634948730e-01 3.764122128486633301e-01 1.095142483711242676e+00 -2.964244484901428223e-01 -2.613581418991088867e-01 8.187763392925262451e-02 9.149429202079772949e-01
-7.754502892494201660e-01 3.632344305515289307e-01 1.086083173751831055e+00 -3.037666082382202148e-01 -2.604412138462066650e-01 7.263957709074020386e-02 9.135752320289611816e-01
-7.782952785491943359e-01 3.501835763454437256e-01 1.077689051628112793e+00 -3.112252950668334961e-01 -2.600543200969696045e-01 6.373271346092224121e-02 9.118381142616271973e-01
-7.818828821182250977e-01 3.372063636779785156e-01 1.069190025329589844e+00 -3.187451064586639404e-01 -2.590085566043853760e-01 5.461529269814491272e-02 9.101281762123107910e-01
-7.854229211807250977e-01 3.239448964595794678e-01 1.060496211051940918e+00 -3.260933458805084229e-01 -2.578926086425781250e-01 4.538408666849136353e-02 9.083473086357116699e-01
-7.882446050643920898e-01 3.112438619136810303e-01 1.052317142486572266e+00 -3.333104550838470459e-01 -2.570787668228149414e-01 3.630793467164039612e-02 9.063644409179687500e-01
-7.910857200622558594e-01 2.971208095550537109e-01 1.044055223464965820e+00 -3.409835398197174072e-01 -2.565208971500396729e-01 2.690771035850048065e-02 9.039929509162902832e-01
-7.943727374076843262e-01 2.840971350669860840e-01 1.035689592361450195e+00 -3.480798602104187012e-01 -2.554937303066253662e-01 1.763574220240116119e-02 9.018051028251647949e-01
-7.972466945648193359e-01 2.724494636058807373e-01 1.027998924255371094e+00 -3.549879193305969238e-01 -2.545767128467559814e-01 8.614860475063323975e-03 8.994999527931213379e-01
