-0.000000000000000000e+00 -0.000000000000000000e+00 -0.000000000000000000e+00 -0.000000000000000000e+00 -0.000000000000000000e+00 -0.000000000000000000e+00 1.000000000000000000e+00
-0.000000000000000000e+00 -0.000000000000000000e+00 -0.000000000000000000e+00 -0.000000000000000000e+00 -0.000000000000000000e+00 -0.000000000000000000e+00 1.000000000000000000e+00
1.133590843528509140e-02 1.576388254761695862e-02 2.038577198982238770e-02 -4.172726999968290329e-03 2.458771457895636559e-03 -3.200953127816319466e-03 9.999831318855285645e-01
1.760549284517765045e-02 2.369586750864982605e-02 3.273352608084678650e-02 -6.268534809350967407e-03 4.336550366133451462e-03 -4.706527572125196457e-03 9.999598860740661621e-01
1.760549284517765045e-02 2.369586750864982605e-02 3.273352608084678650e-02 -6.268534809350967407e-03 4.336550366133451462e-03 -4.706527572125196457e-03 9.999598860740661621e-01
2.910609915852546692e-02 3.563390299677848816e-02 5.327121913433074951e-02 -1.102593261748552322e-02 1.155563257634639740e-02 -8.994206786155700684e-03 9.998320341110229492e-01
2.910609915852546692e-02 3.563390299677848816e-02 5.327121913433074951e-02 -1.102593261748552322e-02 1.155563257634639740e-02 -8.994206786155700684e-03 9.998320341110229492e-01
4.250341281294822693e-02 4.726719111204147339e-02 7.383310049772262573e-02 -1.530029531568288803e-02 2.043728530406951904e-02 -1.454284228384494781e-02 9.995683431625366211e-01
4.250341281294822693e-02 4.726719111204147339e-02 7.383310049772262573e-02 -1.530029531568288803e-02 2.043728530406951904e-02 -1.454284228384494781e-02 9.995683431625366211e-01
5.463621020317077637e-02 5.862613022327423096e-02 9.627725929021835327e-02 -2.076311036944389343e-02 3.252275288105010986e-02 -2.174130268394947052e-02 9.990187883377075195e-01
5.463621020317077637e-02 5.862613022327423096e-02 9.627725929021835327e-02 -2.076311036944389343e-02 3.252275288105010986e-02 -2.174130268394947052e-02 9.990187883377075195e-01
6.584180146455764771e-02 7.031670957803726196e-02 1.146351695060729980e-01 -2.557768113911151886e-02 4.546784609556198120e-02 -2.951657027006149292e-02 9.982020258903503418e-01
6.584180146455764771e-02 7.031670957803726196e-02 1.146351695060729980e-01 -2.557768113911151886e-02 4.546784609556198120e-02 -2.951657027006149292e-02 9.982020258903503418e-01
7.424748688936233521e-02 8.283816277980804443e-02 1.333372592926025391e-01 -2.932597324252128601e-02 5.874226614832878113e-02 -3.827298432588577271e-02 9.971081018447875977e-01
7.944963127374649048e-02 8.907358348369598389e-02 1.428418308496475220e-01 -3.130569308996200562e-02 6.554702669382095337e-02 -4.296072572469711304e-02 9.964326620101928711e-01
8.506798744201660156e-02 9.417241811752319336e-02 1.511770337820053101e-01 -3.351562097668647766e-02 7.225637882947921753e-02 -4.674465954303741455e-02 9.957262277603149414e-01
9.234528243541717529e-02 9.970273077487945557e-02 1.601317077875137329e-01 -3.557750582695007324e-02 7.881662249565124512e-02 -5.014259368181228638e-02 9.949914216995239258e-01
9.981656819581985474e-02 1.062059998512268066e-01 1.691549271345138550e-01 -3.718720003962516785e-02 8.426794409751892090e-02 -5.327473580837249756e-02 9.943228363990783691e-01
1.192911192774772644e-01 1.092263236641883850e-01 1.575406938791275024e-01 -3.199057281017303467e-02 7.543499022722244263e-02 -5.130480974912643433e-02 9.953160285949707031e-01
1.275459676980972290e-01 1.153797879815101624e-01 1.673620194196701050e-01 -3.328775614500045776e-02 8.054601401090621948e-02 -5.432858318090438843e-02 9.947123527526855469e-01
1.350922584533691406e-01 1.211858093738555908e-01 1.767515838146209717e-01 -3.412637487053871155e-02 8.646264672279357910e-02 -5.515220016241073608e-02 9.941418170928955078e-01
1.489967852830886841e-01 1.265988647937774658e-01 1.824317127466201782e-01 -3.409719839692115784e-02 8.996707201004028320e-02 -5.424033477902412415e-02 9.938820004463195801e-01
1.650991290807723999e-01 1.296270042657852173e-01 1.850358247756958008e-01 -3.436152637004852295e-02 9.274024516344070435e-02 -5.282133072614669800e-02 9.936944246292114258e-01
1.848190426826477051e-01 1.338760554790496826e-01 1.869733482599258423e-01 -3.388443961739540100e-02 9.278729557991027832e-02 -5.079317092895507812e-02 9.938121438026428223e-01
2.048794925212860107e-01 1.372861266136169434e-01 1.935224980115890503e-01 -3.214731067419052124e-02 9.086304157972335815e-02 -4.840433225035667419e-02 9.941667914390563965e-01
2.202236801385879517e-01 1.377091407775878906e-01 2.021576613187789917e-01 -3.053617104887962341e-02 9.031602740287780762e-02 -4.697052389383316040e-02 9.943361282348632812e-01
2.355818599462509155e-01 1.439732760190963745e-01 2.185430377721786499e-01 -2.885597571730613708e-02 8.283197879791259766e-02 -4.362483695149421692e-02 9.951899647712707520e-01
2.506198883056640625e-01 1.461404263973236084e-01 2.274455130100250244e-01 -2.793775498867034912e-02 8.353539556264877319e-02 -4.265566170215606689e-02 9.951993823051452637e-01
2.666664719581604004e-01 1.490544825792312622e-01 2.353337854146957397e-01 -2.685478702187538147e-02 8.389457315206527710e-02 -4.178243502974510193e-02 9.952360391616821289e-01
2.845224738121032715e-01 1.521515846252441406e-01 2.389205545186996460e-01 -2.615750394761562347e-02 8.339645713567733765e-02 -4.007953405380249023e-02 9.953665137290954590e-01
3.006569743156433105e-01 1.561614274978637695e-01 2.456232607364654541e-01 -2.528316900134086609e-02 8.336493372917175293e-02 -3.937888145446777344e-02 9.954197406768798828e-01
3.160555660724639893e-01 1.615713685750961304e-01 2.558179795742034912e-01 -2.505660243332386017e-02 8.349181711673736572e-02 -3.921959921717643738e-02 9.954211115837097168e-01
3.251767754554748535e-01 1.710543930530548096e-01 2.700017392635345459e-01 -2.510238811373710632e-02 8.501099795103073120e-02 -4.003086313605308533e-02 9.952591061592102051e-01
3.304687738418579102e-01 1.788475662469863892e-01 2.795974016189575195e-01 -2.514763362705707550e-02 8.563397079706192017e-02 -4.056635126471519470e-02 9.951828718185424805e-01
3.343122303485870361e-01 1.852837949991226196e-01 2.903621196746826172e-01 -2.687965519726276398e-02 8.405960351228713989e-02 -4.159036651253700256e-02 9.952295422554016113e-01
3.302638530731201172e-01 1.973320990800857544e-01 3.040268421173095703e-01 -2.778439223766326904e-02 8.181829750537872314e-02 -4.391847923398017883e-02 9.952914118766784668e-01
3.313123583793640137e-01 2.079202383756637573e-01 3.161187171936035156e-01 -2.794113382697105408e-02 8.144994080066680908e-02 -4.429366067051887512e-02 9.953005909919738770e-01
3.324488103389739990e-01 2.199385613203048706e-01 3.291700184345245361e-01 -2.769728563725948334e-02 8.135333657264709473e-02 -4.438781365752220154e-02 9.953111410140991211e-01
3.337722420692443848e-01 2.313653379678726196e-01 3.439808785915374756e-01 -2.844621427357196808e-02 8.094051480293273926e-02 -4.473626613616943359e-02 9.953081011772155762e-01
3.366390168666839600e-01 2.431871891021728516e-01 3.552004694938659668e-01 -2.801335230469703674e-02 8.100429177284240723e-02 -4.509686306118965149e-02 9.952989220619201660e-01
3.395243585109710693e-01 2.551854550838470459e-01 3.687124848365783691e-01 -2.882615290582180023e-02 8.027303218841552734e-02 -4.574314877390861511e-02 9.953054785728454590e-01
3.427763283252716064e-01 2.664480507373809814e-01 3.823990821838378906e-01 -2.909442409873008728e-02 7.955344766378402710e-02 -4.546639323234558105e-02 9.953681230545043945e-01
3.458003103733062744e-01 2.774645686149597168e-01 3.945249021053314209e-01 -2.915363945066928864e-02 7.867375016212463379e-02 -4.673654958605766296e-02 9.953774213790893555e-01
3.461919426918029785e-01 2.857779860496520996e-01 4.041388630867004395e-01 -2.911354042589664459e-02 7.885964959859848022e-02 -4.710721597075462341e-02 9.953464865684509277e-01
3.487751483917236328e-01 2.970868349075317383e-01 4.149609804153442383e-01 -2.958583645522594452e-02 7.912548631429672241e-02 -4.760450124740600586e-02 9.952877163887023926e-01
3.516811430454254150e-01 3.092943727970123291e-01 4.256214797496795654e-01 -2.946087531745433807e-02 8.004567772150039673e-02 -4.665843024849891663e-02 9.952626824378967285e-01
3.534815311431884766e-01 3.210757374763488770e-01 4.365462362766265869e-01 -2.835992909967899323e-02 8.029907941818237305e-02 -4.613388702273368835e-02 9.952986836433410645e-01
3.547471165657043457e-01 3.332207500934600830e-01 4.494000673294067383e-01 -2.728360518813133240e-02 8.049155771732330322e-02 -4.489719867706298828e-02 9.953697323799133301e-01
3.564224839210510254e-01 3.432080149650573730e-01 4.627038836479187012e-01 -2.814365737140178680e-02 7.984684407711029053e-02 -4.604373127222061157e-02 9.953454136848449707e-01
3.579938411712646484e-01 3.456513881683349609e-01 4.676685333251953125e-01 -3.089462220668792725e-02 7.741600275039672852e-02 -4.848853871226310730e-02 9.953397512435913086e-01
3.595413267612457275e-01 3.551626503467559814e-01 4.777849912643432617e-01 -3.074742481112480164e-02 7.747765630483627319e-02 -4.790040105581283569e-02 9.953680038452148438e-01
3.603052496910095215e-01 3.629905283451080322e-01 4.874388873577117920e-01 -3.110001236200332642e-02 7.726922631263732910e-02 -4.794348031282424927e-02 9.953711628913879395e-01
3.603346049785614014e-01 3.707340657711029053e-01 4.986683428287506104e-01 -3.170919790863990784e-02 7.736794650554656982e-02 -4.877652227878570557e-02 9.953038096427917480e-01
3.601124882698059082e-01 3.779940605163574219e-01 5.081626176834106445e-01 -3.213650360703468323e-02 7.739090919494628906e-02 -4.912853986024856567e-02 9.952709674835205078e-01
3.607528209686279297e-01 3.841280937194824219e-01 5.151327848434448242e-01 -3.142977505922317505e-02 7.813613116741180420e-02 -4.782822355628013611e-02 9.952986836433410645e-01
3.605896532535552979e-01 3.900639116764068604e-01 5.250684618949890137e-01 -3.151214495301246643e-02 7.765380293130874634e-02 -4.859671741724014282e-02 9.952965378761291504e-01
3.596005439758300781e-01 3.954212367534637451e-01 5.330968499183654785e-01 -3.134394809603691101e-02 7.775322347879409790e-02 -4.859535023570060730e-02 9.952942132949829102e-01
3.583942651748657227e-01 3.992106914520263672e-01 5.423659086227416992e-01 -3.292877599596977234e-02 7.666017860174179077e-02 -5.169039592146873474e-02 9.951718449592590332e-01
3.581826090812683105e-01 4.034199714660644531e-01 5.454224348068237305e-01 -2.937853522598743439e-02 7.833255827426910400e-02 -4.640667885541915894e-02 9.954131841659545898e-01
3.561145365238189697e-01 4.071405529975891113e-01 5.527726411819458008e-01 -2.788784168660640717e-02 7.981286197900772095e-02 -4.399952664971351624e-02 9.954477548599243164e-01
3.534094393253326416e-01 4.108237922191619873e-01 5.615765452384948730e-01 -2.646159939467906952e-02 8.109923452138900757e-02 -4.205074161291122437e-02 9.954670071601867676e-01
3.496756255626678467e-01 4.148128032684326172e-01 5.708461999893188477e-01 -2.551559731364250183e-02 8.177676796913146973e-02 -3.927201032638549805e-02 9.955497384071350098e-01
3.448305130004882812e-01 4.194005727767944336e-01 5.764450430870056152e-01 -2.473558485507965088e-02 8.486504852771759033e-02 -3.725476562976837158e-02 9.953885078430175781e-01
3.392920792102813721e-01 4.262665808200836182e-01 5.839485526084899902e-01 -1.938150078058242798e-02 8.846610784530639648e-02 -3.283845260739326477e-02 9.953490495681762695e-01
3.365755975246429443e-01 4.292405545711517334e-01 5.907314419746398926e-01 -2.141926251351833344e-02 8.720950782299041748e-02 -3.231653571128845215e-02 9.954352974891662598e-01
3.348219394683837891e-01 4.306371808052062988e-01 5.914905071258544922e-01 -2.051112614572048187e-02 8.646714687347412109e-02 -3.295037522912025452e-02 9.954984188079833984e-01
3.367421627044677734e-01 4.294228553771972656e-01 5.930770039558410645e-01 -2.453593723475933075e-02 8.168666064739227295e-02 -4.067036509513854980e-02 9.955255985260009766e-01
3.327672779560089111e-01 4.311486482620239258e-01 6.019152998924255371e-01 -2.654121629893779755e-02 8.204911649227142334e-02 -3.923808783292770386e-02 9.955018162727355957e-01
3.285164833068847656e-01 4.414399564266204834e-01 6.124446988105773926e-01 -2.325529418885707855e-02 8.698984980583190918e-02 -3.752683103084564209e-02 9.952304959297180176e-01
3.613443374633789062e-01 4.580551981925964355e-01 6.128432154655456543e-01 -8.169242646545171738e-04 1.978365890681743622e-02 5.685170739889144897e-02 9.981862902641296387e-01
3.584316372871398926e-01 4.628613591194152832e-01 6.205077171325683594e-01 1.766257482813671231e-04 2.031605131924152374e-02 5.859662964940071106e-02 9.980750083923339844e-01
3.573490083217620850e-01 4.694021940231323242e-01 6.287699341773986816e-01 3.810705966316163540e-04 1.960771530866622925e-02 5.913151800632476807e-02 9.980576038360595703e-01
3.555751144886016846e-01 4.736690521240234375e-01 6.366327404975891113e-01 1.147148723248392344e-04 2.164001949131488800e-02 5.892502143979072571e-02 9.980278611183166504e-01
3.564947545528411865e-01 4.765721559524536133e-01 6.418987512588500977e-01 -4.085195250809192657e-04 1.957274600863456726e-02 5.906789004802703857e-02 9.980620145797729492e-01
3.555638194084167480e-01 4.821490645408630371e-01 6.502162814140319824e-01 2.022546017542481422e-03 2.261686883866786957e-02 6.231120601296424866e-02 9.977984428405761719e-01
3.616271317005157471e-01 4.911730289459228516e-01 6.585584282875061035e-01 3.839767072349786758e-03 1.258272794075310230e-03 7.711707800626754761e-02 9.970139265060424805e-01
3.697521984577178955e-01 5.057106614112854004e-01 6.695342063903808594e-01 1.216320600360631943e-02 -3.047520294785499573e-02 1.199004724621772766e-01 9.922435879707336426e-01
3.706019520759582520e-01 5.124627351760864258e-01 6.783658266067504883e-01 1.260094437748193741e-02 -3.482079133391380310e-02 1.238676235079765320e-01 9.916076064109802246e-01
3.712568879127502441e-01 5.193270444869995117e-01 6.869617700576782227e-01 1.352751161903142929e-02 -3.921270370483398438e-02 1.267350018024444580e-01 9.910689592361450195e-01
3.723099529743194580e-01 5.291415452957153320e-01 6.987884044647216797e-01 1.486702356487512589e-02 -4.233188554644584656e-02 1.284004151821136475e-01 9.907069802284240723e-01
3.729097545146942139e-01 5.362597107887268066e-01 7.081223130226135254e-01 -2.992740774061530828e-04 -4.789458215236663818e-02 1.263052523136138916e-01 9.908345341682434082e-01
3.717593550682067871e-01 5.451437830924987793e-01 7.181655168533325195e-01 -1.798522286117076874e-02 -5.274954810738563538e-02 1.231861114501953125e-01 9.908174276351928711e-01
3.712075352668762207e-01 5.537744760513305664e-01 7.278652787208557129e-01 -3.806257992982864380e-02 -5.769141390919685364e-02 1.176160424947738647e-01 9.906510114669799805e-01
3.732218444347381592e-01 5.601227283477783203e-01 7.392877340316772461e-01 -6.036133691668510437e-02 -6.262455880641937256e-02 1.099327579140663147e-01 9.901260137557983398e-01
3.737276792526245117e-01 5.685431957244873047e-01 7.507039904594421387e-01 -8.444323390722274780e-02 -6.716850399971008301e-02 1.017438098788261414e-01 9.889419078826904297e-01
3.746237456798553467e-01 5.762707591056823730e-01 7.606670856475830078e-01 -1.097571179270744324e-01 -7.126335054636001587e-02 9.248804301023483276e-02 9.870769381523132324e-01
3.738512992858886719e-01 5.873444080352783203e-01 7.742916345596313477e-01 -1.352478563785552979e-01 -7.619836181402206421e-02 8.270671963691711426e-02 9.844092130661010742e-01
3.732251524925231934e-01 5.953674316406250000e-01 7.860605120658874512e-01 -1.625012606382369995e-01 -8.042015880346298218e-02 7.221045345067977905e-02 9.807709455490112305e-01
3.713904619216918945e-01 6.026351451873779297e-01 7.982109189033508301e-01 -1.906258314847946167e-01 -8.462238311767578125e-02 6.082199886441230774e-02 9.761155843734741211e-01
3.703896105289459229e-01 6.124598979949951172e-01 8.110673427581787109e-01 -2.179748713970184326e-01 -8.900640159845352173e-02 5.022893100976943970e-02 9.705884456634521484e-01
3.689932525157928467e-01 6.202319264411926270e-01 8.232052326202392578e-01 -2.460625767707824707e-01 -9.289067238569259644e-02 3.916835784912109375e-02 9.639971256256103516e-01
3.664355576038360596e-01 6.274604797363281250e-01 8.369175195693969727e-01 -2.737268507480621338e-01 -9.747727960348129272e-02 2.855384536087512970e-02 9.564290642738342285e-01
3.623012006282806396e-01 6.355398297309875488e-01 8.495525717735290527e-01 -3.003253340721130371e-01 -1.011148467659950256e-01 1.864051260054111481e-02 9.482789635658264160e-01
3.596259355545043945e-01 6.439185738563537598e-01 8.633096218109130859e-01 -3.257911503314971924e-01 -1.062005609273910522e-01 9.831391274929046631e-03 9.394066929817199707e-01
3.561194837093353271e-01 6.527775526046752930e-01 8.772163391113281250e-01 -3.502759933471679688e-01 -1.109566166996955872e-01 2.241746056824922562e-03 9.300485849380493164e-01
3.523618280887603760e-01 6.607854366302490234e-01 8.907309770584106445e-01 -3.730496466159820557e-01 -1.159360855817794800e-01 -4.869040567427873611e-03 9.205265641212463379e-01
3.489319682121276855e-01 6.668376922607421875e-01 9.027109742164611816e-01 -3.951843380928039551e-01 -1.204384714365005493e-01 -1.038854382932186127e-02 9.106130003929138184e-01
3.449571132659912109e-01 6.748257875442504883e-01 9.170364141464233398e-01 -4.150469899177551270e-01 -1.259514391422271729e-01 -1.400403864681720734e-02 9.009307026863098145e-01
3.412747979164123535e-01 6.831234097480773926e-01 9.310139417648315430e-01 -4.323280751705169678e-01 -1.318325847387313843e-01 -1.500836666673421860e-02 8.919010162353515625e-01
3.377376794815063477e-01 6.907984018325805664e-01 9.447519779205322266e-01 -4.477161169052124023e-01 -1.386165469884872437e-01 -1.439822651445865631e-02 8.832488059997558594e-01
3.336895704269409180e-01 6.985727548599243164e-01 9.589730501174926758e-01 -4.604081213474273682e-01 -1.461020410060882568e-01 -1.116753648966550827e-02 8.755306601524353027e-01
3.296059072017669678e-01 7.060263156890869141e-01 9.731595516204833984e-01 -4.711137712001800537e-01 -1.540422588586807251e-01 -5.907847080379724503e-03 8.684974908828735352e-01
3.252136707305908203e-01 7.141524553298950195e-01 9.877994060516357422e-01 -4.792559146881103516e-01 -1.625514626502990723e-01 1.636537723243236542e-03 8.624895811080932617e-01
3.207840919494628906e-01 7.224922180175781250e-01 1.002117276191711426e+00 -4.852192103862762451e-01 -1.714230477809906006e-01 1.105177868157625198e-02 8.573531508445739746e-01
3.155409693717956543e-01 7.306368350982666016e-01 1.017587065696716309e+00 -4.892662465572357178e-01 -1.806527376174926758e-01 2.214548923075199127e-02 8.529318571090698242e-01
3.106932640075683594e-01 7.385525703430175781e-01 1.032770037651062012e+00 -4.917845427989959717e-01 -1.904349476099014282e-01 3.523387014865875244e-02 8.489058017730712891e-01
3.052071332931518555e-01 7.461932897567749023e-01 1.047553777694702148e+00 -4.919612109661102295e-01 -2.003722637891769409e-01 4.951660335063934326e-02 8.457974195480346680e-01
2.989704906940460205e-01 7.541743516921997070e-01 1.062590122222900391e+00 -4.900123178958892822e-01 -2.107000946998596191e-01 6.545639038085937500e-02 8.433320522308349609e-01
2.922338843345642090e-01 7.614185810089111328e-01 1.077831149101257324e+00 -4.868835210800170898e-01 -2.211128324270248413e-01 8.227615803480148315e-02 8.410018682479858398e-01
2.846806943416595459e-01 7.682468891143798828e-01 1.093176603317260742e+00 -4.821688234806060791e-01 -2.319801002740859985e-01 1.001471579074859619e-01 8.388498425483703613e-01
2.747093439102172852e-01 7.751274704933166504e-01 1.108398199081420898e+00 -4.757685363292694092e-01 -2.423146516084671021e-01 1.187966689467430115e-01 8.371471166610717773e-01
2.648319900035858154e-01 7.812227606773376465e-01 1.122820496559143066e+00 -4.675894975662231445e-01 -2.533040046691894531e-01 1.381722986698150635e-01 8.355271220207214355e-01
2.533659934997558594e-01 7.877354025840759277e-01 1.136753797531127930e+00 -4.576586782932281494e-01 -2.647373974323272705e-01 1.583257317543029785e-01 8.339038491249084473e-01
2.396550774574279785e-01 7.926037311553955078e-01 1.149071693420410156e+00 -4.466718137264251709e-01 -2.752781808376312256e-01 1.785257160663604736e-01 8.323669433593750000e-01
2.258265018463134766e-01 7.999618053436279297e-01 1.160622119903564453e+00 -4.340370595455169678e-01 -2.861173450946807861e-01 1.988070905208587646e-01 8.307974934577941895e-01
2.145212888717651367e-01 8.105663657188415527e-01 1.172139644622802734e+00 -4.201149046421051025e-01 -2.969053983688354492e-01 2.193799167871475220e-01 8.289892673492431641e-01
2.020854353904724121e-01 8.177067041397094727e-01 1.185063838958740234e+00 -4.052900075912475586e-01 -3.070830702781677246e-01 2.395262867212295532e-01 8.270835280418395996e-01
1.894175410270690918e-01 8.232161998748779297e-01 1.197297096252441406e+00 -3.894611001014709473e-01 -3.172498643398284912e-01 2.592540681362152100e-01 8.248999118804931641e-01
1.766973733901977539e-01 8.283501863479614258e-01 1.208747386932373047e+00 -3.726776242256164551e-01 -3.267154693603515625e-01 2.786186337471008301e-01 8.226421475410461426e-01
1.645724773406982422e-01 8.322410583496093750e-01 1.220143318176269531e+00 -3.555131852626800537e-01 -3.361505270004272461e-01 2.972172498703002930e-01 8.199238777160644531e-01
1.520909070968627930e-01 8.366707563400268555e-01 1.230782985687255859e+00 -3.373923003673553467e-01 -3.452649414539337158e-01 3.148564398288726807e-01 8.172050118446350098e-01
1.402239203453063965e-01 8.417568206787109375e-01 1.240690350532531738e+00 -3.184589147567749023e-01 -3.538712561130523682e-01 3.320164084434509277e-01 8.143243789672851562e-01
1.286522150039672852e-01 8.447614908218383789e-01 1.250420451164245605e+00 -3.001639246940612793e-01 -3.619177341461181641e-01 3.480168581008911133e-01 8.110495805740356445e-01
1.171696782112121582e-01 8.495584726333618164e-01 1.259267568588256836e+00 -2.802408635616302490e-01 -3.699501454830169678e-01 3.635448813438415527e-01 8.077358007431030273e-01
1.056763529777526855e-01 8.549692630767822266e-01 1.267715454101562500e+00 -2.590038478374481201e-01 -3.784037530422210693e-01 3.761000931262969971e-01 8.051561117172241211e-01
9.484505653381347656e-02 8.593695163726806641e-01 1.275966644287109375e+00 -2.378497272729873657e-01 -3.864365518093109131e-01 3.871190547943115234e-01 8.026413917541503906e-01
8.383595943450927734e-02 8.629409074783325195e-01 1.283634662628173828e+00 -2.165594100952148438e-01 -3.937680721282958984e-01 3.977394700050354004e-01 7.999075651168823242e-01
7.371985912322998047e-02 8.656644821166992188e-01 1.290962696075439453e+00 -1.965351551771163940e-01 -4.002153575420379639e-01 4.083802998065948486e-01 7.965093851089477539e-01
6.446194648742675781e-02 8.694698810577392578e-01 1.297925591468811035e+00 -1.763522177934646606e-01 -4.062334597110748291e-01 4.195384979248046875e-01 7.923772931098937988e-01
5.484426021575927734e-02 8.732569217681884766e-01 1.304502248764038086e+00 -1.564953327178955078e-01 -4.117458462715148926e-01 4.303857088088989258e-01 7.878723144531250000e-01
4.549026489257812500e-02 8.770664334297180176e-01 1.309697031974792480e+00 -1.370536237955093384e-01 -4.169946312904357910e-01 4.412012398242950439e-01 7.827345132827758789e-01
3.616285324096679688e-02 8.807169198989868164e-01 1.314125657081604004e+00 -1.188717409968376160e-01 -4.221363365650177002e-01 4.519139826297760010e-01 7.768167257308959961e-01
2.687740325927734375e-02 8.837780952453613281e-01 1.317648410797119141e+00 -1.011088788509368896e-01 -4.264825880527496338e-01 4.623882174491882324e-01 7.707703113555908203e-01
1.918458938598632812e-02 8.855457305908203125e-01 1.321466803550720215e+00 -8.466434478759765625e-02 -4.307896494865417480e-01 4.721932709217071533e-01 7.643858790397644043e-01
9.563088417053222656e-03 8.876016736030578613e-01 1.324191570281982422e+00 -6.818015128374099731e-02 -4.344171285629272461e-01 4.814672470092773438e-01 7.581706047058105469e-01
1.272797584533691406e-03 8.896468281745910645e-01 1.326678276062011719e+00 -5.273767933249473572e-02 -4.382930099964141846e-01 4.906708896160125732e-01 7.512391209602355957e-01
-6.699323654174804688e-03 8.921598196029663086e-01 1.329597473144531250e+00 -3.688088804483413696e-02 -4.423384666442871094e-01 4.977955520153045654e-01 7.451014518737792969e-01
-1.331245899200439453e-02 8.961200118064880371e-01 1.333151817321777344e+00 -2.234254404902458191e-02 -4.463108777999877930e-01 5.046290159225463867e-01 7.386860847473144531e-01
-2.064573764801025391e-02 8.978756070137023926e-01 1.335724353790283203e+00 -8.103770203888416290e-03 -4.498960375785827637e-01 5.105042457580566406e-01 7.327436804771423340e-01
-2.625346183776855469e-02 9.007890820503234863e-01 1.337879896163940430e+00 5.296422168612480164e-03 -4.533958733081817627e-01 5.161812901496887207e-01 7.266092300415039062e-01
-3.252863883972167969e-02 9.020314812660217285e-01 1.339559912681579590e+00 6.747252307832241058e-03 -4.599398374557495117e-01 5.159509181976318359e-01 7.226371765136718750e-01
-3.679943084716796875e-02 9.030640721321105957e-01 1.342114210128784180e+00 7.641996722668409348e-03 -4.663075804710388184e-01 5.162715911865234375e-01 7.183052897453308105e-01
-4.102957248687744141e-02 9.045397639274597168e-01 1.344354748725891113e+00 8.705182000994682312e-03 -4.725076854228973389e-01 5.162584781646728516e-01 7.142393589019775391e-01
-4.429793357849121094e-02 9.057642817497253418e-01 1.346467018127441406e+00 9.702619165182113647e-03 -4.786815941333770752e-01 5.166546702384948730e-01 7.098153829574584961e-01
-4.827666282653808594e-02 9.066435098648071289e-01 1.349038004875183105e+00 1.076065842062234879e-02 -4.843066036701202393e-01 5.165054202079772949e-01 7.060831785202026367e-01
-5.156052112579345703e-02 9.078280925750732422e-01 1.350109815597534180e+00 1.200299337506294250e-02 -4.886895418167114258e-01 5.168963074684143066e-01 7.027493715286254883e-01
-5.525779724121093750e-02 9.091547131538391113e-01 1.352000594139099121e+00 1.315915957093238831e-02 -4.928761422634124756e-01 5.175756216049194336e-01 6.992964148521423340e-01
-5.785882472991943359e-02 9.099487662315368652e-01 1.353420972824096680e+00 1.389853004366159439e-02 -4.965211451053619385e-01 5.181465744972229004e-01 6.962742209434509277e-01
-6.013345718383789062e-02 9.099702835083007812e-01 1.355511784553527832e+00 1.414066553115844727e-02 -4.997080266475677490e-01 5.182443261146545410e-01 6.939127445220947266e-01
-6.164026260375976562e-02 9.107732176780700684e-01 1.357353568077087402e+00 1.447952631860971451e-02 -5.021974444389343262e-01 5.184894204139709473e-01 6.919226050376892090e-01
-6.196713447570800781e-02 9.103026390075683594e-01 1.358034610748291016e+00 1.418436504900455475e-02 -5.037281513214111328e-01 5.185558199882507324e-01 6.907652616500854492e-01
-6.208312511444091797e-02 9.092819690704345703e-01 1.358061671257019043e+00 1.359262783080339432e-02 -5.042608380317687988e-01 5.183385610580444336e-01 6.905515789985656738e-01
-6.354355812072753906e-02 9.095642566680908203e-01 1.358003735542297363e+00 1.323871966451406479e-02 -5.032500624656677246e-01 5.194614529609680176e-01 6.904519796371459961e-01
-6.540071964263916016e-02 9.097709059715270996e-01 1.359084963798522949e+00 1.253570988774299622e-02 -5.025191903114318848e-01 5.200322270393371582e-01 6.905677914619445801e-01
-6.603372097015380859e-02 9.109380841255187988e-01 1.360311627388000488e+00 1.213151216506958008e-02 -5.004494786262512207e-01 5.211694240570068359e-01 6.912204027175903320e-01
-6.524097919464111328e-02 9.109805226325988770e-01 1.360214948654174805e+00 1.138359401375055313e-02 -4.979669749736785889e-01 5.207896232604980469e-01 6.933091282844543457e-01
-6.532573699951171875e-02 9.116456508636474609e-01 1.360561609268188477e+00 1.085515040904283524e-02 -4.941906630992889404e-01 5.211575031280517578e-01 6.957389116287231445e-01
-6.568026542663574219e-02 9.113714694976806641e-01 1.361282467842102051e+00 9.782931767404079437e-03 -4.891915917396545410e-01 5.208874940872192383e-01 6.994799971580505371e-01
-6.800663471221923828e-02 9.110499024391174316e-01 1.361282825469970703e+00 8.954489603638648987e-03 -4.831362068653106689e-01 5.204475522041320801e-01 7.040125727653503418e-01
-6.985700130462646484e-02 9.110245704650878906e-01 1.363034486770629883e+00 8.498265407979488373e-03 -4.767910540103912354e-01 5.188722014427185059e-01 7.094855308532714844e-01
-7.060968875885009766e-02 9.114412665367126465e-01 1.363809466361999512e+00 -5.430990830063819885e-03 -4.733161330223083496e-01 5.098636150360107422e-01 7.183184623718261719e-01
-7.319736480712890625e-02 9.121178984642028809e-01 1.365394353866577148e+00 -2.060958743095397949e-02 -4.692177772521972656e-01 5.002678036689758301e-01 7.274215221405029297e-01
-7.544982433319091797e-02 9.110656380653381348e-01 1.366626501083374023e+00 -3.782922029495239258e-02 -4.640250802040100098e-01 4.885679781436920166e-01 7.379370331764221191e-01
-7.564902305603027344e-02 9.113985300064086914e-01 1.369008541107177734e+00 -5.575531348586082458e-02 -4.587440788745880127e-01 4.762018620967864990e-01 7.481156587600708008e-01
-7.928192615509033203e-02 9.117766022682189941e-01 1.371090650558471680e+00 -7.477779686450958252e-02 -4.516332447528839111e-01 4.632008671760559082e-01 7.588680386543273926e-01
-8.234858512878417969e-02 9.114593863487243652e-01 1.372972249984741211e+00 -9.425374865531921387e-02 -4.441595077514648438e-01 4.485087096691131592e-01 7.698561549186706543e-01
-8.574879169464111328e-02 9.105581045150756836e-01 1.375590682029724121e+00 -1.142345815896987915e-01 -4.361655414104461670e-01 4.323081374168395996e-01 7.809095978736877441e-01
-8.951592445373535156e-02 9.108103513717651367e-01 1.378240585327148438e+00 -1.341526210308074951e-01 -4.276550412178039551e-01 4.162098765373229980e-01 7.911280989646911621e-01
-9.144842624664306641e-02 9.108823537826538086e-01 1.381416797637939453e+00 -1.547864526510238647e-01 -4.191840887069702148e-01 3.992516100406646729e-01 8.005773425102233887e-01
-9.434878826141357422e-02 9.106608033180236816e-01 1.384788274765014648e+00 -1.752874553203582764e-01 -4.101600348949432373e-01 3.815694153308868408e-01 8.095974326133728027e-01
-9.790813922882080078e-02 9.104931354522705078e-01 1.387646198272705078e+00 -1.950812488794326782e-01 -4.006654918193817139e-01 3.633265197277069092e-01 8.181713819503784180e-01
-1.008694171905517578e-01 9.103695154190063477e-01 1.390553474426269531e+00 -2.148795425891876221e-01 -3.910422623157501221e-01 3.450789451599121094e-01 8.257319927215576172e-01
-1.043560504913330078e-01 9.105207920074462891e-01 1.392951250076293945e+00 -2.344560772180557251e-01 -3.809523880481719971e-01 3.268818557262420654e-01 8.324986696243286133e-01
-1.069210171699523926e-01 9.101954102516174316e-01 1.395139694213867188e+00 -2.532838881015777588e-01 -3.712061047554016113e-01 3.084435164928436279e-01 8.384008407592773438e-01
-1.091765761375427246e-01 9.100069999694824219e-01 1.396904349327087402e+00 -2.708187401294708252e-01 -3.617993891239166260e-01 2.900798618793487549e-01 8.435710668563842773e-01
-1.112856268882751465e-01 9.098371863365173340e-01 1.398312091827392578e+00 -2.878362536430358887e-01 -3.522404730319976807e-01 2.724772095680236816e-01 8.478402495384216309e-01
-1.129006743431091309e-01 9.093090891838073730e-01 1.399421691894531250e+00 -3.035464584827423096e-01 -3.434293270111083984e-01 2.551623880863189697e-01 8.513566255569458008e-01
-1.140556335449218750e-01 9.096770286560058594e-01 1.400090336799621582e+00 -3.177778124809265137e-01 -3.351789116859436035e-01 2.394222617149353027e-01 8.540195226669311523e-01
-1.152467131614685059e-01 9.097599983215332031e-01 1.400881528854370117e+00 -3.310774862766265869e-01 -3.277896940708160400e-01 2.243165373802185059e-01 8.559344410896301270e-01
-1.160723865032196045e-01 9.097272157669067383e-01 1.401212692260742188e+00 -3.427194356918334961e-01 -3.212493062019348145e-01 2.100434452295303345e-01 8.574520945549011230e-01
-1.166186630725860596e-01 9.098257422447204590e-01 1.401460170745849609e+00 -3.530863225460052490e-01 -3.157317042350769043e-01 1.973877251148223877e-01 8.583016395568847656e-01
-1.169739961624145508e-01 9.100185632705688477e-01 1.401643276214599609e+00 -3.616873621940612793e-01 -3.114212751388549805e-01 1.859939545392990112e-01 8.588395118713378906e-01
-1.174196600914001465e-01 9.100126624107360840e-01 1.402092933654785156e+00 -3.694573640823364258e-01 -3.080424964427947998e-01 1.761050671339035034e-01 8.588352799415588379e-01
-1.179698407649993896e-01 9.099283218383789062e-01 1.402436733245849609e+00 -3.760643303394317627e-01 -3.050895631313323975e-01 1.671972870826721191e-01 8.588021397590637207e-01
-1.187669038772583008e-01 9.097713232040405273e-01 1.402812957763671875e+00 -3.814823031425476074e-01 -3.029154837131500244e-01 1.588456332683563232e-01 8.587674498558044434e-01
-1.195283830165863037e-01 9.096037745475769043e-01 1.403608560562133789e+00 -3.863198161125183105e-01 -3.012062907218933105e-01 1.517966687679290771e-01 8.584809899330139160e-01
-1.204732954502105713e-01 9.094961881637573242e-01 1.404194831848144531e+00 -3.901919126510620117e-01 -2.997203171253204346e-01 1.455927044153213501e-01 8.583244085311889648e-01
-1.216995120048522949e-01 9.093637466430664062e-01 1.404860496520996094e+00 -3.933672606945037842e-01 -2.984565198421478271e-01 1.398208588361740112e-01 8.582750558853149414e-01
-1.230830550193786621e-01 9.091648459434509277e-01 1.405678629875183105e+00 -3.961429893970489502e-01 -2.970459759235382080e-01 1.345917135477066040e-01 8.583236932754516602e-01
-1.247316002845764160e-01 9.090675115585327148e-01 1.406375408172607422e+00 -3.981515467166900635e-01 -2.954114973545074463e-01 1.297735422849655151e-01 8.587003946304321289e-01
-1.261636316776275635e-01 9.090672135353088379e-01 1.407388448715209961e+00 -4.000666141510009766e-01 -2.937839329242706299e-01 1.261340975761413574e-01 8.589108586311340332e-01
-1.277586817741394043e-01 9.086296558380126953e-01 1.408264398574829102e+00 -4.021533131599426270e-01 -2.910203933715820312e-01 1.221554949879646301e-01 8.594521284103393555e-01
-1.294894516468048096e-01 9.081699848175048828e-01 1.409397125244140625e+00 -4.039722979068756104e-01 -2.880095243453979492e-01 1.183389872312545776e-01 8.601469993591308594e-01
-1.316317915916442871e-01 9.077962636947631836e-01 1.410390377044677734e+00 -4.054808318614959717e-01 -2.841806709766387939e-01 1.146750375628471375e-01 8.612062931060791016e-01
-1.338306963443756104e-01 9.074313640594482422e-01 1.411613941192626953e+00 -4.072299599647521973e-01 -2.796334326267242432e-01 1.109085753560066223e-01 8.623620271682739258e-01
-1.363100111484527588e-01 9.070456027984619141e-01 1.412805318832397461e+00 -4.090597033500671387e-01 -2.736611068248748779e-01 1.070060729980468750e-01 8.639036417007446289e-01
-1.388127654790878296e-01 9.064682722091674805e-01 1.414026737213134766e+00 -4.109980463981628418e-01 -2.666702270507812500e-01 1.025798320770263672e-01 8.657049536705017090e-01
-1.413900405168533325e-01 9.058598279953002930e-01 1.415300488471984863e+00 -4.135159254074096680e-01 -2.579320371150970459e-01 9.831143915653228760e-02 8.676465749740600586e-01
-1.441771090030670166e-01 9.051754474639892578e-01 1.416775465011596680e+00 -4.165133833885192871e-01 -2.477170228958129883e-01 9.314770251512527466e-02 8.697565793991088867e-01
-1.472468376159667969e-01 9.042453765869140625e-01 1.418135643005371094e+00 -4.200074672698974609e-01 -2.356970608234405518e-01 8.697474002838134766e-02 8.720528483390808105e-01
-1.504645645618438721e-01 9.036078453063964844e-01 1.419463634490966797e+00 -4.238105714321136475e-01 -2.215552479028701782e-01 8.057332038879394531e-02 8.745318055152893066e-01
-1.537524908781051636e-01 9.030070304870605469e-01 1.420873403549194336e+00 -4.280486702919006348e-01 -2.057822346687316895e-01 7.354388386011123657e-02 8.769375085830688477e-01
-1.571706831455230713e-01 9.020435810089111328e-01 1.422271609306335449e+00 -4.325916767120361328e-01 -1.885673105716705322e-01 6.593815237283706665e-02 8.791808485984802246e-01
-1.607363820075988770e-01 9.010164737701416016e-01 1.423722743988037109e+00 -4.371397793292999268e-01 -1.701030582189559937e-01 5.769967660307884216e-02 8.812744021415710449e-01
-1.646846830844879150e-01 8.999987840652465820e-01 1.425088882446289062e+00 -4.418600201606750488e-01 -1.504842638969421387e-01 4.907070100307464600e-02 8.830097913742065430e-01
-1.685715317726135254e-01 8.987790346145629883e-01 1.426541924476623535e+00 -4.465914368629455566e-01 -1.300030052661895752e-01 4.039041697978973389e-02 8.843212127685546875e-01
-1.726648807525634766e-01 8.974844813346862793e-01 1.427923202514648438e+00 -4.510466754436492920e-01 -1.089159771800041199e-01 3.191078081727027893e-02 8.852547407150268555e-01
-1.768051385879516602e-01 8.965363502502441406e-01 1.429156303405761719e+00 -4.548325836658477783e-01 -8.772961795330047607e-02 2.344797365367412567e-02 8.859351277351379395e-01
-1.811437904834747314e-01 8.949971795082092285e-01 1.430457592010498047e+00 -4.585671126842498779e-01 -6.647653132677078247e-02 1.493509020656347275e-02 8.860440850257873535e-01
-1.857443600893020630e-01 8.936647176742553711e-01 1.431739330291748047e+00 -4.616346955299377441e-01 -4.521753266453742981e-02 6.580385379493236542e-03 8.858925104141235352e-01
-1.904366165399551392e-01 8.920350074768066406e-01 1.432914853096008301e+00 -4.642211794853210449e-01 -2.472390420734882355e-02 -1.500830636359751225e-03 8.853729367256164551e-01
-1.952569484710693359e-01 8.906155824661254883e-01 1.434216499328613281e+00 -4.661302864551544189e-01 -4.763872828334569931e-03 -9.043503552675247192e-03 8.846570849418640137e-01
-2.002438604831695557e-01 8.890949487686157227e-01 1.435257196426391602e+00 -4.674317240715026855e-01 1.386959850788116455e-02 -1.594788581132888794e-02 8.837765455245971680e-01
-2.055980116128921509e-01 8.878614902496337891e-01 1.436321735382080078e+00 -4.677973687648773193e-01 3.162065148353576660e-02 -2.219944633543491364e-02 8.829909563064575195e-01
-2.108690291643142700e-01 8.862550854682922363e-01 1.437409400939941406e+00 -4.676752984523773193e-01 4.800476878881454468e-02 -2.630913630127906799e-02 8.822035789489746094e-01
-2.161741256713867188e-01 8.845981359481811523e-01 1.438361167907714844e+00 -4.664382934570312500e-01 6.305996328592300415e-02 -2.837783843278884888e-02 8.818466663360595703e-01
-2.218310832977294922e-01 8.830626010894775391e-01 1.439187526702880859e+00 -4.644572734832763672e-01 7.556996494531631470e-02 -3.056693449616432190e-02 8.818357586860656738e-01
-2.274432480335235596e-01 8.808796405792236328e-01 1.440228700637817383e+00 -4.622501134872436523e-01 8.520787209272384644e-02 -3.225184231996536255e-02 8.820568919181823730e-01
-2.332246601581573486e-01 8.794587850570678711e-01 1.440969228744506836e+00 -4.590765237808227539e-01 9.168231487274169922e-02 -3.365352004766464233e-02 8.830122351646423340e-01
-2.392928004264831543e-01 8.772271871566772461e-01 1.441797256469726562e+00 -4.556041061878204346e-01 9.456137567758560181e-02 -3.518533706665039062e-02 8.844462633132934570e-01
-2.453839480876922607e-01 8.752464056015014648e-01 1.442819595336914062e+00 -4.510493278503417969e-01 9.619492292404174805e-02 -3.220875933766365051e-02 8.867150545120239258e-01
-2.516265809535980225e-01 8.732532262802124023e-01 1.443975210189819336e+00 -4.456927478313446045e-01 9.465695917606353760e-02 -2.752683497965335846e-02 8.897417187690734863e-01
-2.584834098815917969e-01 8.710806369781494141e-01 1.444813489913940430e+00 -4.392235279083251953e-01 9.093777090311050415e-02 -2.224854752421379089e-02 8.934864997863769531e-01
-2.653173506259918213e-01 8.686712384223937988e-01 1.445883750915527344e+00 -4.321381449699401855e-01 8.467958867549896240e-02 -1.546873711049556732e-02 8.976897001266479492e-01
-2.733199596405029297e-01 8.667791485786437988e-01 1.447829723358154297e+00 -4.247552752494812012e-01 7.727491110563278198e-02 -7.893247529864311218e-03 9.019696712493896484e-01
-2.801938354969024658e-01 8.644968271255493164e-01 1.448869705200195312e+00 -4.158414304256439209e-01 6.677997112274169922e-02 1.738801016472280025e-03 9.069803953170776367e-01
-2.874834835529327393e-01 8.621249794960021973e-01 1.450245857238769531e+00 -4.063410758972167969e-01 5.498646944761276245e-02 1.236659660935401917e-02 9.119816422462463379e-01
-2.946242094039916992e-01 8.590667247772216797e-01 1.451962709426879883e+00 -3.963147103786468506e-01 4.161026701331138611e-02 2.421146258711814880e-02 9.168516993522644043e-01
-3.020445108413696289e-01 8.563138842582702637e-01 1.453848600387573242e+00 -3.856617808341979980e-01 2.759492024779319763e-02 3.671190515160560608e-02 9.214964509010314941e-01
-3.096092939376831055e-01 8.535222411155700684e-01 1.455749154090881348e+00 -3.738827407360076904e-01 1.207866426557302475e-02 4.994257539510726929e-02 9.260516166687011719e-01
-3.167398571968078613e-01 8.500878214836120605e-01 1.457943916320800781e+00 -3.618173003196716309e-01 -4.175133071839809418e-03 6.453353911638259888e-02 9.300033450126647949e-01
-3.246547579765319824e-01 8.467824459075927734e-01 1.460432767868041992e+00 -3.489289581775665283e-01 -2.022081054747104645e-02 7.901044934988021851e-02 9.335936307907104492e-01
-3.328391015529632568e-01 8.436662554740905762e-01 1.463172912597656250e+00 -3.353400230407714844e-01 -3.660465031862258911e-02 9.397574514150619507e-02 9.366834163665771484e-01
-3.403650522232055664e-01 8.405792713165283203e-01 1.466392755508422852e+00 -3.212058544158935547e-01 -5.350498110055923462e-02 1.097231209278106689e-01 9.391085505485534668e-01
-3.474883139133453369e-01 8.378133773803710938e-01 1.468688726425170898e+00 -3.057309687137603760e-01 -7.005614787340164185e-02 1.261712610721588135e-01 9.411171674728393555e-01
-3.554723262786865234e-01 8.347703814506530762e-01 1.472064852714538574e+00 -2.901923060417175293e-01 -8.593201637268066406e-02 1.421003490686416626e-01 9.424498081207275391e-01
-3.632875084877014160e-01 8.303295969963073730e-01 1.475659132003784180e+00 -2.750427126884460449e-01 -1.009068861603736877e-01 1.586021482944488525e-01 9.428758025169372559e-01
-3.714087605476379395e-01 8.266974687576293945e-01 1.479399800300598145e+00 -2.589984536170959473e-01 -1.149090528488159180e-01 1.748374700546264648e-01 9.429462552070617676e-01
-3.789593577384948730e-01 8.234651684761047363e-01 1.483052611351013184e+00 -2.430855184793472290e-01 -1.274573206901550293e-01 1.913539767265319824e-01 9.423628449440002441e-01
-3.859120905399322510e-01 8.199735283851623535e-01 1.486644983291625977e+00 -2.270863056182861328e-01 -1.388032734394073486e-01 2.071674466133117676e-01 9.414070248603820801e-01
-3.918542265892028809e-01 8.172029256820678711e-01 1.489483475685119629e+00 -2.106296718120574951e-01 -1.487768888473510742e-01 2.233664840459823608e-01 9.400042891502380371e-01
-3.968818783760070801e-01 8.154203891754150391e-01 1.492550492286682129e+00 -1.940471082925796509e-01 -1.574623584747314453e-01 2.390471398830413818e-01 9.383004307746887207e-01
-4.020129442214965820e-01 8.128792047500610352e-01 1.495214223861694336e+00 -1.782990694046020508e-01 -1.639621853828430176e-01 2.545312345027923584e-01 9.362369775772094727e-01
-4.063757658004760742e-01 8.109172582626342773e-01 1.497628450393676758e+00 -1.627098023891448975e-01 -1.694629341363906860e-01 2.697191536426544189e-01 9.338412880897521973e-01
-4.097746610641479492e-01 8.088293075561523438e-01 1.499644041061401367e+00 -1.474069505929946899e-01 -1.737487018108367920e-01 2.844109535217285156e-01 9.312319755554199219e-01
-4.126322269439697266e-01 8.064104914665222168e-01 1.501770019531250000e+00 -1.329726874828338623e-01 -1.767116487026214600e-01 2.985237538814544678e-01 9.284260272979736328e-01
-4.162340164184570312e-01 8.029787540435791016e-01 1.502941012382507324e+00 -1.193154081702232361e-01 -1.781826019287109375e-01 3.117021024227142334e-01 9.256654977798461914e-01
-4.190228879451751709e-01 8.040096759796142578e-01 1.503623604774475098e+00 -1.040054410696029663e-01 -1.797196418046951294e-01 3.248670399188995361e-01 9.226837158203125000e-01
-4.205321669578552246e-01 8.030045032501220703e-01 1.503756880760192871e+00 -9.050105512142181396e-02 -1.799199581146240234e-01 3.372607827186584473e-01 9.196160435676574707e-01
-4.219468832015991211e-01 8.025564551353454590e-01 1.505029082298278809e+00 -7.764111459255218506e-02 -1.799458563327789307e-01 3.488310575485229492e-01 9.164651036262512207e-01
-4.230805039405822754e-01 8.020229339599609375e-01 1.505606412887573242e+00 -6.567647308111190796e-02 -1.789576262235641479e-01 3.596529364585876465e-01 9.134060740470886230e-01
-4.227653145790100098e-01 8.008414506912231445e-01 1.505149364471435547e+00 -5.441693589091300964e-02 -1.779286414384841919e-01 3.693284392356872559e-01 9.104815721511840820e-01
-4.236833751201629639e-01 8.004900217056274414e-01 1.506485939025878906e+00 -4.394038021564483643e-02 -1.765164136886596680e-01 3.782970905303955078e-01 9.076356887817382812e-01
-4.247449636459350586e-01 7.999069690704345703e-01 1.506767749786376953e+00 -3.398833423852920532e-02 -1.747776865959167480e-01 3.864396810531616211e-01 9.049652218818664551e-01
-4.253957867622375488e-01 7.992004156112670898e-01 1.507150769233703613e+00 -2.533500455319881439e-02 -1.734387576580047607e-01 3.938042819499969482e-01 9.023277163505554199e-01
-4.277088642120361328e-01 7.970668077468872070e-01 1.508007287979125977e+00 -1.806267350912094116e-02 -1.715524494647979736e-01 3.998190760612487793e-01 9.002156853675842285e-01
-4.303907155990600586e-01 7.953679561614990234e-01 1.509878516197204590e+00 -1.183237880468368530e-02 -1.697916537523269653e-01 4.052492678165435791e-01 8.982226252555847168e-01
-4.328923523426055908e-01 7.946335077285766602e-01 1.512181878089904785e+00 -6.620728410780429840e-03 -1.686986386775970459e-01 4.091945588588714600e-01 8.966921567916870117e-01
-4.352666735649108887e-01 7.944142818450927734e-01 1.514784574508666992e+00 -1.824684673920273781e-03 -1.683641374111175537e-01 4.117468893527984619e-01 8.956086039543151855e-01
-4.379267990589141846e-01 7.933287620544433594e-01 1.517047643661499023e+00 1.386655843816697598e-03 -1.684751510620117188e-01 4.131859838962554932e-01 8.949254751205444336e-01
-4.436295628547668457e-01 7.922338247299194336e-01 1.518273591995239258e+00 2.117805415764451027e-03 -1.681134402751922607e-01 4.135503172874450684e-01 8.948237895965576172e-01
-4.488779902458190918e-01 7.900773286819458008e-01 1.520485639572143555e+00 2.301548141986131668e-03 -1.687558144330978394e-01 4.130406677722930908e-01 8.949377536773681641e-01
-4.543012380599975586e-01 7.859805822372436523e-01 1.521797418594360352e+00 2.186831319704651833e-03 -1.694198101758956909e-01 4.112203419208526611e-01 8.956506252288818359e-01
-4.604284167289733887e-01 7.815769910812377930e-01 1.524168133735656738e+00 1.518089673481881618e-03 -1.704721301794052124e-01 4.086932837963104248e-01 8.966084718704223633e-01
-4.673715233802795410e-01 7.787202000617980957e-01 1.524305462837219238e+00 -5.018220981582999229e-04 -1.723419874906539917e-01 4.046731591224670410e-01 8.980743885040283203e-01
-4.734334349632263184e-01 7.757428288459777832e-01 1.525488734245300293e+00 -3.664141753688454628e-03 -1.752239763736724854e-01 4.004250466823577881e-01 8.994126319885253906e-01
-4.823223948478698730e-01 7.718751430511474609e-01 1.525470614433288574e+00 -7.588255684822797775e-03 -1.773729026317596436e-01 3.951009213924407959e-01 9.013193845748901367e-01
-4.944300651550292969e-01 7.679288387298583984e-01 1.523848533630371094e+00 -1.117066107690334320e-02 -1.791758984327316284e-01 3.889715373516082764e-01 9.035886526107788086e-01
-5.017169713973999023e-01 7.634152173995971680e-01 1.523100972175598145e+00 -1.666349545121192932e-02 -1.829119324684143066e-01 3.819767236709594727e-01 9.057369232177734375e-01
-5.099602341651916504e-01 7.583472728729248047e-01 1.521935462951660156e+00 -2.281869202852249146e-02 -1.865359246730804443e-01 3.753512203693389893e-01 9.076316356658935547e-01
-5.177810192108154297e-01 7.510646581649780273e-01 1.520240783691406250e+00 -3.055417165160179138e-02 -1.902233660221099854e-01 3.674036264419555664e-01 9.098880290985107422e-01
-5.233386754989624023e-01 7.445170879364013672e-01 1.518036961555480957e+00 -3.868211805820465088e-02 -1.951619386672973633e-01 3.586711883544921875e-01 9.120146036148071289e-01
-5.342534184455871582e-01 7.388674020767211914e-01 1.515881299972534180e+00 -4.603849351406097412e-02 -1.986760944128036499e-01 3.501154184341430664e-01 9.142360687255859375e-01
-5.451682209968566895e-01 7.339558601379394531e-01 1.513654112815856934e+00 -5.339052528142929077e-02 -2.023939341306686401e-01 3.418205082416534424e-01 9.161577224731445312e-01
-5.561251044273376465e-01 7.287040948867797852e-01 1.511666536331176758e+00 -6.133122369647026062e-02 -2.063151299953460693e-01 3.327483832836151123e-01 9.181236624717712402e-01
-5.695422291755676270e-01 7.233312129974365234e-01 1.509577393531799316e+00 -6.939755380153656006e-02 -2.096222639083862305e-01 3.237847983837127686e-01 9.200032353401184082e-01
-5.803458094596862793e-01 7.198007106781005859e-01 1.507978558540344238e+00 -7.757356017827987671e-02 -2.142593860626220703e-01 3.151735663414001465e-01 9.212713837623596191e-01
-5.947675704956054688e-01 7.157793641090393066e-01 1.504402160644531250e+00 -8.526293188333511353e-02 -2.173153460025787354e-01 3.063935637474060059e-01 9.228366017341613770e-01
-6.092037558555603027e-01 7.140290141105651855e-01 1.497757673263549805e+00 -9.125716239213943481e-02 -2.199839502573013306e-01 2.982558608055114746e-01 9.242957830429077148e-01
-6.229381561279296875e-01 7.096748352050781250e-01 1.493335604667663574e+00 -9.865380823612213135e-02 -2.231169492006301880e-01 2.899758219718933105e-01 9.254190325736999512e-01
-6.373822689056396484e-01 7.052841186523437500e-01 1.488562583923339844e+00 -1.055180430412292480e-01 -2.259647250175476074e-01 2.823655307292938232e-01 9.263237714767456055e-01
-6.507871150970458984e-01 7.002782821655273438e-01 1.483443737030029297e+00 -1.125673577189445496e-01 -2.291307002305984497e-01 2.749969363212585449e-01 9.269328713417053223e-01
-6.654423475265502930e-01 6.953598260879516602e-01 1.477795362472534180e+00 -1.189959719777107239e-01 -2.314174771308898926e-01 2.681286334991455078e-01 9.275737404823303223e-01
-6.793678998947143555e-01 6.901378631591796875e-01 1.472712993621826172e+00 -1.254091113805770874e-01 -2.343101054430007935e-01 2.615138590335845947e-01 9.278911352157592773e-01
-6.935830712318420410e-01 6.842537522315979004e-01 1.465716004371643066e+00 -1.315203160047531128e-01 -2.366199046373367310e-01 2.545943558216094971e-01 9.283831119537353516e-01
-7.089396715164184570e-01 6.785500645637512207e-01 1.459322929382324219e+00 -1.373282372951507568e-01 -2.385549098253250122e-01 2.487776875495910645e-01 9.286238551139831543e-01
-7.243540287017822266e-01 6.719276309013366699e-01 1.453132867813110352e+00 -1.434900909662246704e-01 -2.406041920185089111e-01 2.428841590881347656e-01 9.287236332893371582e-01
-7.408043146133422852e-01 6.650918722152709961e-01 1.446404695510864258e+00 -1.492774784564971924e-01 -2.420145571231842041e-01 2.369562387466430664e-01 9.289762973785400391e-01
-7.556346654891967773e-01 6.575070023536682129e-01 1.439443826675415039e+00 -1.551263034343719482e-01 -2.437009960412979126e-01 2.312149107456207275e-01 9.290238618850708008e-01
-7.721625566482543945e-01 6.490374803543090820e-01 1.431113719940185547e+00 -1.608107984066009521e-01 -2.449017763137817383e-01 2.256257832050323486e-01 9.291157126426696777e-01
-7.843181490898132324e-01 6.388667821884155273e-01 1.419276833534240723e+00 -1.666681319475173950e-01 -2.460433393716812134e-01 2.199711054563522339e-01 9.291378259658813477e-01
-7.940136194229125977e-01 6.283932924270629883e-01 1.405867695808410645e+00 -1.721924841403961182e-01 -2.471186518669128418e-01 2.144104391336441040e-01 9.291449785232543945e-01
-8.027065992355346680e-01 6.184003353118896484e-01 1.392139077186584473e+00 -1.777234673500061035e-01 -2.480139881372451782e-01 2.090101391077041626e-01 9.290953874588012695e-01
-8.101018667221069336e-01 6.087814569473266602e-01 1.379025578498840332e+00 -1.834764033555984497e-01 -2.493549883365631104e-01 2.039118707180023193e-01 9.287510514259338379e-01
-8.177366256713867188e-01 5.985275506973266602e-01 1.365774869918823242e+00 -1.892762482166290283e-01 -2.502436935901641846e-01 1.981937289237976074e-01 9.285860061645507812e-01
-8.242893815040588379e-01 5.870657563209533691e-01 1.352174878120422363e+00 -1.954274922609329224e-01 -2.511322498321533203e-01 1.924894303083419800e-01 9.282718300819396973e-01
-8.325671553611755371e-01 5.753976106643676758e-01 1.338560581207275391e+00 -2.014636993408203125e-01 -2.510558962821960449e-01 1.859657168388366699e-01 9.283318519592285156e-01
-8.390998840332031250e-01 5.635913014411926270e-01 1.325984120368957520e+00 -2.076816558837890625e-01 -2.512776851654052734e-01 1.797374933958053589e-01 9.281284213066101074e-01
-8.453630208969116211e-01 5.510906577110290527e-01 1.313378453254699707e+00 -2.140903025865554810e-01 -2.516790032386779785e-01 1.730700284242630005e-01 9.278306961059570312e-01
-8.512769341468811035e-01 5.380547642707824707e-01 1.301057934761047363e+00 -2.207683026790618896e-01 -2.517885863780975342e-01 1.665762960910797119e-01 9.274245500564575195e-01
-8.572334051132202148e-01 5.242727398872375488e-01 1.288589477539062500e+00 -2.273320257663726807e-01 -2.519801557064056396e-01 1.595072299242019653e-01 9.270294308662414551e-01
-8.622197508811950684e-01 5.111107826232910156e-01 1.276395082473754883e+00 -2.337976694107055664e-01 -2.523758113384246826e-01 1.528851985931396484e-01 9.264293313026428223e-01
-8.680306673049926758e-01 4.973101913928985596e-01 1.264371871948242188e+00 -2.404558360576629639e-01 -2.521942555904388428e-01 1.452790051698684692e-01 9.259984493255615234e-01
-8.730407953262329102e-01 4.832844734191894531e-01 1.253064632415771484e+00 -2.472341358661651611e-01 -2.521149516105651855e-01 1.375488191843032837e-01 9.254153966903686523e-01
-8.776417970657348633e-01 4.690187275409698486e-01 1.242284178733825684e+00 -2.545493543148040771e-01 -2.520023584365844727e-01 1.297000199556350708e-01 9.245958328247070312e-01
-8.824438452720642090e-01 4.536746740341186523e-01 1.231442213058471680e+00 -2.620428204536437988e-01 -2.514416873455047607e-01 1.210937947034835815e-01 9.238219857215881348e-01
-8.872564435005187988e-01 4.384688735008239746e-01 1.220672369003295898e+00 -2.697008848190307617e-01 -2.508515417575836182e-01 1.128712892532348633e-01 9.228190779685974121e-01
-8.917553424835205078e-01 4.233741164207458496e-01 1.210780501365661621e+00 -2.774493992328643799e-01 -2.503718733787536621e-01 1.039097160100936890e-01 9.217041730880737305e-01
-8.965432047843933105e-01 4.088652431964874268e-01 1.200147271156311035e+00 -2.847671210765838623e-01 -2.494774162769317627e-01 9.529627859592437744e-02 9.206451177597045898e-01
-9.000888466835021973e-01 3.937360048294067383e-01 1.189743638038635254e+00 -2.923868000507354736e-01 -2.489334046840667725e-01 8.651160448789596558e-02 9.192702770233154297e-01
-9.046479463577270508e-01 3.790960907936096191e-01 1.179853200912475586e+00 -2.999204993247985840e-01 -2.481152266263961792e-01 7.734649628400802612e-02 9.178802371025085449e-01
-9.086786508560180664e-01 3.642678856849670410e-01 1.170314788818359375e+00 -3.075903058052062988e-01 -2.472437471151351929e-01 6.833006441593170166e-02 9.162912964820861816e-01
-9.123613238334655762e-01 3.496264219284057617e-01 1.160725831985473633e+00 -3.150491714477539062e-01 -2.466203421354293823e-01 5.934998020529747009e-02 9.145491123199462891e-01
-9.162450432777404785e-01 3.352600336074829102e-01 1.150907039642333984e+00 -3.223267197608947754e-01 -2.457390129566192627e-01 5.022824183106422424e-02 9.127951860427856445e-01
-9.198046326637268066e-01 3.204428851604461670e-01 1.141571283340454102e+00 -3.298174440860748291e-01 -2.450564801692962646e-01 4.101889953017234802e-02 9.107607603073120117e-01
-9.232817888259887695e-01 3.058784008026123047e-01 1.132119774818420410e+00 -3.372990190982818604e-01 -2.443902194499969482e-01 3.216937929391860962e-02 9.085527062416076660e-01
-9.271858930587768555e-01 2.913729250431060791e-01 1.122619628906250000e+00 -3.444466590881347656e-01 -2.432888001203536987e-01 2.288325875997543335e-02 9.064455032348632812e-01
-9.307160377502441406e-01 2.781844437122344971e-01 1.113908529281616211e+00 -3.515367209911346436e-01 -2.423002719879150391e-01 1.387709379196166992e-02 9.041681289672851562e-01
