2.764172554897869816e+01
2.764172554897869816e+01
2.738826297156374778e+01
2.723884795882104370e+01
2.723884795882104370e+01
2.700420460062015593e+01
2.700420460062015593e+01
2.678401465613860566e+01
2.678401465613860566e+01
2.653318288626576305e+01
2.653318288626576305e+01
2.632467276254939392e+01
2.632467276254939392e+01
2.608818796520532501e+01
2.597513065845901181e+01
2.588521880857549462e+01
2.579699227449824761e+01
2.570429700530959494e+01
2.596778292992207327e+01
2.587246928203182250e+01
2.577933418423205225e+01
2.577825261824274605e+01
2.584263733413408559e+01
2.593418243165994497e+01
2.597542842612348934e+01
2.597336514769510174e+01
2.584583368464451425e+01
2.582942675435837998e+01
2.582874523707210201e+01
2.589284115063978220e+01
2.590181404493667117e+01
2.585538541957311409e+01
2.569520744246472432e+01
2.557369024706048322e+01
2.543459151705980403e+01
2.517609798290369838e+01
2.497994872145256551e+01
2.476525391402009291e+01
2.453315144181290464e+01
2.435412028962883824e+01
2.414600457266232425e+01
2.394204245497415684e+01
2.375702788121058617e+01
2.359853567473755120e+01
2.342506214095453032e+01
2.325123798828856536e+01
2.306863644456765883e+01
2.285663144102443312e+01
2.265294560615929242e+01
2.259007651702501818e+01
2.242729839341107834e+01
2.227338396935475373e+01
2.209533159124893231e+01
2.193943074973372376e+01
2.182645695194468161e+01
2.167228115329659488e+01
2.153887123865979092e+01
2.139663947932540822e+01
2.133590879907226068e+01
2.121173220869913223e+01
2.106536112522010740e+01
2.090451886403129578e+01
2.077822181703822224e+01
2.061193659816457568e+01
2.049407085655897731e+01
2.046535973549082854e+01
2.046532953452696191e+01
2.031970248238140897e+01
2.010750124593745269e+01
2.024605214729059455e+01
2.010657082124981443e+01
1.996357481158014124e+01
1.983232253059043870e+01
1.975884850867680598e+01
1.962115023548461679e+01
1.951419101032131209e+01
1.936087424871239548e+01
1.922320959338340884e+01
1.908652681883102176e+01
1.889763831967925967e+01
1.875016067301017841e+01
1.857272364030992406e+01
1.840498715321946577e+01
1.824548976543104217e+01
1.806498602503182127e+01
1.790868476889304262e+01
1.767845762074269444e+01
1.748775487404902051e+01
1.728779213481555388e+01
1.707184439874261273e+01
1.687250861391066792e+01
1.664842644004746930e+01
1.642233256549712550e+01
1.619100227280718940e+01
1.594958722214456515e+01
1.571561594897534953e+01
1.551287152020426063e+01
1.526747666881748700e+01
1.502683212896466181e+01
1.479333707753229454e+01
1.454981379859511748e+01
1.430810935824109364e+01
1.405522236209812803e+01
1.380496061186609857e+01
1.353580980055264504e+01
1.327412167295939405e+01
1.301432814461350063e+01
1.274445461768693200e+01
1.247234021695456896e+01
1.219538065431760998e+01
1.190286114204627665e+01
1.162487992895989919e+01
1.133975358117735510e+01
1.106736302020575735e+01
1.079091007610572284e+01
1.051582862528489493e+01
1.023321058267223549e+01
9.965845071361599139e+00
9.709704645871624962e+00
9.464728937794689045e+00
9.223858713111834362e+00
8.992954218836363367e+00
8.776928938506346256e+00
8.563270588484574120e+00
8.351331336182500564e+00
8.151590664393047803e+00
7.962050871819476683e+00
7.787254635524709201e+00
7.617410155620273571e+00
7.449926809189813426e+00
7.301229711308767634e+00
7.162992481768611697e+00
7.039246333460951632e+00
6.929538379848725782e+00
6.818446482846361789e+00
6.719610746357062681e+00
6.615256408153179279e+00
6.505116831512438580e+00
6.413358370825612553e+00
6.332837523020483417e+00
6.262085337363309634e+00
6.195551572549089059e+00
6.130911430436498222e+00
6.075829801060024238e+00
6.011905394558610283e+00
5.969770058402112056e+00
5.913918330759898367e+00
5.874223908894478541e+00
5.832467635269768635e+00
5.795135558492930272e+00
5.786855086388090541e+00
5.790929494001957778e+00
5.780042691175093950e+00
5.752713368381002113e+00
5.727195824941333058e+00
5.733687890296057077e+00
5.725418122482473393e+00
5.715449937263915814e+00
5.700904733137591052e+00
5.666527995601217782e+00
5.649591182035930359e+00
5.608557911356708559e+00
5.583047612616802269e+00
5.550541738865483410e+00
5.497621829920319669e+00
5.454670370444272720e+00
5.403282881350225608e+00
5.343059668986544608e+00
5.290020450650608552e+00
5.229336510434354324e+00
5.170135386193678073e+00
5.114260302095594568e+00
5.059618270048826361e+00
5.016409042003576957e+00
4.979886320330678018e+00
4.948695791284922763e+00
4.926454881980451006e+00
4.908281978453700845e+00
4.889800463243705764e+00
4.880133990246690701e+00
4.872773771759554506e+00
4.867055092209795930e+00
4.858431442207905349e+00
4.850788897895618845e+00
4.841399671242371028e+00
4.827132430561501764e+00
4.813868008096306994e+00
4.797793094257880142e+00
4.779080257267082743e+00
4.759503649986086771e+00
4.737031475765469679e+00
4.717352698530856259e+00
4.693671464179370645e+00
4.668410408736651362e+00
4.639866328887201519e+00
4.609875622791946626e+00
4.580329742037555718e+00
4.549778097455572379e+00
4.515669795882505611e+00
4.482268357908449019e+00
4.446739996435585596e+00
4.409525675343669349e+00
4.373400968460327221e+00
4.335921689522688638e+00
4.296782354303179119e+00
4.258029744839678443e+00
4.219109116744689914e+00
4.179922010023918943e+00
4.141532742867340744e+00
4.100506569483460595e+00
4.061673265697784529e+00
4.019316764787820517e+00
3.979541391071144574e+00
3.935449332078000850e+00
3.893555712776539224e+00
3.853361690272006257e+00
3.811648276320266149e+00
3.770901718413782078e+00
3.728796544467307683e+00
3.687758844412751813e+00
3.642879626137276006e+00
3.595363908543230735e+00
3.548411355212991225e+00
3.499963051254333379e+00
3.429925863615181925e+00
3.380924346962775218e+00
3.325336055699825266e+00
3.270083488511577485e+00
3.209237655356709240e+00
3.147403887429128133e+00
3.088241827254922356e+00
3.019331815775839090e+00
2.944477078199295050e+00
2.868128928190035509e+00
2.804351592875519827e+00
2.722661891007824408e+00
2.646595004837426046e+00
2.562458749687209547e+00
2.481334380365801451e+00
2.406440851315874596e+00
2.344204036360729049e+00
2.280457772313063458e+00
2.224849420832473612e+00
2.174707174317560998e+00
2.136837887328507435e+00
2.103061856349011549e+00
2.081078802103647263e+00
2.047979143566468707e+00
2.040969805576562379e+00
2.017705320110824374e+00
2.005415011013841564e+00
2.019289690440761120e+00
1.998191568826857889e+00
1.990305247139392719e+00
1.984657631686886248e+00
1.968890364971390028e+00
1.935804038293465368e+00
1.893706399349184721e+00
1.846164832258899935e+00
1.805256200058270366e+00
1.756037635624135618e+00
1.703225565753733406e+00
1.670230460731463751e+00
1.620827993262746958e+00
1.585428429294232444e+00
1.543857508629319142e+00
1.502006564963746627e+00
1.457975090278861074e+00
1.439578770405148589e+00
1.422523665819049654e+00
1.426259839697628706e+00
1.448272117132340497e+00
1.427833580270000624e+00
1.404506145696185371e+00
1.379665197908451546e+00
1.339582245467028088e+00
1.302211191964758541e+00
1.266601147333503263e+00
1.257178173949476729e+00
1.238495005905924984e+00
1.219395635634743513e+00
1.214940466929803620e+00
1.207880026330716561e+00
1.200456305564298276e+00
1.218047545529415743e+00
1.219317646379668219e+00
1.222373368386612924e+00
1.225958327418933180e+00
1.247514544329874298e+00
1.278692473804266427e+00
1.392290233701782398e+00
1.543967551414812789e+00
1.704109168557202736e+00
1.863770182858278446e+00
2.026704642580742899e+00
2.207652299803203988e+00
2.377830550235298546e+00
2.548036996391541464e+00
2.724027620381157533e+00
2.901661095609785690e+00
3.084638266520112637e+00
3.267811100770117605e+00
3.446396776288246144e+00
3.622861213963243898e+00
3.796892366974155664e+00
3.975794641274379870e+00
4.153026333436987017e+00
4.321029606022378289e+00
4.493184913349214327e+00
4.674316439684645275e+00
4.839559036480959975e+00
5.005092060633423046e+00
5.172716266616042446e+00
5.340374783066565101e+00
5.506625866213312293e+00
5.673588907126259073e+00
5.837880938216166271e+00
5.988299782605000843e+00
