2.718550790841121412e+01
2.718550790841121412e+01
2.698404674795278169e+01
2.687127359834636309e+01
2.676649989904625571e+01
2.676649989904625571e+01
2.654818577878038610e+01
2.654818577878038610e+01
2.631557020663489510e+01
2.631557020663489510e+01
2.613375484340092925e+01
2.613375484340092925e+01
2.600796470553980555e+01
2.590030911029896998e+01
2.583371751178885134e+01
2.576333672127480767e+01
2.592468869977044221e+01
2.585145015149829817e+01
2.578300428220637741e+01
2.571383154683580585e+01
2.570550762387690114e+01
2.582526352150073379e+01
2.588064342866486101e+01
2.590389219916489338e+01
2.602018755402981043e+01
2.604293961403996605e+01
2.606039451580068445e+01
2.605625169207136338e+01
2.603518646299907502e+01
2.603231161864162857e+01
2.606650690825741634e+01
2.610646257549526084e+01
2.609876461479123932e+01
2.598396559331510502e+01
2.577527068407752608e+01
2.550756960855382616e+01
2.531785539605650825e+01
2.518190775210952737e+01
2.488491647129430007e+01
2.473559760831771115e+01
2.448641649914252483e+01
2.430744628476629998e+01
2.409113152555138271e+01
2.383497927285074169e+01
2.367524659504864104e+01
2.349855489798558494e+01
2.329032170381997346e+01
2.319375007602263494e+01
2.302252342317721201e+01
2.284306529355305315e+01
2.271025431148165197e+01
2.252663388538372402e+01
2.236242273037090555e+01
2.212623610137897145e+01
2.202025476478012322e+01
2.186257109088460382e+01
2.169340233312034627e+01
2.152245472561038753e+01
2.136858532404040645e+01
2.122922546140456035e+01
2.107966047055359482e+01
2.098519228089221400e+01
2.085725649608281884e+01
2.076441991681352306e+01
2.068847140726950684e+01
2.056009178304379503e+01
2.042448521714439380e+01
2.028046248802459317e+01
2.014861520766172731e+01
2.005412531572786250e+01
1.987110022288804601e+01
1.985083749858218738e+01
1.977077352827164702e+01
1.948136413249861931e+01
1.938595710745688194e+01
1.923225991009934077e+01
1.899004629060410210e+01
1.886654401370605427e+01
1.868420527514819440e+01
1.852392546364932713e+01
1.835369703664640895e+01
1.818884327097132569e+01
1.805617992186983400e+01
1.789152245971165911e+01
1.772055798246433156e+01
1.754321938404331860e+01
1.725759521806175911e+01
1.703639150952183456e+01
1.683582557830176185e+01
1.665272336240721529e+01
1.643030672017312455e+01
1.619694877143539813e+01
1.595901864448770624e+01
1.578436609948699143e+01
1.554474192019825907e+01
1.530901079935236275e+01
1.507190917225886650e+01
1.482560875198193884e+01
1.464570444202869837e+01
1.440160872245146884e+01
1.415749770111834493e+01
1.391686249581457524e+01
1.367607230212946057e+01
1.343113644715414701e+01
1.317538630386016152e+01
1.291309367238734751e+01
1.265652937660836130e+01
1.238851480292039930e+01
1.211291298444697162e+01
1.184708867534568100e+01
1.156552309133998691e+01
1.128708921330253290e+01
1.101508742030436672e+01
1.074813160773753218e+01
1.048094182885126990e+01
1.020933737948410958e+01
9.940388181340303220e+00
9.680280938891788978e+00
9.432219357051524256e+00
9.196640559828272998e+00
8.962673876707413001e+00
8.740433565242346603e+00
8.523976281325095883e+00
8.316157081776971438e+00
8.122426983597053507e+00
7.931385806974104113e+00
7.743774677758198166e+00
7.579972066390055829e+00
7.416754117695107951e+00
7.249164630984763491e+00
7.113235578443271478e+00
6.968903597003354378e+00
6.852535619291458602e+00
6.753147889402661974e+00
6.640128410888511468e+00
6.564019012317857005e+00
6.484755191958587517e+00
6.357739456687795609e+00
6.280536387040115187e+00
6.210408273203395169e+00
6.124909398257635473e+00
6.078532635105446502e+00
6.017459335829489220e+00
5.950065061940854605e+00
5.901240520112597920e+00
5.856496140823498564e+00
5.817598014701410136e+00
5.784413691340290598e+00
5.737109168274859172e+00
5.713749708531107530e+00
5.667984863281652963e+00
5.664740086186743184e+00
5.660720592209226965e+00
5.650490853585075968e+00
5.638957916656256231e+00
5.640318790007821548e+00
5.612426625051014639e+00
5.619581058012766306e+00
5.601056556146215115e+00
5.584891540628117212e+00
5.564256342223210083e+00
5.516294273045879493e+00
5.496201115804876025e+00
5.448340361896264028e+00
5.390480032007289424e+00
5.348104739988986722e+00
5.305255479914503525e+00
5.240462736974325964e+00
5.187218750855414839e+00
5.124617457224729833e+00
5.070331926427599001e+00
5.018316393607531012e+00
4.968044842649298687e+00
4.923408798097245409e+00
4.889014622263516685e+00
4.858881088727599717e+00
4.837616014004993303e+00
4.818809287989640922e+00
4.803904019656975777e+00
4.794328311114774976e+00
4.787499216610449082e+00
4.780737237539966600e+00
4.773751073147199264e+00
4.765052706536653915e+00
4.754608378078934550e+00
4.742600230583267518e+00
4.727634476204418235e+00
4.712780883765883999e+00
4.692395974659596902e+00
4.677259422458611482e+00
4.655777999696717018e+00
4.634906281488643032e+00
4.612197329499569065e+00
4.586668642674638363e+00
4.560539852679355022e+00
4.532534347431070643e+00
4.504072451753394546e+00
4.473430261336094560e+00
4.441209731238515701e+00
4.409362584193356582e+00
4.377098984774548285e+00
4.344537906643619607e+00
4.309651138403822301e+00
4.275321630835748010e+00
4.239957219939423538e+00
4.201921151214921935e+00
4.167412007001253471e+00
4.129601151102445300e+00
4.092612748281130308e+00
4.056682102289681069e+00
4.019425150526924284e+00
3.982021828286942622e+00
3.940682556088820121e+00
3.904330813293956481e+00
3.866736218233064903e+00
3.827737529697380126e+00
3.788538683570358501e+00
3.747934582488465338e+00
3.709447124661902961e+00
3.672132214111151427e+00
3.630736305017435939e+00
3.586715326211749044e+00
3.543278672925413986e+00
3.485763109237236534e+00
3.439897112382862332e+00
3.393176699125927342e+00
3.345994709966308989e+00
3.292064633573787091e+00
3.239026359840465830e+00
3.185627715687054717e+00
3.135190623472247751e+00
3.072420950853608446e+00
3.012183178444679754e+00
2.938308807202986372e+00
2.866342133966000461e+00
2.796917507543067671e+00
2.717676428018041435e+00
2.637734229789483464e+00
2.573727896231865486e+00
2.510657252924357152e+00
2.441850107514426327e+00
2.384652934008791192e+00
2.335452852593540740e+00
2.278069029910462007e+00
2.230763917894211801e+00
2.204713373317645164e+00
2.176584414371937726e+00
2.151244032838608433e+00
2.140708062645057197e+00
2.121859750875941586e+00
2.117643539458100577e+00
2.126984413862452072e+00
2.126020988551907465e+00
2.120730961176697349e+00
2.102554961808703382e+00
2.090315984997790366e+00
2.063842375664528106e+00
2.025974682974059249e+00
1.994617658802596338e+00
1.955801373470059445e+00
1.911893872028851860e+00
1.859301191392244590e+00
1.816163771650089132e+00
1.768473892743664067e+00
1.717348354843878155e+00
1.681523794714884446e+00
1.649550358797505112e+00
1.642052356371767274e+00
1.630349822890362788e+00
1.609511882667256089e+00
1.608791331966312299e+00
1.593333620412860085e+00
1.582385919923563478e+00
1.552832739612632906e+00
1.541737538243495464e+00
1.529202083971327397e+00
1.507148763984574202e+00
1.485474217480803105e+00
1.464447251967548880e+00
1.466633223117408846e+00
1.466845011947647492e+00
1.466213884888901475e+00
1.474687734937557337e+00
1.484131123387051332e+00
1.497737013556768915e+00
1.502533112017616190e+00
1.524107157029966686e+00
1.555303479886919860e+00
1.589261260284722255e+00
1.648639420739247186e+00
1.758830869468813063e+00
1.917767795831124999e+00
2.099708965360242985e+00
2.281615709705132389e+00
2.453976594922274046e+00
2.646777129883016499e+00
2.830682935029901870e+00
3.007543937255402255e+00
3.202994225542180828e+00
3.385336699599669430e+00
3.576916306054112482e+00
3.762844124806179025e+00
3.954490663110604487e+00
4.139446630824327400e+00
4.325533801950463442e+00
4.510098474209751629e+00
4.698384278277938364e+00
4.877812626947651609e+00
5.054272422259472819e+00
5.230968251547544412e+00
5.411063640742309389e+00
5.585628271439034620e+00
5.760338729874739272e+00
5.936261448450693479e+00
6.122745257095946414e+00
6.293596370832098330e+00
6.464202597178505982e+00
6.622054460035048606e+00
