2.801812627593616511e+01
2.801812627593616511e+01
2.774816935286562369e+01
2.774816935286562369e+01
2.749516764002391156e+01
2.749516764002391156e+01
2.729755866541098897e+01
2.729755866541098897e+01
2.710604746860014558e+01
2.710604746860014558e+01
2.690551880454900768e+01
2.690551880454900768e+01
2.673030302876686548e+01
2.673030302876686548e+01
2.653655689909682280e+01
2.647482792832342824e+01
2.634057105270963817e+01
2.642866431053717235e+01
2.634252824856473296e+01
2.629208360593428395e+01
2.629549473673775495e+01
2.630386262944166376e+01
2.637348046090967557e+01
2.646658087750817501e+01
2.647505548197250036e+01
2.640230528832345414e+01
2.640745753711795274e+01
2.639696472619302980e+01
2.637965452920413867e+01
2.637452902769792829e+01
2.639648866707700137e+01
2.641319136321711625e+01
2.631344225042623464e+01
2.621384384085314778e+01
2.600372557694358377e+01
2.576363359366416006e+01
2.555650146094392738e+01
2.533737513687884402e+01
2.505508982945956120e+01
2.476731029730570910e+01
2.446385442875804372e+01
2.436193169040734219e+01
2.417082497257956675e+01
2.398253415368091623e+01
2.370229620230113099e+01
2.351832919098543684e+01
2.322563535046722194e+01
2.306600179499012171e+01
2.289327084706224724e+01
2.239937459653982543e+01
2.223431174905759278e+01
2.205085414631487595e+01
2.186981978815647665e+01
2.172154096726677608e+01
2.155960298398646202e+01
2.142519755844573837e+01
2.127642138365548874e+01
2.115170451523249540e+01
2.104363484019468089e+01
2.087456632940989110e+01
2.070839349762515624e+01
2.058710520817247058e+01
2.041800679576709499e+01
2.030408512727290926e+01
2.013640621533021147e+01
2.003897169092972064e+01
1.990374155527165811e+01
1.979070602963867032e+01
1.965179027022402281e+01
1.959083632696149024e+01
1.945794813132206968e+01
1.931682477822360866e+01
1.917378509158632838e+01
1.902274275464430531e+01
1.888279603852058131e+01
1.877266170495024511e+01
1.862099732321994949e+01
1.846050740555102720e+01
1.828234201900568934e+01
1.813303118779998613e+01
1.797692717547071339e+01
1.780793113659375138e+01
1.766744337840741963e+01
1.747570787292482564e+01
1.730228761547773431e+01
1.707497630885162110e+01
1.685683620020225248e+01
1.666943453065273673e+01
1.647110939195338020e+01
1.625545820904378047e+01
1.607181280530524958e+01
1.585353576482902405e+01
1.565929334073836188e+01
1.543756540410317868e+01
1.521543809311761031e+01
1.499284926690981656e+01
1.477438960859235983e+01
1.454309454198473261e+01
1.431314044881795056e+01
1.407763579300674373e+01
1.384322203504057214e+01
1.360560281157234996e+01
1.336576341845041682e+01
1.311944876045586916e+01
1.286088877248251094e+01
1.261153938080905590e+01
1.235365445207986390e+01
1.209423213122043350e+01
1.183162114564355782e+01
1.156084296707864034e+01
1.129062582138288207e+01
1.101849466043119108e+01
1.075599054500956520e+01
1.049137870528778116e+01
1.022861132834132292e+01
9.966664785172621777e+00
9.703066404073471318e+00
9.446622317852289896e+00
9.207347924080613311e+00
8.975878616702450685e+00
8.743787920078139209e+00
8.527531836014798472e+00
8.324252568273438513e+00
8.124347089146692014e+00
7.931388911723717072e+00
7.759234530553012377e+00
7.577636824043327834e+00
7.413176521587299561e+00
7.258195328579489569e+00
7.102821828638951729e+00
6.957942962535987874e+00
6.839851329479177622e+00
6.730925577327919740e+00
6.637178941044645342e+00
6.543263989809524617e+00
6.459428186545732586e+00
6.378029599659399196e+00
6.265084195013617574e+00
6.200104156552693979e+00
6.116160003459448546e+00
6.044978663643451711e+00
5.998390054768069746e+00
5.931974349834817417e+00
5.878404117887782832e+00
5.807067622514924921e+00
5.772347783277844258e+00
5.735691462759472614e+00
5.706229806563637652e+00
5.661787310752991687e+00
5.643125711745064166e+00
5.619509402682897559e+00
5.614361928930044598e+00
5.577915274750612440e+00
5.570191300820106051e+00
5.565777090465690691e+00
5.558771120269916821e+00
5.559324811376381348e+00
5.548621771622205046e+00
5.532355318240938402e+00
5.509030915323307909e+00
5.472075580703105402e+00
5.452630682395909645e+00
5.415124350218363247e+00
5.376148302304738280e+00
5.341088283647103196e+00
5.300826085565137902e+00
5.249319751371988474e+00
5.192265624889344622e+00
5.137634890056713033e+00
5.076311428617287902e+00
5.025776338273086452e+00
4.973817049948362268e+00
4.929274453128677180e+00
4.887077415513235934e+00
4.854197375435585826e+00
4.829344386171534609e+00
4.808767883832363310e+00
4.788397026891665575e+00
4.775383061378832394e+00
4.762951074228428894e+00
4.757364983281561877e+00
4.751268356529223524e+00
4.744899829094258337e+00
4.736431549255637918e+00
4.727401541929879158e+00
4.716249181503037846e+00
4.703746339576039048e+00
4.688823486614008829e+00
4.672182948256519808e+00
4.654682070882454781e+00
4.634633135140170168e+00
4.614095437378946230e+00
4.591378223771684475e+00
4.567520172836029957e+00
4.541447137179982718e+00
4.512922108386497655e+00
4.485464214071765099e+00
4.457325322673039381e+00
4.427964164185354434e+00
4.396082880665804993e+00
4.366399565210805633e+00
4.332953104896702712e+00
4.299652996120894244e+00
4.265869255543975669e+00
4.232337682359098352e+00
4.197666256808723517e+00
4.164041076865913737e+00
4.129997592346430935e+00
4.095672218090143701e+00
4.059044625769796966e+00
4.024227175836358583e+00
3.987940992998439071e+00
3.953530921909560902e+00
3.919610019557971725e+00
3.884167714613951716e+00
3.849290481831367572e+00
3.815016483740574671e+00
3.779096587251952855e+00
3.742006187254457217e+00
3.705634157870157708e+00
3.669070619294341640e+00
3.632697296400987597e+00
3.596115437598012221e+00
3.536997628158367490e+00
3.496394822234748290e+00
3.452575146985807919e+00
3.411179478878096916e+00
3.360713576725302687e+00
3.308326360112797460e+00
3.253477945355367495e+00
3.203129196284635327e+00
3.141390717088640372e+00
3.077519398879385193e+00
3.014041227998628614e+00
2.946724874627932422e+00
2.879460777218895373e+00
2.792420411551024273e+00
2.717177036392442346e+00
2.649849124128078159e+00
2.589049196600889502e+00
2.527238179933721796e+00
2.465192091959252707e+00
2.413556491298976425e+00
2.371461246635874431e+00
2.337525132894231916e+00
2.320802308960178806e+00
2.288633210867878631e+00
2.265973839149165059e+00
2.252614148508541803e+00
2.238718320439577525e+00
2.234706367417025774e+00
2.249169004421524676e+00
2.237380836912723936e+00
2.241489219785943732e+00
2.221487234373828556e+00
2.196263909829088590e+00
2.158493369093143599e+00
2.119599797412330844e+00
2.093315168343941934e+00
2.058969680498552890e+00
2.011562850409063685e+00
1.970070426828964827e+00
1.928440369854790504e+00
1.896005141989029141e+00
1.867342030694150168e+00
1.833804124963883453e+00
1.805458195255663867e+00
1.782203988049253951e+00
1.778463678637859147e+00
1.771365580208119184e+00
1.774155052112678987e+00
1.757160967741906887e+00
1.746453249007114294e+00
1.728039065009351560e+00
1.711704456986062439e+00
1.696600728991111140e+00
1.673144821908426394e+00
1.679742977670908743e+00
1.658208327992394260e+00
1.653399036134974409e+00
1.656174574854816228e+00
1.656963341162033032e+00
1.672479778959683472e+00
1.697198066007121753e+00
1.710908377417176496e+00
1.725410544130411949e+00
1.749881764411490792e+00
1.779886142388388492e+00
1.813139817394361586e+00
1.865489079243044301e+00
1.977937508087695306e+00
2.126680215227004567e+00
2.295913935244914938e+00
2.462386445740609275e+00
2.636563112868124392e+00
2.812464121250073390e+00
2.987083935754764497e+00
3.164532495613396890e+00
3.339582893009275466e+00
3.519016238692302068e+00
3.697945216623566012e+00
3.882239081617431253e+00
4.060564716699765597e+00
4.238162441282572246e+00
4.411830361765211705e+00
4.585068097291404854e+00
4.758556223584541556e+00
4.930317296372660252e+00
5.118705357152908419e+00
5.290293017851212198e+00
5.457114323710666071e+00
5.624524689857647530e+00
5.789793241664938250e+00
5.955208119887192453e+00
6.123775185611929572e+00
6.287424500190592624e+00
6.451644767047266527e+00
6.602249567763145421e+00
