2.763182610669448636e+01
2.763182610669448636e+01
2.737400592675201594e+01
2.726310323130541491e+01
2.726310323130541491e+01
2.706121943915373507e+01
2.706121943915373507e+01
2.689174000699642875e+01
2.689174000699642875e+01
2.670254159186653808e+01
2.670254159186653808e+01
2.653418115869214233e+01
2.653418115869214233e+01
2.642408153978145791e+01
2.635702411485188890e+01
2.632115541871769082e+01
2.627171348677658358e+01
2.631268594607636757e+01
2.625638674406523876e+01
2.622869093632994719e+01
2.623380917442331395e+01
2.628468748443913938e+01
2.632812359101476929e+01
2.645882385484992838e+01
2.642429140415118383e+01
2.641360560331128937e+01
2.640469855319900105e+01
2.617952170777688181e+01
2.620780445309971185e+01
2.623240304918574495e+01
2.624665759409077381e+01
2.625729832501472316e+01
2.610355847203502577e+01
2.593317945180354300e+01
2.568386777969281098e+01
2.545583749092910963e+01
2.504518074011487982e+01
2.483353785164883121e+01
2.456364801032904666e+01
2.428475950163146990e+01
2.406800184183425628e+01
2.382578034311523751e+01
2.347591445865296578e+01
2.342115623469533503e+01
2.318758160469003471e+01
2.292818956753005111e+01
2.267603336548764048e+01
2.247575557969089033e+01
2.232470699293685712e+01
2.217764609275768350e+01
2.213925569319647479e+01
2.194671909893330053e+01
2.176099825473105298e+01
2.159203483449530836e+01
2.138625140648608536e+01
2.120635034767006388e+01
2.099831981873396103e+01
2.084094249358303941e+01
2.092052751171958391e+01
2.076423247610014400e+01
2.061307822511698618e+01
2.049296329234548253e+01
2.041605903864447669e+01
2.033583625409824691e+01
2.024085472328831159e+01
2.015570351648471359e+01
2.001347227370508719e+01
1.999687244237000527e+01
1.998032753293754737e+01
1.983831957614268404e+01
1.975507217922210401e+01
1.947395558665257553e+01
1.934929963136527320e+01
1.929932846768131327e+01
1.891917244667223130e+01
1.878974012057308229e+01
1.856894229034971033e+01
1.842855611072302935e+01
1.795716407342699839e+01
1.818228119752333427e+01
1.800389622003184087e+01
1.785196568496758474e+01
1.760242686207216067e+01
1.739919349270981286e+01
1.747128497589580221e+01
1.724296842114389960e+01
1.698842892106824820e+01
1.674772035405477766e+01
1.669732201639688896e+01
1.646561625400840256e+01
1.626005213934708138e+01
1.603324906086312751e+01
1.586004698840655180e+01
1.562451806040761326e+01
1.538881402217834804e+01
1.514959409717438277e+01
1.495960572507336295e+01
1.471882316061656937e+01
1.448565326477756798e+01
1.423780457999020577e+01
1.399910818495042975e+01
1.375672629355404908e+01
1.351017028959740607e+01
1.326400460196906295e+01
1.300808827942900692e+01
1.274354702967868569e+01
1.248206939342215804e+01
1.220786750489070016e+01
1.193816565238973659e+01
1.166214935014731857e+01
1.138158558587280744e+01
1.110816899565232774e+01
1.083438284752303638e+01
1.056525184055647060e+01
1.031555539203031380e+01
1.004565757313347163e+01
9.776491977653027021e+00
9.520877623064825102e+00
9.277592854355900087e+00
9.036828369498151048e+00
8.818423157918104494e+00
8.598271190137772635e+00
8.388594357040007665e+00
8.179696300999800940e+00
7.987748777322122962e+00
7.802035208545069267e+00
7.627777287237075043e+00
7.453348777544242409e+00
7.296365085166993225e+00
7.144146509230690612e+00
7.002806945225451329e+00
6.891218883758121194e+00
6.752366103719605661e+00
6.653907808419894820e+00
6.562213738129763385e+00
6.466939533796342232e+00
6.384768032181057151e+00
6.285122815755016745e+00
6.198899919739535136e+00
6.125286326605309029e+00
6.055072595200087449e+00
5.997753536830849441e+00
5.943711303282963598e+00
5.887074421529227664e+00
5.851212396573281183e+00
5.791920823692198184e+00
5.755553363267544853e+00
5.741943758427655808e+00
5.704625457806859146e+00
5.655218534691670129e+00
5.631695373196301091e+00
5.616210017481520822e+00
5.611425429112166796e+00
5.603781296229080056e+00
5.583554740705881869e+00
5.582117205887911382e+00
5.562363835737770046e+00
5.554317787078204560e+00
5.546515691891769961e+00
5.503588194923278110e+00
5.499673764875652182e+00
5.445141642439125462e+00
5.431359345140108985e+00
5.394350095940321665e+00
5.355740670659688618e+00
5.312995106220736119e+00
5.263723603141787777e+00
5.202161325603114506e+00
5.145760388057304624e+00
5.083516417190303116e+00
5.038276678632065853e+00
4.978835364661698293e+00
4.935114084952104463e+00
4.890970249523817870e+00
4.859787027962820360e+00
4.834589619312282593e+00
4.809382284231169535e+00
4.788550197034371791e+00
4.773262300569491856e+00
4.764066600376988703e+00
4.758267491603337618e+00
4.749861071763703535e+00
4.742123721429674532e+00
4.737198091699696079e+00
4.726999426262644022e+00
4.713663710250408201e+00
4.702951050094288377e+00
4.688567685464718693e+00
4.672053325717154593e+00
4.654980666837989389e+00
4.634059630478315484e+00
4.613771749808503131e+00
4.592072348148434457e+00
4.567572283831140112e+00
4.541406660130874684e+00
4.511329583519724906e+00
4.486569808535261217e+00
4.458889789373078116e+00
4.428941751267529980e+00
4.397358470168619249e+00
4.365457459851992184e+00
4.331640418797491066e+00
4.298667114481208529e+00
4.265101400753259497e+00
4.231918258067064897e+00
4.197058619350471531e+00
4.162763925476827609e+00
4.127127154123360953e+00
4.093820765364263536e+00
4.059680897349398521e+00
4.026399342968652206e+00
3.986980561438279835e+00
3.953112863737487714e+00
3.918798294903957924e+00
3.883478933826232549e+00
3.846513009415684081e+00
3.809552139984742070e+00
3.773371147894795996e+00
3.736802752545496986e+00
3.699027623407467047e+00
3.661461710977643946e+00
3.620745365430266816e+00
3.574247343579280312e+00
3.536908692306244717e+00
3.497990242751896517e+00
3.453451367062747579e+00
3.408635224183928614e+00
3.359809793271299583e+00
3.313888685725281391e+00
3.263352821338735055e+00
3.214795341373886117e+00
3.140427915936601977e+00
3.079894588519284326e+00
3.019521507434134833e+00
2.950594295067840989e+00
2.884283812888451592e+00
2.812377128357407940e+00
2.733558297797394232e+00
2.666756175566238340e+00
2.607866687123255645e+00
2.550944531432758566e+00
2.493563082996846703e+00
2.453365014694160351e+00
2.408258264980297270e+00
2.361954987522860705e+00
2.335076434416770041e+00
2.312033296655627623e+00
2.277515084806662315e+00
2.265643805080770790e+00
2.251998777015479902e+00
2.246158789044979898e+00
2.257868097284337239e+00
2.242058880491864414e+00
2.252374996346659941e+00
2.238375515690581352e+00
2.221458421261335303e+00
2.174259073653349361e+00
2.139429836019811404e+00
2.113280256379983513e+00
2.088874172347303215e+00
2.006178296270899608e+00
1.976082082428970210e+00
1.936728802687277096e+00
1.907297872067584166e+00
1.858616352586359710e+00
1.818384198920611539e+00
1.804190027762981430e+00
1.785684611458982829e+00
1.787127874926063953e+00
1.779473888093367151e+00
1.773622597932355660e+00
1.791683972227836819e+00
1.796518041564393542e+00
1.784786696904060221e+00
1.763117411576132554e+00
1.742332360260355983e+00
1.718215004624553899e+00
1.724808628108153385e+00
1.712446474356763559e+00
1.713315384363500726e+00
1.711530241785514050e+00
1.711710797810606977e+00
1.729775771234123738e+00
1.767111412097804646e+00
1.785028564474959722e+00
1.800352132096762148e+00
1.823904251371590846e+00
1.853915613838100995e+00
1.884584221642754187e+00
1.959876870945091554e+00
2.080990743594153258e+00
2.247402377931280171e+00
2.429117973925595919e+00
2.608083452448376249e+00
2.793420215757866032e+00
2.981344786386415535e+00
3.167303291231586826e+00
3.351514021960284140e+00
3.538803274812575950e+00
3.727539657194736122e+00
3.922167602855772373e+00
4.118410472935796207e+00
4.305561437596526986e+00
4.491556407633709114e+00
4.680618749555485181e+00
4.864664818935455770e+00
5.047897872593370749e+00
5.229760806703765752e+00
5.412131086237316424e+00
5.597004613212227753e+00
5.775712877765183606e+00
5.951953408442719251e+00
6.127615004911717733e+00
6.304317773523596458e+00
6.485456542059665708e+00
6.658154248967878885e+00
6.831621251150661323e+00
6.993457136443460342e+00
