2.763742135360288543e+01
2.763742135360288543e+01
2.733623205714029325e+01
2.733623205714029325e+01
2.703839847567005350e+01
2.703839847567005350e+01
2.682579877678434244e+01
2.682579877678434244e+01
2.662900123758339888e+01
2.662900123758339888e+01
2.639451653138268483e+01
2.639451653138268483e+01
2.619220214760410670e+01
2.619220214760410670e+01
2.604944060767087421e+01
2.596306374972781583e+01
2.587565401851072266e+01
2.581386340500345611e+01
2.588183785842372941e+01
2.582913275904370209e+01
2.582664204933368168e+01
2.584258265053440695e+01
2.592768168226977821e+01
2.599456181300892865e+01
2.603916900429188530e+01
2.611092022975976334e+01
2.610622905227429058e+01
2.577267108585457578e+01
2.580653254358113813e+01
2.581940017396871312e+01
2.585995963507834006e+01
2.586303239516683661e+01
2.577533731250293769e+01
2.562663073549785508e+01
2.542196895604353202e+01
2.517450652215767448e+01
2.494739108158747953e+01
2.474680461888375405e+01
2.453825973041146824e+01
2.433409851748191599e+01
2.410141282728080370e+01
2.389984664319646868e+01
2.367172221257273534e+01
2.356423065141811080e+01
2.336523311918203660e+01
2.318091505323354795e+01
2.298462096420141876e+01
2.285453463359310078e+01
2.267856645291174544e+01
2.253765600503652777e+01
2.240218019311642195e+01
2.223940022889133417e+01
2.207540438454862652e+01
2.191474480721660711e+01
2.175015033148434185e+01
2.157722861245860813e+01
2.142613303466209373e+01
2.128629793041834262e+01
2.116989811818798017e+01
2.119320821441050740e+01
2.106792677725178820e+01
2.093496558867512292e+01
2.082194703897382482e+01
2.077463747923660264e+01
2.059676247096051327e+01
2.051775083369206243e+01
2.041350531611845298e+01
2.044095480921486541e+01
2.033258526204215144e+01
2.008078797042752939e+01
1.999048996375379872e+01
1.988486647195372115e+01
1.978221646347815010e+01
1.963956645351984420e+01
1.955128320519538221e+01
1.935227604851890959e+01
1.921982772485039348e+01
1.907798780721590504e+01
1.893600090712458339e+01
1.878480929708497271e+01
1.862519969782928086e+01
1.844023713152825295e+01
1.826789474084274190e+01
1.806788483392267608e+01
1.790225898247101100e+01
1.771663406211791170e+01
1.751118026301955410e+01
1.726738010416194413e+01
1.713540956824850880e+01
1.694282928909589359e+01
1.675392845407172970e+01
1.653576340501639663e+01
1.629212822267172811e+01
1.605175802844203758e+01
1.582679606071198641e+01
1.559176685248370831e+01
1.538021634255170511e+01
1.513517879038204406e+01
1.489832447134881654e+01
1.466764183903265639e+01
1.441714169128495371e+01
1.416282703177853719e+01
1.390471833603360707e+01
1.363891588199949290e+01
1.341596310589226171e+01
1.314689116729601182e+01
1.288264790289345996e+01
1.261935662116733425e+01
1.234180757659272132e+01
1.205758586444499869e+01
1.177778766367195473e+01
1.149436126106587075e+01
1.121332909969803460e+01
1.093778658171971152e+01
1.066636039329764074e+01
1.038990032044534750e+01
1.011366809607392092e+01
9.842593999566920715e+00
9.592546591604953932e+00
9.343239171053250303e+00
9.107343244734734000e+00
8.875851787744521104e+00
8.660932649469705424e+00
8.454865227687811569e+00
8.249569012969967474e+00
8.058302460065721817e+00
7.872189768352876982e+00
7.692235812573223086e+00
7.525349995934430325e+00
7.353633138058008001e+00
7.212635199629758631e+00
7.081390836317453363e+00
6.970889477724242056e+00
6.856239779120656408e+00
6.753039422933781566e+00
6.656036057149549379e+00
6.570492948881682338e+00
6.474856953988606278e+00
6.368044551848679902e+00
6.306644868349099653e+00
6.224050506204388711e+00
6.159429489191637686e+00
6.071260757404740360e+00
6.044799477069783933e+00
5.992540484542953294e+00
5.935732154046931441e+00
5.900296502250593988e+00
5.847395015942264962e+00
5.829078280340041829e+00
5.785202208420081149e+00
5.782535327467538622e+00
5.748291522754723104e+00
5.724771594509110884e+00
5.718279155004175607e+00
5.706258275720546891e+00
5.702772773868751699e+00
5.689869862077493678e+00
5.694835665562795413e+00
5.670795149789235268e+00
5.668609543743627910e+00
5.626330643228389050e+00
5.601130305373661855e+00
5.545503853571229769e+00
5.499633287193301356e+00
5.464795084690845073e+00
5.415060113970785238e+00
5.365382410787372436e+00
5.301446691608202144e+00
5.242513101743732307e+00
5.182510531453271341e+00
5.126784086461515955e+00
5.079833928538775467e+00
5.029758709598361577e+00
4.990258484994800625e+00
4.956571996891110388e+00
4.930284880915301926e+00
4.905212506440111753e+00
4.884429765346098407e+00
4.867813526308719219e+00
4.860879739841177383e+00
4.854997201372459159e+00
4.850816221049335297e+00
4.837385065771879766e+00
4.828965068543244143e+00
4.817454353629599950e+00
4.805759861977939806e+00
4.790570762190320409e+00
4.774780872702208967e+00
4.758261930426417763e+00
4.739375694447808485e+00
4.719574790877707926e+00
4.696998285445602050e+00
4.672168259155835557e+00
4.647030297456637982e+00
4.621995217355159724e+00
4.592571670997770639e+00
4.561858903481788019e+00
4.529676548238551703e+00
4.497345606515072092e+00
4.458239669957890783e+00
4.423404625910702492e+00
4.387849719273603455e+00
4.351250877847036236e+00
4.314395416135635486e+00
4.276633925095531197e+00
4.237289901020858451e+00
4.199401093391507800e+00
4.159664474407453127e+00
4.119920640251560684e+00
4.078754913697189011e+00
4.038978516619039283e+00
3.998944479944839259e+00
3.960493041099717004e+00
3.920853097762567074e+00
3.879065553062631011e+00
3.839360827645386109e+00
3.799908949739730701e+00
3.761912432937851491e+00
3.712788313820119868e+00
3.670915698225893919e+00
3.629903278763812580e+00
3.585239507048836316e+00
3.535802308354124790e+00
3.490460870331752119e+00
3.443371754936116247e+00
3.387128955504024930e+00
3.332507761736344776e+00
3.278334094371267327e+00
3.221311036596947730e+00
3.168806289504388474e+00
3.110499381569493238e+00
3.039134127238391159e+00
2.966105170140107106e+00
2.893618214159367596e+00
2.818412846202487998e+00
2.741358076578723768e+00
2.664696862820655099e+00
2.581933731245726449e+00
2.507432172888673705e+00
2.438920344982864918e+00
2.373893508145911824e+00
2.307676876954467104e+00
2.250466932485814198e+00
2.204739710707986688e+00
2.172263229575595034e+00
2.138732269223851290e+00
2.110361721762352261e+00
2.089229134473800542e+00
2.076511785024727885e+00
2.059800867663341251e+00
2.056704822902013063e+00
2.059051224070941544e+00
2.051156076771633252e+00
2.029601052529393712e+00
2.009593135394073471e+00
1.990557973817985271e+00
1.959542193513819086e+00
1.917704688936961333e+00
1.871936610197504791e+00
1.832637746535784373e+00
1.785872044146696425e+00
1.749590744043768353e+00
1.688449877222915063e+00
1.651925147120252291e+00
1.594955479953885202e+00
1.556977267735675241e+00
1.530999488209186410e+00
1.514694313259713709e+00
1.495713822064704601e+00
1.470725028829704684e+00
1.468615175219913027e+00
1.475130729956809716e+00
1.468058005121537946e+00
1.455519229421952332e+00
1.427203176452884748e+00
1.391623650099621301e+00
1.357319838442222704e+00
1.330321086399219865e+00
1.325729296349617670e+00
1.314230177616401818e+00
1.308476339285753909e+00
1.303332134013356125e+00
1.310591217459730728e+00
1.317770094371365275e+00
1.330328016589358953e+00
1.347107372254551905e+00
1.355642269741142769e+00
1.372108579764134362e+00
1.408651875915740703e+00
1.449153235914454996e+00
1.540210738103834132e+00
1.698492665988897699e+00
1.867031683264848141e+00
2.045807982780168288e+00
2.222963237955497107e+00
2.391615829461574805e+00
2.573805788030785635e+00
2.771819221891242080e+00
2.957175494750075018e+00
3.139892886260597038e+00
3.326571524621833476e+00
3.514738717335085028e+00
3.700806391836227505e+00
3.900799371031947516e+00
4.085577718323996521e+00
4.266155377002693427e+00
4.444013241969361871e+00
4.621968563820541220e+00
4.797864643636831516e+00
4.978225984673031235e+00
5.157483809958851140e+00
5.330172865091988399e+00
5.503805840317173903e+00
5.674231833881080433e+00
5.844523577203478482e+00
6.013729036231655556e+00
6.183079210457599117e+00
6.340238364242328117e+00
