1.149540777608336306e+01
1.149540777608336306e+01
1.091816756974482061e+01
1.065759373712717206e+01
1.065759373712717206e+01
1.019429859876733246e+01
1.019429859876733246e+01
9.680605725827458485e+00
9.680605725827458485e+00
9.198042881453105224e+00
9.198042881453105224e+00
8.724754135311155068e+00
8.724754135311155068e+00
8.295082564007996595e+00
8.059498936191284102e+00
7.821741525954816865e+00
7.592246208721868506e+00
7.276953575494635729e+00
6.977423036899542907e+00
6.663371488088855266e+00
6.330779796863515330e+00
5.945509291173384447e+00
5.605195400136949502e+00
5.285154252850618128e+00
4.982202663623390038e+00
4.693932930341532916e+00
4.428610395957577772e+00
4.440154878254929827e+00
4.145742470216313258e+00
3.831111678983211810e+00
3.527917652015762684e+00
3.214695386801673216e+00
2.920489994119160215e+00
2.677993868579843451e+00
2.498655411018911643e+00
2.294602524227988383e+00
2.265089135181603375e+00
2.066791862040028072e+00
1.881380440935438436e+00
1.681955628141524883e+00
1.503899076826061609e+00
1.282526571491616529e+00
1.019068087184377802e+00
9.555283771006948257e-01
7.420811600940577790e-01
5.255762378546613434e-01
3.090150707415713072e-01
1.326658428134006584e-01
-6.979242729473256190e-03
-1.580951655807734113e-01
-1.546382325781809897e-01
-2.946088147717293992e-01
-4.237323142428017775e-01
-5.328723207540893014e-01
-6.518396466335456552e-01
-7.481809944355699571e-01
-8.478961371990223483e-01
-9.126053160729306057e-01
-8.591850228292683411e-01
-8.964036084082271927e-01
-9.170491797477389184e-01
-9.264336036086078252e-01
-9.093938325884174390e-01
-8.892746033962941610e-01
-8.933225971405800436e-01
-9.133691506934198401e-01
-9.622190049993752936e-01
-9.534068471514771659e-01
-9.579454206662685323e-01
-9.574987560277996579e-01
-1.008039130912246506e+00
-1.214947177888324958e+00
-1.293678134647729294e+00
-1.315750237674706113e+00
-2.321788455441860854e+00
-2.397837677381173371e+00
-2.469531492647218940e+00
-2.608185124723281234e+00
-2.786098131268046174e+00
-2.852596333782386750e+00
-3.017930110774226016e+00
-3.074512530897030693e+00
-3.186219383684806949e+00
-3.340996515849816717e+00
-3.510616526743236321e+00
-3.655639577879904678e+00
-3.769057838365129420e+00
-3.865335246855514661e+00
-3.922780938413577445e+00
-4.003815702241429797e+00
-4.105432932843281257e+00
-4.174173391283849455e+00
-4.230333471689031732e+00
-4.294345232937886614e+00
-4.346734401775680823e+00
-4.396926092333601765e+00
-4.438748998791690603e+00
-4.490836127370387842e+00
-4.543958773514230387e+00
-4.595495739147160030e+00
-4.653193742928484866e+00
-4.703221556807497983e+00
-4.745942756933915874e+00
-4.792130835320589810e+00
-4.834985138663831172e+00
-4.880333431624541696e+00
-4.912591246452524985e+00
-4.935815187618948663e+00
-4.949944139297495660e+00
-4.948476778118562791e+00
-4.922735964395669406e+00
-4.881575899392106344e+00
-4.812480803927494222e+00
-4.723455194737022467e+00
-4.629886227962857426e+00
-4.589806564724637994e+00
-4.520245243000937663e+00
-4.436659221037595913e+00
-4.347954408329758103e+00
-4.261165305575315365e+00
-4.160587456712030452e+00
-4.069837844985422670e+00
-3.982596940826438114e+00
-3.899366678548616072e+00
-3.814311933022879408e+00
-3.731266080346066438e+00
-3.644860758133982692e+00
-3.566310504240184365e+00
-3.489566428025283606e+00
-3.414073860044390507e+00
-3.334277054773056470e+00
-3.250692362241627720e+00
-3.160507987302984212e+00
-3.076969314705769065e+00
-2.992655132061920575e+00
-2.926442269470516777e+00
-2.843748356223087193e+00
-2.791637938455392209e+00
-2.709212708788118817e+00
-2.661260135064980936e+00
-2.609401842885239020e+00
-2.563341695439484091e+00
-2.527210311222644279e+00
-2.492750563707303080e+00
-2.461478354112078826e+00
-2.440375167074845031e+00
-2.399517135649899657e+00
-2.375694806854312446e+00
-2.356092112084410495e+00
-2.338852069633184705e+00
-2.333890239340188799e+00
-2.319517804664189775e+00
-2.315972289048305655e+00
-2.313153021782504482e+00
-2.313788957108123157e+00
-2.303335284505272362e+00
-2.307944107285926805e+00
-2.313622523829721445e+00
-2.290537249314668955e+00
-2.267353740414117524e+00
-2.272171233360649190e+00
-2.234916110144429702e+00
-2.217016293768799606e+00
-2.186837403277155367e+00
-2.168431818217413820e+00
-2.138268522869045007e+00
-2.098951424001630706e+00
-2.081466630562712972e+00
-2.044651908481621483e+00
-2.010959645126304096e+00
-1.975923920445439741e+00
-1.937766707858822990e+00
-1.908092503572705212e+00
-1.882632013023562756e+00
-1.851544083393031670e+00
-1.825023345707716516e+00
-1.814734188519753211e+00
-1.801520411010771205e+00
-1.789785192975274164e+00
-1.781033743817266313e+00
-1.777970222674147394e+00
-1.772347362941641080e+00
-1.765455997915134745e+00
-1.757725426376794964e+00
-1.750812190326605844e+00
-1.740851391125525893e+00
-1.732277680815050402e+00
-1.719095551086368800e+00
-1.703091249416151420e+00
-1.686194963566869376e+00
-1.667556740444332775e+00
-1.646764593687525036e+00
-1.623368686544580441e+00
-1.598580743859592701e+00
-1.569815601067578115e+00
-1.539863521134261504e+00
-1.509203540807444455e+00
-1.476843886709281684e+00
-1.441765570668044560e+00
-1.400608647114247596e+00
-1.361701271755871190e+00
-1.317951491398594577e+00
-1.273839342826909693e+00
-1.226442816988164708e+00
-1.173224761512558167e+00
-1.120245777121420261e+00
-1.066124516107656461e+00
-1.008175663803887012e+00
-9.477828511076440421e-01
-8.854611664750757782e-01
-8.177073185936318822e-01
-7.538562921087699209e-01
-6.833502632979753244e-01
-6.113373109674071770e-01
-5.360406157660824178e-01
-4.599444038213622576e-01
-3.798377175107443549e-01
-2.975596384417000806e-01
-2.144028238830522071e-01
-1.250949175375168920e-01
-3.496674384234044197e-02
5.582463848994922984e-02
1.544051406435773544e-01
2.331320177932383331e-01
3.282683203706220354e-01
4.259167040913443003e-01
5.271161949450533513e-01
6.266861016021127995e-01
7.288663296897688326e-01
8.363637301541952951e-01
9.424533445646394725e-01
1.055287330055993955e+00
1.164561194469817984e+00
1.272573231503869362e+00
1.380336252782607076e+00
1.485682481971547730e+00
1.596165115940405776e+00
1.709497550452198755e+00
1.805454625205570540e+00
1.896700504985783020e+00
1.987129236227348716e+00
2.068401014760584022e+00
2.131632426395539959e+00
2.193618657869710109e+00
2.253936859227532175e+00
2.307471324862023998e+00
2.346273918922350710e+00
2.365396617510908683e+00
2.394916154741239200e+00
2.419209607836840803e+00
2.418224818355917183e+00
2.442977614591910207e+00
2.440051188783042502e+00
2.473190576515279737e+00
2.496179474674939502e+00
2.513074835014920350e+00
2.583905779343317111e+00
2.624328747826035979e+00
2.667332789136559246e+00
2.703627704675519716e+00
2.738774823314825468e+00
2.810338993027898358e+00
2.860643276966079451e+00
2.957376252480491186e+00
3.065142717241419845e+00
3.158187074244181325e+00
3.273737136861784691e+00
3.411134881087781512e+00
3.541757987689471587e+00
3.706084909827904283e+00
3.877640827340012475e+00
4.047971158902686994e+00
4.233579422889024890e+00
4.407170030963251328e+00
4.585965588451122343e+00
4.773097998372935358e+00
4.974025519970483700e+00
5.159221314238735090e+00
5.372868101930727391e+00
5.577183582178498078e+00
5.810861204983545747e+00
6.037263576248237840e+00
6.290180085815666899e+00
6.516422043383868434e+00
6.765026567603278806e+00
7.030838695664805016e+00
7.292307315481371788e+00
7.556942685195149778e+00
7.847589799903696317e+00
8.096183696678352248e+00
8.364957119367248950e+00
8.603114161978725249e+00
8.825427951752869760e+00
9.043290692116876528e+00
9.243192649989538268e+00
9.425713235092045394e+00
9.629489041324227117e+00
9.828084640825736074e+00
1.002011406321562603e+01
1.021340945297779434e+01
1.043211965896438009e+01
1.062843365501783310e+01
1.082957542158468200e+01
1.102012679925904948e+01
1.120873717732767005e+01
1.139385150530362090e+01
1.158587853406817736e+01
1.177358296189823861e+01
1.195984417941478917e+01
1.213948494467811123e+01
1.232174414237048587e+01
1.249350991981496151e+01
1.266652783032387575e+01
1.284602050057643652e+01
1.302677634395397988e+01
1.319802157608105020e+01
1.336710793497293004e+01
1.352145804255844830e+01
