9.323950169858949977e+00
9.323950169858949977e+00
8.846330372540164078e+00
8.846330372540164078e+00
8.496496795137336022e+00
8.496496795137336022e+00
8.125311498101588370e+00
8.125311498101588370e+00
7.817127208586458487e+00
7.817127208586458487e+00
7.485038126012980797e+00
7.485038126012980797e+00
7.191680682958426551e+00
7.191680682958426551e+00
6.882291605762264730e+00
6.716534737216968587e+00
6.519429931249732135e+00
6.305088631001378729e+00
6.428747760063728833e+00
6.203531592663365402e+00
5.967295962538791798e+00
5.708899080161865314e+00
5.439455350311872550e+00
5.143829998594064534e+00
4.855193523414210510e+00
4.612503580742695064e+00
4.794634628459437664e+00
4.555881365075359568e+00
4.318281396256734794e+00
4.035648099447386450e+00
3.764586708480004873e+00
3.507538770383971105e+00
3.257129080307640479e+00
3.041736167058728846e+00
2.868477090179394118e+00
2.662731869562510845e+00
2.501396764969419984e+00
2.342409251297501882e+00
2.165963041435822412e+00
1.966890174865172369e+00
1.746661746232854640e+00
1.639332379169572640e+00
1.431112910588844933e+00
1.227142021171911068e+00
1.050739445803859695e+00
8.666884021422536222e-01
7.233357263977877594e-01
5.666099426542619000e-01
4.068426197369312547e-01
2.512866671220939097e-01
1.207681445712944779e-01
-6.267409305441340450e-03
-1.335217398895487406e-01
-2.582020953828365606e-01
-3.669677208547534875e-01
-4.581660639302489457e-01
-5.428318985422038168e-01
-6.376142890182068257e-01
-7.004638270129772692e-01
-7.998415497702815458e-01
-8.829237501839122260e-01
-9.754461923702439918e-01
-1.034593573092621455e+00
-1.088872064109426496e+00
-1.155428847782197899e+00
-1.280310455686476168e+00
-1.409093937465282664e+00
-1.425581369919640906e+00
-1.515066705511977752e+00
-1.606766009932196759e+00
-1.697334540010657200e+00
-1.780508238700859280e+00
-1.849681642622875266e+00
-1.945796467112391959e+00
-2.043308846309874305e+00
-2.145077347463821837e+00
-2.240963067810082698e+00
-2.323189789735505606e+00
-2.427079358256984065e+00
-2.527093352794975267e+00
-2.601152485917065604e+00
-2.701203229126149630e+00
-2.802677888993356348e+00
-2.918929123437094653e+00
-3.039275009410422612e+00
-3.145000397427797800e+00
-3.275422397058147084e+00
-3.366228325220080642e+00
-3.454014046074934008e+00
-3.528685412514644071e+00
-3.600990528091733367e+00
-3.680622047677302611e+00
-3.755603143191052595e+00
-3.787126397047312132e+00
-3.853533554372590153e+00
-3.917779639041554240e+00
-3.968774728522144635e+00
-4.039984477350847314e+00
-4.105376363539750884e+00
-4.166553746374431100e+00
-4.228289524163876045e+00
-4.287035135859923685e+00
-4.347043074683339725e+00
-4.401858669067992835e+00
-4.462852715211300669e+00
-4.514420917844423009e+00
-4.562790739839108767e+00
-4.587235567077353693e+00
-4.616123416241941335e+00
-4.622539273500880341e+00
-4.621352799634593111e+00
-4.592927852480224615e+00
-4.533927761971989767e+00
-4.447468057824794485e+00
-4.372416538275362363e+00
-4.334740611829454693e+00
-4.277794763968176817e+00
-4.206663923785580295e+00
-4.127679077651785100e+00
-4.045519312834797709e+00
-3.969045044250558263e+00
-3.891014178090156150e+00
-3.813401801397868773e+00
-3.736163651887790316e+00
-3.656912913216386229e+00
-3.578903701672525806e+00
-3.501357495286528732e+00
-3.430658456307938309e+00
-3.357680394841021432e+00
-3.296657043371876483e+00
-3.225094499124233849e+00
-3.125514203137454317e+00
-3.036272720601735919e+00
-2.965279737692086748e+00
-2.872825638883556465e+00
-2.803301949083381039e+00
-2.735163838787532775e+00
-2.680378911352471860e+00
-2.601771022395723776e+00
-2.572479167721899884e+00
-2.518588720049188545e+00
-2.451344213087171653e+00
-2.411392599119103863e+00
-2.370072648093077383e+00
-2.328762154748140745e+00
-2.307083936563555149e+00
-2.283011897188373496e+00
-2.272631157567999161e+00
-2.247482799486718363e+00
-2.236486532310489217e+00
-2.243947831437702156e+00
-2.240676750541385154e+00
-2.234256046757407077e+00
-2.212550318489769019e+00
-2.227530218390033845e+00
-2.235568561376218177e+00
-2.239854531198150589e+00
-2.214073161942245349e+00
-2.194734746203363507e+00
-2.222740221169031472e+00
-2.207552614379308942e+00
-2.170383004324344611e+00
-2.156278955859301405e+00
-2.137997305284173422e+00
-2.102093641580763617e+00
-2.096564744371797850e+00
-2.066475727483193303e+00
-2.022936816381535330e+00
-1.983474372068862124e+00
-1.967654787878329259e+00
-1.936741602739314061e+00
-1.901344617394461700e+00
-1.867545168915663467e+00
-1.844036536193861764e+00
-1.817047346613803960e+00
-1.791395789132931959e+00
-1.775163796187166021e+00
-1.758155695593744738e+00
-1.747197859903950601e+00
-1.746531556187085776e+00
-1.742753667038591026e+00
-1.738220542497878718e+00
-1.733495657593619121e+00
-1.725440445780350274e+00
-1.718200702258942947e+00
-1.710289451728611354e+00
-1.698193761302793092e+00
-1.685175493757500753e+00
-1.670027871256611007e+00
-1.652951877059359198e+00
-1.635125101339604647e+00
-1.614328853225081239e+00
-1.593643957623211982e+00
-1.565792098390272891e+00
-1.540128988857647485e+00
-1.510440419860963779e+00
-1.481217735704282390e+00
-1.452076337799426575e+00
-1.418213379005157648e+00
-1.379115425437755782e+00
-1.338139438248894919e+00
-1.297532120575374037e+00
-1.252143598027629423e+00
-1.205089126070303607e+00
-1.156572725685971470e+00
-1.105284259814847125e+00
-1.049593666576264184e+00
-9.926641660422919067e-01
-9.324023513747854430e-01
-8.704377404539429541e-01
-8.040142965158318944e-01
-7.365740102522817523e-01
-6.668341106518553829e-01
-5.958114104367773223e-01
-5.226232235606205201e-01
-4.452727373153204660e-01
-3.690485179176379305e-01
-2.885912280577458411e-01
-2.068987915598539118e-01
-1.213686762065337987e-01
-3.121269630651735127e-02
5.897607345852629024e-02
1.509107709967953959e-01
2.461492538881508985e-01
3.348311179298542051e-01
4.343536255673106083e-01
5.412161465862301846e-01
6.395681740000078719e-01
7.432189984120856074e-01
8.524520383077223151e-01
9.507027608541145369e-01
1.060424976819498877e+00
1.167303823348076808e+00
1.266742184994494202e+00
1.376286226513345312e+00
1.474993282070699907e+00
1.583184202614616787e+00
1.693048393632701876e+00
1.783206670581403808e+00
1.874442284793246483e+00
1.964854483068640079e+00
2.033221908945813006e+00
2.104540928960961566e+00
2.162027620046836240e+00
2.220512613163763582e+00
2.263812081004663579e+00
2.309769265877274158e+00
2.295111548816457514e+00
2.324430888874133849e+00
2.359906322504259357e+00
2.377920235607498434e+00
2.398943434215901505e+00
2.412943075002031090e+00
2.420295457641238102e+00
2.449152034980934367e+00
2.458996273950361910e+00
2.493133989224991964e+00
2.526879016397412414e+00
2.582133459057360803e+00
2.620457391150305071e+00
2.685174472325627448e+00
2.752779077916840400e+00
2.835212041202768152e+00
2.931650690284505867e+00
3.014657735596506516e+00
3.119262725196656483e+00
3.232120863329037252e+00
3.410137363617082862e+00
3.550145896528610123e+00
3.719400803457232563e+00
3.809118022296784201e+00
3.981183127103046893e+00
4.153742597272919390e+00
4.338737213477954491e+00
4.509406019644716324e+00
4.713510451988843108e+00
4.894204108094224459e+00
5.108263638002723539e+00
5.311626345401680993e+00
5.532667258614667460e+00
5.742878961402793081e+00
6.000361668379408542e+00
6.242804740936977126e+00
6.507851941682806896e+00
6.757957700644288579e+00
7.018849553574156630e+00
7.279454097557346515e+00
7.569858281721097981e+00
7.862809240526022592e+00
8.111397260740552895e+00
8.389997542264028496e+00
8.626785581213132659e+00
8.859773969645749148e+00
9.093819947981097940e+00
9.318898812573657153e+00
9.546519587957632780e+00
9.725658519924124334e+00
9.939313834910741718e+00
1.015580459795845414e+01
1.036056004779288031e+01
1.058766193497379149e+01
1.079727799926883236e+01
1.099875757382210928e+01
1.118497387787543573e+01
1.138862330290339919e+01
1.160206534131055811e+01
1.179466667521757728e+01
1.199129762625912221e+01
1.218317709107439484e+01
1.236150773661017155e+01
1.255174558329212786e+01
1.273845366809158364e+01
1.292599412017852600e+01
1.311009946237897594e+01
1.328798703970530326e+01
1.347215980122344092e+01
1.365306818621183993e+01
1.381898854916568453e+01
