9.371638944566674567e+00
9.371638944566674567e+00
8.975235546945274479e+00
8.975235546945274479e+00
8.605360714868437455e+00
8.605360714868437455e+00
8.284425030827708980e+00
8.284425030827708980e+00
7.984436592128016486e+00
7.984436592128016486e+00
7.674966179527447530e+00
7.674966179527447530e+00
7.393212206629505623e+00
7.286504414946960217e+00
7.149742300358838065e+00
7.005239729581898445e+00
6.855424927836722304e+00
6.682948350344089405e+00
6.608866768667301272e+00
6.432882615844635055e+00
6.245740963265067336e+00
5.983568085323105024e+00
5.753059533842790785e+00
5.537923243200815193e+00
5.252345516738181175e+00
4.987397928237836453e+00
4.684858911658656311e+00
4.568421331797429374e+00
4.305148644581347384e+00
4.015365788598763253e+00
3.710469746056815232e+00
3.418372453968392399e+00
3.203374956488127978e+00
2.970213868933567092e+00
2.764005498847518005e+00
2.613946374022183328e+00
2.434391991023373336e+00
2.279543194952942997e+00
2.063191096206642428e+00
1.905886993193296242e+00
1.652733636836734021e+00
1.482493082920666616e+00
1.272353854334190792e+00
1.164793288229997614e+00
9.802932347914312672e-01
7.730370519064724277e-01
5.777339770016878262e-01
4.184803921198589904e-01
2.581370094377506419e-01
6.491712750923817055e-02
-3.346331894080822877e-02
-9.141152448763545380e-02
-2.055801731966813151e-01
-3.179185144373937177e-01
-4.213238655155562284e-01
-5.156593546738745815e-01
-6.017012513796711204e-01
-6.892358637130540089e-01
-7.506631929900686728e-01
-7.675958949641819018e-01
-9.263617942459623222e-01
-9.391518045788815883e-01
-1.013832259057052987e+00
-1.057904573478838373e+00
-1.238167670371770335e+00
-1.323535468775673074e+00
-1.391127457440848758e+00
-1.498175893384648738e+00
-1.571497489622458055e+00
-1.638589562516834519e+00
-1.725931542995599699e+00
-1.815880842405936058e+00
-1.913751301177974540e+00
-2.018552296079064057e+00
-2.117971852707552394e+00
-2.216861480653895100e+00
-2.314977449472705118e+00
-2.422123893116924442e+00
-2.539024543814064394e+00
-2.646150034378318416e+00
-2.757071669152288074e+00
-2.860534370455349418e+00
-2.970369620945151112e+00
-3.081575446019968467e+00
-3.218269464495483234e+00
-3.289814022278894967e+00
-3.291557486281076805e+00
-3.390943181302036535e+00
-3.487603544896903607e+00
-3.556994286301144115e+00
-3.622551140995721397e+00
-3.679070209327175434e+00
-3.741861939898862843e+00
-3.828693363498997471e+00
-3.886554367195290460e+00
-3.954687259940500077e+00
-4.017929105258095213e+00
-4.071507745655447152e+00
-4.133354390382265819e+00
-4.192822695605145533e+00
-4.251782844293619412e+00
-4.302833684863669461e+00
-4.356429395636759239e+00
-4.414901575071104922e+00
-4.465052260586429789e+00
-4.515672584308374482e+00
-4.558804513185365614e+00
-4.590891130952632793e+00
-4.611696591109514465e+00
-4.613781151816647608e+00
-4.602741741143543841e+00
-4.577901891610405727e+00
-4.523412247997463886e+00
-4.441006766541133466e+00
-4.362921174073234099e+00
-4.327855211867669638e+00
-4.277257550183745316e+00
-4.210446577123312828e+00
-4.128318959408335154e+00
-4.043677234767701023e+00
-3.966961859888868069e+00
-3.887332456208329567e+00
-3.805783331487604393e+00
-3.723073743585340267e+00
-3.645538497257303945e+00
-3.565804393490362934e+00
-3.512075547668352726e+00
-3.439350223702025922e+00
-3.363804802756502177e+00
-3.290492619965019294e+00
-3.213597760264840453e+00
-3.128047170324397719e+00
-3.045697591049209230e+00
-2.973531272038326456e+00
-2.887694890398456948e+00
-2.799060231917191999e+00
-2.730403569066976566e+00
-2.677954627171732049e+00
-2.612737684384363490e+00
-2.565402001734693904e+00
-2.506370450545594153e+00
-2.442650490752218850e+00
-2.434239598521986458e+00
-2.380546761105779119e+00
-2.360367588496951718e+00
-2.332507059618533773e+00
-2.298247514731135865e+00
-2.267239080290875286e+00
-2.244978698434689335e+00
-2.233534366480993683e+00
-2.233739716206703640e+00
-2.234911894573689217e+00
-2.200463774688435237e+00
-2.202219692635831727e+00
-2.198150951650135632e+00
-2.214370355444897243e+00
-2.230442692292649909e+00
-2.240271574647245245e+00
-2.220475775539003216e+00
-2.226152075207962433e+00
-2.181271854366841012e+00
-2.161484332103158934e+00
-2.152349411087411291e+00
-2.133805608446428970e+00
-2.095846704018729412e+00
-2.072157342820798220e+00
-2.035256141579762534e+00
-1.999092396995236776e+00
-1.983469549786533115e+00
-1.948890466683578460e+00
-1.920521930848356540e+00
-1.887774093764934769e+00
-1.863449056359008260e+00
-1.833805275503609167e+00
-1.804962892981492928e+00
-1.785873057123070318e+00
-1.769972607370892348e+00
-1.759007451638573194e+00
-1.747590038650437272e+00
-1.740146306601848991e+00
-1.737759448843622323e+00
-1.734819334518145517e+00
-1.728050644723204243e+00
-1.719286413429021110e+00
-1.711384986729718172e+00
-1.701614974311257633e+00
-1.691437633475381119e+00
-1.679441423075910933e+00
-1.663226523587318262e+00
-1.647450188483970734e+00
-1.628841414267299115e+00
-1.609216832719069679e+00
-1.586047419951976067e+00
-1.562089209626312147e+00
-1.535524472491834658e+00
-1.507983252426620346e+00
-1.477342438226504129e+00
-1.444142372362223092e+00
-1.409394519697602988e+00
-1.371683472098590428e+00
-1.331693845313631996e+00
-1.290424799108620846e+00
-1.244924022107891659e+00
-1.197683464018998833e+00
-1.147958217951882354e+00
-1.095916613708164178e+00
-1.040395697812219744e+00
-9.842809233547908931e-01
-9.244752757909457941e-01
-8.621198364300672878e-01
-7.958738962103319992e-01
-7.316858454019827818e-01
-6.622108437159996974e-01
-5.905460437386764738e-01
-5.185683584944640323e-01
-4.430884683308282668e-01
-3.645144977412955178e-01
-2.863805753731649695e-01
-2.028313341161758210e-01
-1.175370741372465666e-01
-2.910909980825904242e-02
6.290580932052947105e-02
1.515727044409751478e-01
2.453365615459475180e-01
3.375315919321342228e-01
4.387812491480747035e-01
5.495545088689333113e-01
6.583081293133767886e-01
7.586083421533325044e-01
8.609862939358627898e-01
9.739402270889230273e-01
1.081854746765944952e+00
1.190795567671495636e+00
1.290461400509122392e+00
1.398549283293142320e+00
1.511503534440664431e+00
1.620531723784216727e+00
1.727158462755199464e+00
1.831751604484451734e+00
1.929609837415928952e+00
2.009126987446987922e+00
2.087595133359984700e+00
2.160729111125668567e+00
2.217017817615363207e+00
2.273333745293294683e+00
2.316975960583028016e+00
2.320897991981819786e+00
2.359454196516811209e+00
2.390624892286775882e+00
2.418847437050430038e+00
2.420912068211363177e+00
2.438787230434248166e+00
2.436992697066165725e+00
2.453472807179808868e+00
2.459171816974901947e+00
2.480511853790960508e+00
2.498704842950297600e+00
2.539193542767488765e+00
2.588643461425899517e+00
2.638169961894360593e+00
2.689393296248272947e+00
2.756805876439686998e+00
2.839186907276982197e+00
2.929861649854054839e+00
3.043913514714567281e+00
3.144091327170815298e+00
3.280097791619147607e+00
3.419795666651561650e+00
3.533505175521140629e+00
3.677258425835280065e+00
3.875455037110655088e+00
4.024161495429071422e+00
4.224515475598344061e+00
4.392452146061059715e+00
4.565819386041233052e+00
4.748993088407376106e+00
4.924670926368519552e+00
5.137811260685202441e+00
5.341681933450127318e+00
5.546602817576294697e+00
5.771141770362171464e+00
5.995090980123610969e+00
6.238159293730058508e+00
6.488079042002472541e+00
6.730881388421197542e+00
6.986810460035217218e+00
7.255013511393327619e+00
7.516768926360952285e+00
7.809934407701907944e+00
8.075398793032608324e+00
8.345474438278328577e+00
8.596156887858500184e+00
8.830471089742179203e+00
9.044176175822435937e+00
9.264199802961215369e+00
9.456120189467712933e+00
9.659131604818671946e+00
9.857922205765319745e+00
1.006726128327016134e+01
1.027310014567411400e+01
1.047915140436070303e+01
1.068720007290610674e+01
1.089464563184223778e+01
1.109679988165543918e+01
1.128837841995532010e+01
1.149307767131917402e+01
1.168717860430374778e+01
1.188281299757391807e+01
1.208053432111720227e+01
1.226619466261690050e+01
1.245891403789648777e+01
1.263591712192815208e+01
1.282334485763219689e+01
1.301313952299860333e+01
1.318619223840164878e+01
1.337048922055394229e+01
1.355339015737082065e+01
1.371702949203402255e+01
