9.580736251099445155e+00
9.580736251099445155e+00
9.281149322233638088e+00
9.281149322233638088e+00
8.928244569843208467e+00
8.928244569843208467e+00
8.586319619859725805e+00
8.586319619859725805e+00
8.262188239235159770e+00
8.262188239235159770e+00
7.944681964398197849e+00
7.944681964398197849e+00
7.668705220237844955e+00
7.668705220237844955e+00
7.389856168610720921e+00
7.272038196561277701e+00
7.242033731792918871e+00
7.054741470391008740e+00
6.831382207323849265e+00
6.658700560378463251e+00
6.507909303261495637e+00
6.311557253815723634e+00
6.138303600717523345e+00
5.933905486450422373e+00
5.630310111180751420e+00
5.254097854713815963e+00
5.056630640974543844e+00
4.777208640026494813e+00
4.299445945657836887e+00
4.002853201887477397e+00
3.678177284863108021e+00
3.402088330728552990e+00
3.122783410517962821e+00
2.842376607470684213e+00
2.574100195846282801e+00
2.364725618362130355e+00
2.433863238375429283e+00
2.254860471959808876e+00
2.047931958780266015e+00
1.877272171372553089e+00
1.626458912042511251e+00
1.429052701183257668e+00
1.210774770252299071e+00
9.762404751695514804e-01
9.485220658436359642e-01
7.462764457597090839e-01
5.486871092019498519e-01
3.559841965965091504e-01
1.842937616713200555e-01
2.147097835755396034e-02
-1.352594796191812776e-01
-1.171207966198002381e-01
-2.572708594378783076e-01
-3.809483553490835561e-01
-4.955611965616437686e-01
-6.048876593812639868e-01
-6.876173801588389978e-01
-7.742743942594234596e-01
-8.405380468025098750e-01
-8.504176797457123627e-01
-7.959480142076085230e-01
-8.277518695809922278e-01
-8.823517489238836831e-01
-9.416117502773797554e-01
-1.130001793916759034e+00
-1.177621570869990641e+00
-1.277511153879362205e+00
-1.371101532933668210e+00
-1.498925542716796677e+00
-1.791947026048644531e+00
-1.881062191350013180e+00
-1.973254758240996054e+00
-2.070809661472102547e+00
-2.170698086192252241e+00
-2.276760503546650050e+00
-2.336053231299272781e+00
-2.443875979965423717e+00
-2.541103355922000873e+00
-2.649258474744470959e+00
-2.695749597665431097e+00
-2.808660105154629605e+00
-2.922893887755566134e+00
-2.990037140517311620e+00
-3.107551558975684358e+00
-3.201506049163767464e+00
-3.311183167074357669e+00
-3.400510992655176423e+00
-3.479112679065477387e+00
-3.537417577851905470e+00
-3.639942247238098894e+00
-3.710082616977764758e+00
-3.775925470236704662e+00
-3.840941606346618187e+00
-3.919035325159091698e+00
-3.985385571172053609e+00
-4.040660755786415592e+00
-4.095473292861473880e+00
-4.147098860847100887e+00
-4.204277524246530007e+00
-4.259519739325849486e+00
-4.318970541165067623e+00
-4.369405103724876227e+00
-4.421594529693209097e+00
-4.478438913032524837e+00
-4.527473984980330712e+00
-4.578572257112091926e+00
-4.622490904859094307e+00
-4.657643331554448984e+00
-4.683219708145843541e+00
-4.679163330505058838e+00
-4.662967941055504717e+00
-4.630411832199976097e+00
-4.576399290854664237e+00
-4.487468953550848738e+00
-4.399132247612272728e+00
-4.365494360553594966e+00
-4.313244174320591817e+00
-4.233424043293918970e+00
-4.141920494185289847e+00
-4.053299438446691383e+00
-3.972566172010619567e+00
-3.894416576725855172e+00
-3.814966452754902093e+00
-3.738903641730288996e+00
-3.653066732373753567e+00
-3.575699512268063707e+00
-3.495717235402634238e+00
-3.418755382691837319e+00
-3.353188874580869339e+00
-3.289113604223659060e+00
-3.216075872437146543e+00
-3.122114922383877555e+00
-3.021460192683409929e+00
-2.922402133954614456e+00
-2.838415614346366134e+00
-2.752977476373884791e+00
-2.703190831448214482e+00
-2.639206138722610895e+00
-2.591229060890458236e+00
-2.525396130275772144e+00
-2.476316596521980884e+00
-2.420332348927948907e+00
-2.371611537818611559e+00
-2.338883361917705628e+00
-2.299223928678302720e+00
-2.289536615425197041e+00
-2.241613478343500887e+00
-2.238601920896068798e+00
-2.227753642726217898e+00
-2.224538898092192518e+00
-2.205533885663571780e+00
-2.185535001955714485e+00
-2.176536363063217294e+00
-2.164706887757929188e+00
-2.135967054290323297e+00
-2.161483922639060751e+00
-2.172029200570874785e+00
-2.181436489577283311e+00
-2.155176037326903327e+00
-2.163640095136963204e+00
-2.158272596670729904e+00
-2.139278105130590468e+00
-2.100077363344588832e+00
-2.081541824006337471e+00
-2.069352343782577819e+00
-2.041212026376025612e+00
-2.017663554554866678e+00
-1.979758730327991323e+00
-1.964922464279350578e+00
-1.931162052848189425e+00
-1.897043825916998827e+00
-1.854677094645429847e+00
-1.846869187179019711e+00
-1.818461627992512319e+00
-1.795414860471529650e+00
-1.770308955106028925e+00
-1.754138747561483136e+00
-1.741605609383668707e+00
-1.730621648158579440e+00
-1.721611453196187469e+00
-1.717855458475905372e+00
-1.713504132472637664e+00
-1.708600916856435781e+00
-1.701739164421105066e+00
-1.694483546437715482e+00
-1.686926403887951231e+00
-1.673760727199962162e+00
-1.663788174660481900e+00
-1.647841942403701410e+00
-1.630345029085201070e+00
-1.613460783776317520e+00
-1.593931065573779726e+00
-1.570607766320741838e+00
-1.545103220168136282e+00
-1.520577587259967167e+00
-1.492560703060719973e+00
-1.462370921682050628e+00
-1.428550425134559987e+00
-1.394368928701815058e+00
-1.354558992814112628e+00
-1.316569479388209452e+00
-1.271233665095645726e+00
-1.226835537837228429e+00
-1.180662789508944321e+00
-1.130887279495305542e+00
-1.078212488360204446e+00
-1.024823109090847062e+00
-9.680661276239859170e-01
-9.077051952416796965e-01
-8.464766491746353871e-01
-7.820813281302703146e-01
-7.154592230159226851e-01
-6.458359382373424218e-01
-5.756009125652861158e-01
-5.024621167823726253e-01
-4.270545134432341960e-01
-3.511498438722617799e-01
-2.742766639408316109e-01
-1.898856252492344687e-01
-1.020701201545541892e-01
-1.531893547158613700e-02
7.362649793114472985e-02
1.670313675444172752e-01
2.646722154005036742e-01
3.601217804256249266e-01
4.558211766432527234e-01
5.560899995423684850e-01
6.623604595817731422e-01
7.662347495848131906e-01
8.618530041981071754e-01
9.716317936937315380e-01
1.080763731032194475e+00
1.186527588456929738e+00
1.292561836772817330e+00
1.389333431726088364e+00
1.502160844831402109e+00
1.608749263415656383e+00
1.722481232112153204e+00
1.816748578588433194e+00
1.912301148282697261e+00
1.992939863521695276e+00
2.069563543749142198e+00
2.135351237740238162e+00
2.198846804977057090e+00
2.252620990399962331e+00
2.297370939177710625e+00
2.337435860510734820e+00
2.345244874971594840e+00
2.377949472558783306e+00
2.399162484968248243e+00
2.417823401622927193e+00
2.450450030248561450e+00
2.457075730285739112e+00
2.450494422032387654e+00
2.456670236964322740e+00
2.468789034805906280e+00
2.504347013009915912e+00
2.541271041960656341e+00
2.593829697364368858e+00
2.647999936253242925e+00
2.695125527961201861e+00
2.768140212666790667e+00
2.854438780078726090e+00
2.934237331485033184e+00
3.048278323683579316e+00
3.158507990237530372e+00
3.250743291218917363e+00
3.380075209414856285e+00
3.508863711110661310e+00
3.645262182589150690e+00
3.779170755033930629e+00
3.975740214771149361e+00
4.141432967187538949e+00
4.328828007890116680e+00
4.514034641296571060e+00
4.685322885395897252e+00
4.892251282110413158e+00
5.089314330880776005e+00
5.283892863128436090e+00
5.496041886797845777e+00
5.712861765077477116e+00
5.930002683221541560e+00
6.168546926086414750e+00
6.411746698142522405e+00
6.642090596340481490e+00
6.904418207792325290e+00
7.152499995244070874e+00
7.415977828510006198e+00
7.691504600420883797e+00
7.973139305313750036e+00
8.228938928715058054e+00
8.470866631478816799e+00
8.704848968512951757e+00
8.912751599110261935e+00
9.126584656995266442e+00
9.346332826398400684e+00
9.546880111077545195e+00
9.747485894130310413e+00
9.949789080548370634e+00
1.015634750695937782e+01
1.036459704836099860e+01
1.056404431029056212e+01
1.077162066601604984e+01
1.096356943177333321e+01
1.115155448943642469e+01
1.134826156699684674e+01
1.154199815331696044e+01
1.173572870344443331e+01
1.191515956123731002e+01
1.210006158371653129e+01
1.228237763253988035e+01
1.245718796231849268e+01
1.264287787212025549e+01
1.282407658439940334e+01
1.300335646583496363e+01
1.317774828790921759e+01
1.334916295875414960e+01
1.350481729774475070e+01
