9.782481587202561002e+00
9.782481587202561002e+00
9.393850469585780516e+00
9.202251629940622735e+00
9.018945244194636501e+00
9.018945244194636501e+00
8.663739483800316776e+00
8.663739483800316776e+00
8.314186629155129182e+00
8.314186629155129182e+00
7.995818165009499268e+00
7.995818165009499268e+00
7.711386394617151474e+00
7.585910733738691292e+00
7.443540556633096550e+00
7.288868784709598536e+00
7.197849175758305407e+00
7.019300245049040043e+00
6.832565708135051707e+00
6.676664380113747299e+00
6.439617418660806614e+00
6.205026511689933244e+00
5.950108572619858371e+00
5.730471895082834166e+00
5.025485001952196384e+00
4.796794466371522958e+00
4.549641245506681919e+00
4.284549695013618376e+00
4.027172181392696615e+00
3.755057983769655827e+00
3.512762297171768466e+00
3.303619717709011638e+00
3.106529979212010240e+00
2.892255316453632652e+00
2.745671643371276005e+00
2.555385898474697548e+00
2.380815337577468327e+00
2.287101548486326408e+00
2.030063761237101083e+00
1.798231463284700737e+00
1.709156310202378570e+00
1.535537397068056364e+00
1.322850299248020001e+00
1.096081043205081151e+00
9.207129023591589245e-01
7.153931068031749163e-01
5.529495696022825868e-01
4.676639602869956391e-01
3.193145971499946612e-01
1.820212682467898802e-01
4.911623063633197006e-02
-6.783775896240840098e-02
-2.247356900235093491e-01
-3.350284838922803488e-01
-4.219266674463622024e-01
-5.097635736671444207e-01
-6.012859362971481048e-01
-6.750996339471218022e-01
-7.356880461300523422e-01
-7.683885125792251358e-01
-7.896956091019591284e-01
-7.993954121075290686e-01
-8.120688611334090368e-01
-7.836019670927782954e-01
-1.373122300847951394e+00
-1.368934557204027236e+00
-1.362813542597382188e+00
-1.343789336236068443e+00
-1.381407941089356939e+00
-1.403130126152353441e+00
-1.485828378519869375e+00
-1.478706837420012299e+00
-1.539091422296919198e+00
-2.158603743161604527e+00
-2.246896327527974080e+00
-2.367216141356454528e+00
-2.517681872436799750e+00
-2.575004236753658304e+00
-2.680124244033595282e+00
-2.801263690554663732e+00
-2.886791997431376267e+00
-2.993808554471310224e+00
-3.134739378574084689e+00
-3.248662068279793758e+00
-3.374174523626614963e+00
-3.456314774706273241e+00
-3.522802832078674840e+00
-3.611595735628069015e+00
-3.684930313826344950e+00
-3.786573835758711759e+00
-3.858367269630212704e+00
-3.924919088793501487e+00
-3.989334013299663084e+00
-4.031892276937830921e+00
-4.103633874209427823e+00
-4.164532395368173212e+00
-4.224423724192096330e+00
-4.285078035117892981e+00
-4.339046544681585793e+00
-4.395405833751961033e+00
-4.451597286465607262e+00
-4.509915142472265437e+00
-4.560829321991978880e+00
-4.615400011053264251e+00
-4.664351929314415557e+00
-4.712962550538152051e+00
-4.740462740042950429e+00
-4.773603363856585347e+00
-4.790186015163371280e+00
-4.794536017900824731e+00
-4.779104639283236367e+00
-4.747397149467499133e+00
-4.692351973422907996e+00
-4.598610376037880698e+00
-4.513166849664542291e+00
-4.480561145944880863e+00
-4.419541238939942218e+00
-4.341253506264688866e+00
-4.249440216755722588e+00
-4.165340235567012606e+00
-4.077294658791564608e+00
-3.990792274831540531e+00
-3.904460077283452790e+00
-3.822359098955159240e+00
-3.744230470662842869e+00
-3.661138376564397667e+00
-3.575865968961060126e+00
-3.496710062786991813e+00
-3.415992287352992207e+00
-3.347381453600640100e+00
-3.277330745422123215e+00
-3.184611759591603253e+00
-3.099116137519899006e+00
-3.013512401576551980e+00
-2.930725352843216669e+00
-2.833563968223277385e+00
-2.757451456299805592e+00
-2.741307122466785096e+00
-2.692144638113916244e+00
-2.634828944753774493e+00
-2.570476655591416026e+00
-2.507726088528317021e+00
-2.500091329593166378e+00
-2.438944593127391869e+00
-2.413085992299445870e+00
-2.397849394819324687e+00
-2.363079624510333154e+00
-2.351206810386817558e+00
-2.304097010440226967e+00
-2.293629610875753677e+00
-2.266007517658326087e+00
-2.256527335084627772e+00
-2.261302997227882194e+00
-2.252354044262386168e+00
-2.243504155132813871e+00
-2.245942257395675767e+00
-2.254178890474046071e+00
-2.249762015196139053e+00
-2.266313533443312878e+00
-2.245990075869152669e+00
-2.251171473178438021e+00
-2.236238308495731353e+00
-2.205195086364915902e+00
-2.172088093370430961e+00
-2.134780732476125209e+00
-2.093725450485835360e+00
-2.063588161015315059e+00
-2.024926556242139242e+00
-2.018222507475536887e+00
-1.991047338912095732e+00
-1.958785026961044728e+00
-1.918103082580470797e+00
-1.890595108590573226e+00
-1.863376034379740531e+00
-1.840111418537805577e+00
-1.817558908608446266e+00
-1.802247369118347819e+00
-1.787342160218017284e+00
-1.776552609586509845e+00
-1.769573325158016353e+00
-1.766934612853488851e+00
-1.759441898984156261e+00
-1.756599534600738366e+00
-1.747152049725603007e+00
-1.739631174401032432e+00
-1.729805548447369112e+00
-1.716390778423688701e+00
-1.703021530038943077e+00
-1.686523344842026262e+00
-1.672504037278801370e+00
-1.656149726618013851e+00
-1.637114809711073704e+00
-1.614953248395702978e+00
-1.587543741218326865e+00
-1.562004807824191488e+00
-1.533637132686890503e+00
-1.501799740772555403e+00
-1.468633002290087752e+00
-1.431474104306419193e+00
-1.395468770784669132e+00
-1.356609579677463095e+00
-1.315955277288907155e+00
-1.270557516638333162e+00
-1.224142114404168424e+00
-1.172378945330966538e+00
-1.119646339157121417e+00
-1.068115238093547248e+00
-1.009719396776736389e+00
-9.506608362260857703e-01
-8.882683100667199128e-01
-8.209053566803294899e-01
-7.539064706672462535e-01
-6.847135174853873352e-01
-6.138794670375755658e-01
-5.374124110001603505e-01
-4.618417595534332065e-01
-3.816712490825606707e-01
-2.998583656642952455e-01
-2.181935362452498417e-01
-1.289007864495150812e-01
-4.239373792652223472e-02
4.875492920418089682e-02
1.416778061054486670e-01
2.403691342292844091e-01
3.351115814960849981e-01
4.354807015686330551e-01
5.358815586891627625e-01
6.390376989165345023e-01
7.398164497020958130e-01
8.476223595427319069e-01
9.475855244052429072e-01
1.058438457970894309e+00
1.162277302621745001e+00
1.277002990233462754e+00
1.381770011105871721e+00
1.499849818308722771e+00
1.607122362163859730e+00
1.716931159922106431e+00
1.810365201226567855e+00
1.906316393086478822e+00
1.998786163553779360e+00
2.076184110538351391e+00
2.148350819324750915e+00
2.209304473969311289e+00
2.258658344252169492e+00
2.298110208736928506e+00
2.339226081184457851e+00
2.372384696862821052e+00
2.412342905791594383e+00
2.425189068118105418e+00
2.438895154582971792e+00
2.445332381744357075e+00
2.447118083574745917e+00
2.455824962148936308e+00
2.500386160563064841e+00
2.537071907666784476e+00
2.584160103276105680e+00
2.629537542393509675e+00
2.665568243541011295e+00
2.714850511999801874e+00
2.766792529779467991e+00
2.807596587941464605e+00
2.870462447576850984e+00
2.971281904700381560e+00
3.070672806856936887e+00
3.175581022688059640e+00
3.307038266137774407e+00
3.429542384257004528e+00
3.577003851161307146e+00
3.737153254455657603e+00
3.905025363134600802e+00
4.059927362430665987e+00
4.232022337842141546e+00
4.414365471046891365e+00
4.628557960276014072e+00
4.839142342420273302e+00
5.021908283498600412e+00
5.195943095766031306e+00
5.384949361687489500e+00
5.615539780839226225e+00
5.839857970023212275e+00
6.068977402338672000e+00
6.302153949580064030e+00
6.564117312954564909e+00
6.821718154230490327e+00
7.076214339168618750e+00
7.334695072585503794e+00
7.617312902706178335e+00
7.895015144847884692e+00
8.160306391403343795e+00
8.442838807810330692e+00
8.685181751595944633e+00
8.920227109391079878e+00
9.135203753549953731e+00
9.359398084221281167e+00
9.558273873890797745e+00
9.772505245391759132e+00
9.969486500422695130e+00
1.018368784199897092e+01
1.039298791056301496e+01
1.059187371057969074e+01
1.079963579054265743e+01
1.100422823025512287e+01
1.119898368398248678e+01
1.141280461601529694e+01
1.161135149079968798e+01
1.179300417440496851e+01
1.198894876909092133e+01
1.218003868693874203e+01
1.236961055025326139e+01
1.255261654837502761e+01
1.273710434079436027e+01
1.292756277726390479e+01
1.310933784752849718e+01
1.328059733776919060e+01
1.345986474836963609e+01
1.363680484809699145e+01
1.379961099207106656e+01
