1.055221808280816731e+01
1.055221808280816731e+01
1.005219870111351632e+01
1.005219870111351632e+01
9.637299042415023109e+00
9.637299042415023109e+00
9.252753820445651201e+00
9.252753820445651201e+00
8.863647941510256700e+00
8.863647941510256700e+00
8.470899666163049346e+00
8.470899666163049346e+00
8.133261052119591383e+00
8.133261052119591383e+00
7.731131788960889928e+00
7.549709536597921655e+00
7.356985460330510485e+00
7.318893438523383921e+00
7.083588451911476014e+00
6.823390194776555617e+00
6.572510425973887571e+00
6.239021223971931818e+00
5.905998575870921030e+00
5.619665532942936359e+00
5.266408318998062832e+00
5.176669364531840678e+00
4.897832859017019480e+00
4.624746115894273757e+00
4.357731254182795944e+00
4.051699320932891979e+00
3.747071184796176624e+00
3.457736205091152648e+00
3.149908791907813921e+00
3.096449456401112243e+00
2.919175281117276199e+00
2.767739873526688044e+00
2.599161646199471321e+00
2.415526513500669381e+00
2.206389569246722360e+00
2.027459410856730315e+00
1.833299920966690699e+00
1.593538204633459188e+00
1.390564636395669851e+00
1.178224563568897487e+00
1.008834025349053753e+00
7.292424322034065653e-01
5.796530052601589489e-01
4.887384122680424881e-01
3.246640210493039191e-01
-4.295478129423990765e-03
-1.234357228449143307e-01
-2.442953565588075193e-01
-3.908719887635232482e-01
-4.809089445665817308e-01
-5.802939231081385429e-01
-6.524562996271718873e-01
-7.144706683976709272e-01
-7.784340959207902699e-01
-8.045848401229109825e-01
-8.403463981679504258e-01
-1.095380939631276362e+00
-1.158953223917569275e+00
-1.266385928014257978e+00
-1.336310853545965571e+00
-1.432542377433480674e+00
-1.525429625914052068e+00
-1.595879947355552275e+00
-1.680608032680602548e+00
-1.765186322248946560e+00
-1.793554875350057642e+00
-1.879143450187869213e+00
-1.971316234135514378e+00
-2.064954925947700026e+00
-2.146014677056103714e+00
-2.228830028463971935e+00
-2.349538222942160637e+00
-2.449725430986680941e+00
-2.549197135196351383e+00
-2.655397543230837876e+00
-2.768451576885941456e+00
-2.873876411636309136e+00
-2.981477953116255186e+00
-3.119191054503512639e+00
-3.211202248263965942e+00
-3.308271671732730290e+00
-3.403405701996566890e+00
-3.492882191407360892e+00
-3.572988360470824354e+00
-3.647549537709172895e+00
-3.706214151397498213e+00
-3.814606162173104664e+00
-3.877586600669070904e+00
-3.926431187511044918e+00
-3.988111516803081180e+00
-4.045092584912986844e+00
-4.097499143787788789e+00
-4.154801492544623720e+00
-4.210471228708531299e+00
-4.264492371560849371e+00
-4.316007311305970262e+00
-4.369268069321233128e+00
-4.420421022273899325e+00
-4.468332031866975917e+00
-4.514179569165453820e+00
-4.561258187809627884e+00
-4.605590172350253475e+00
-4.644433137058941341e+00
-4.674453589684228305e+00
-4.693202768237869194e+00
-4.694208910254046074e+00
-4.685526656008542012e+00
-4.647128674512986279e+00
-4.584735284047924075e+00
-4.482462649099148599e+00
-4.402248482234616844e+00
-4.358541364245426486e+00
-4.285062238723052808e+00
-4.204993926286842765e+00
-4.130226941642986205e+00
-4.028862294419965018e+00
-3.944756684433540883e+00
-3.861720307335311020e+00
-3.778548273184886952e+00
-3.698612115655609323e+00
-3.624081181245186301e+00
-3.535373095575704561e+00
-3.462309114329068294e+00
-3.388336983673245761e+00
-3.310499110257368649e+00
-3.235280313918739381e+00
-3.158308116901021201e+00
-3.078727774433335895e+00
-2.996581824011705031e+00
-2.909944903860701260e+00
-2.831783260004436364e+00
-2.748214608684889981e+00
-2.670670443972126051e+00
-2.644837661967808451e+00
-2.583537741459670301e+00
-2.531728644218281588e+00
-2.476139134254046859e+00
-2.429064875836410842e+00
-2.366086119245556674e+00
-2.333689530010607527e+00
-2.300478712135288539e+00
-2.279172006044849041e+00
-2.237754327924744047e+00
-2.229873567662648881e+00
-2.226960533332371206e+00
-2.215923555598646288e+00
-2.196190261876541427e+00
-2.183682033700313774e+00
-2.188508864198525750e+00
-2.185522265828291566e+00
-2.190081076409444272e+00
-2.185992734830139561e+00
-2.188183867274571703e+00
-2.180516569497418011e+00
-2.168731559394773356e+00
-2.150575228805821304e+00
-2.151710098253057701e+00
-2.099630052366939559e+00
-2.107955791808621804e+00
-2.073111760266842296e+00
-2.042159312181656361e+00
-2.002156248680067030e+00
-1.960915907389579438e+00
-1.954194346325850873e+00
-1.920700618036472740e+00
-1.892903063442939349e+00
-1.858832870176487795e+00
-1.835637288619746954e+00
-1.808622938350063158e+00
-1.780917570321761900e+00
-1.756265513079335427e+00
-1.734213122515798844e+00
-1.722237786732840448e+00
-1.710242721755794726e+00
-1.697130747422918695e+00
-1.691233410671873827e+00
-1.686349394374136779e+00
-1.681828586003232040e+00
-1.675588880813931425e+00
-1.669000288466587101e+00
-1.660327708929901114e+00
-1.652425685768169394e+00
-1.640202522124462270e+00
-1.628223191923690472e+00
-1.613132478920736190e+00
-1.597239281116166865e+00
-1.578070890740501220e+00
-1.559866869059532313e+00
-1.537755519528523074e+00
-1.511385318142149714e+00
-1.485279696199153676e+00
-1.457811908016066305e+00
-1.424516935900649983e+00
-1.393326833447774860e+00
-1.359384208799927052e+00
-1.321576509942585353e+00
-1.282450806059533654e+00
-1.241112130523769785e+00
-1.196022350729963435e+00
-1.150752886284576171e+00
-1.100708910458480183e+00
-1.048153728388736106e+00
-9.989586862666097744e-01
-9.434112717087348443e-01
-8.849972013239337798e-01
-8.230651151557166756e-01
-7.600446063306049993e-01
-6.973953101068008920e-01
-6.298652552848293951e-01
-5.598762705279840546e-01
-4.898913058905671747e-01
-4.188848386581636163e-01
-3.405242964733981026e-01
-2.584306652840488994e-01
-1.791853170385646621e-01
-9.523407325364363629e-02
-9.168062839428614552e-03
8.072333990364644052e-02
1.644066217419468678e-01
2.522716733585119719e-01
3.437943783996995073e-01
4.431656895557662956e-01
5.420290772999352136e-01
6.428930641050043526e-01
7.427878313657312326e-01
8.482103271634628960e-01
9.512893399225985647e-01
1.057083530362990853e+00
1.163832992133050581e+00
1.264878081985580494e+00
1.370552424741880326e+00
1.480935702519224684e+00
1.594395820965742949e+00
1.705166510271545643e+00
1.797688663654945618e+00
1.884739170570211009e+00
1.972932451959537037e+00
2.048189880471802393e+00
2.117511629770461479e+00
2.175614286077236947e+00
2.223008885917945765e+00
2.266817563625340703e+00
2.265810250824557670e+00
2.302015297032417696e+00
2.334541058303360117e+00
2.350167914185266937e+00
2.368826485307887530e+00
2.397304408630170247e+00
2.389115813830980262e+00
2.402831119758878309e+00
2.414281838724171791e+00
2.422084263780227786e+00
2.439162524313470914e+00
2.489149550860239035e+00
2.536126210267650727e+00
2.587608645334647850e+00
2.638138211255975474e+00
2.716583840302971620e+00
2.782445687454539129e+00
2.854555069041768700e+00
2.924459931122108003e+00
3.078569129516483649e+00
3.218052351941746547e+00
3.339215852019443709e+00
3.503441217372839311e+00
3.659673285287075473e+00
3.774723780168605991e+00
3.929276849229947466e+00
4.087281168010703070e+00
4.274244313369458759e+00
4.440039470930316590e+00
4.645213538125872788e+00
4.836153257712405562e+00
5.025123240583478257e+00
5.219513843186615709e+00
5.425591019243851676e+00
5.648834292881291574e+00
5.853764597663870362e+00
6.090190465318581658e+00
6.330391014448381704e+00
6.575513874871335318e+00
6.823264955419720224e+00
7.084805978734366683e+00
7.336125790911841804e+00
7.604134148824632788e+00
7.850795403234425152e+00
8.117597677250085297e+00
8.353940015609495617e+00
8.581444402855032294e+00
8.793673191644089115e+00
8.990964110356717498e+00
9.184598584771475061e+00
9.380315625413544467e+00
9.560436621679841096e+00
9.761270856282996178e+00
9.965799378070377301e+00
1.017301657653555225e+01
1.034891518952487388e+01
1.054755442306065483e+01
1.073656404161942213e+01
1.092289581236374474e+01
1.111078290395161261e+01
1.128468601697509932e+01
1.146904924171750828e+01
1.165629731841075589e+01
1.182981912539007396e+01
1.200367825355160356e+01
1.217496861906569805e+01
1.235778312011824198e+01
1.253061301227515933e+01
1.269796574902192887e+01
1.286563775541982935e+01
1.303259720271451272e+01
1.318545349370475073e+01
