-0.000000000000000000e+00 -0.000000000000000000e+00 -0.000000000000000000e+00 -0.000000000000000000e+00 -0.000000000000000000e+00 -0.000000000000000000e+00 1.000000000000000000e+00
-0.000000000000000000e+00 -0.000000000000000000e+00 -0.000000000000000000e+00 -0.000000000000000000e+00 -0.000000000000000000e+00 -0.000000000000000000e+00 1.000000000000000000e+00
1.530784461647272110e-02 2.116672508418560028e-02 2.599018253386020660e-02 -3.374686930328607559e-03 1.055905129760503769e-03 -3.366060089319944382e-03 9.999880790710449219e-01
1.530784461647272110e-02 2.116672508418560028e-02 2.599018253386020660e-02 -3.374686930328607559e-03 1.055905129760503769e-03 -3.366060089319944382e-03 9.999880790710449219e-01
2.596626989543437958e-02 3.805125132203102112e-02 4.946891963481903076e-02 -7.523756474256515503e-03 6.334227509796619415e-03 -7.043572142720222473e-03 9.999269247055053711e-01
2.596626989543437958e-02 3.805125132203102112e-02 4.946891963481903076e-02 -7.523756474256515503e-03 6.334227509796619415e-03 -7.043572142720222473e-03 9.999269247055053711e-01
3.770487755537033081e-02 5.080757290124893188e-02 6.949191540479660034e-02 -1.124858856201171875e-02 1.486100628972053528e-02 -1.174227334558963776e-02 9.997574090957641602e-01
3.770487755537033081e-02 5.080757290124893188e-02 6.949191540479660034e-02 -1.124858856201171875e-02 1.486100628972053528e-02 -1.174227334558963776e-02 9.997574090957641602e-01
4.885946214199066162e-02 5.935340374708175659e-02 8.722683787345886230e-02 -1.639053784310817719e-02 2.529702894389629364e-02 -1.889896579086780548e-02 9.993669986724853516e-01
4.885946214199066162e-02 5.935340374708175659e-02 8.722683787345886230e-02 -1.639053784310817719e-02 2.529702894389629364e-02 -1.889896579086780548e-02 9.993669986724853516e-01
6.291648745536804199e-02 7.117325067520141602e-02 1.071116700768470764e-01 -2.123231999576091766e-02 3.653501719236373901e-02 -2.573774009943008423e-02 9.987753033638000488e-01
6.291648745536804199e-02 7.117325067520141602e-02 1.071116700768470764e-01 -2.123231999576091766e-02 3.653501719236373901e-02 -2.573774009943008423e-02 9.987753033638000488e-01
7.752150297164916992e-02 8.007518202066421509e-02 1.217636466026306152e-01 -2.615535818040370941e-02 4.771350324153900146e-02 -3.293529525399208069e-02 9.979752302169799805e-01
7.752150297164916992e-02 8.007518202066421509e-02 1.217636466026306152e-01 -2.615535818040370941e-02 4.771350324153900146e-02 -3.293529525399208069e-02 9.979752302169799805e-01
9.023381024599075317e-02 9.272716939449310303e-02 1.408697366714477539e-01 -2.999026887118816376e-02 5.942391231656074524e-02 -4.036267474293708801e-02 9.969655871391296387e-01
9.814157336950302124e-02 9.814108908176422119e-02 1.499045938253402710e-01 -3.198730945587158203e-02 6.577883660793304443e-02 -4.454165697097778320e-02 9.963262677192687988e-01
1.013318151235580444e-01 1.018131822347640991e-01 1.572841554880142212e-01 -3.414887934923171997e-02 7.108458131551742554e-02 -4.807383567094802856e-02 9.957257509231567383e-01
1.123966053128242493e-01 1.089075952768325806e-01 1.670709997415542603e-01 -3.521869704127311707e-02 7.570721209049224854e-02 -5.010990798473358154e-02 9.952473044395446777e-01
1.001841127872467041e-01 1.090827062726020813e-01 1.553694158792495728e-01 -3.175484389066696167e-02 8.426547795534133911e-02 -5.778852477669715881e-02 9.942592978477478027e-01
1.134377568960189819e-01 1.150608211755752563e-01 1.635496616363525391e-01 -3.258914127945899963e-02 8.687773346900939941e-02 -5.977687984704971313e-02 9.938898086547851562e-01
1.308181732892990112e-01 1.195831894874572754e-01 1.694166511297225952e-01 -3.276250883936882019e-02 8.828201889991760254e-02 -5.877254158258438110e-02 9.938202500343322754e-01
1.481166332960128784e-01 1.267292350530624390e-01 1.791163831949234009e-01 -3.197722509503364563e-02 8.853408694267272949e-02 -5.732169002294540405e-02 9.939081668853759766e-01
1.663743555545806885e-01 1.330370008945465088e-01 1.846071779727935791e-01 -3.088552877306938171e-02 8.908037096261978149e-02 -5.495023354887962341e-02 9.940278530120849609e-01
1.889614909887313843e-01 1.348849087953567505e-01 1.866695433855056763e-01 -3.074598684906959534e-02 8.655706048011779785e-02 -5.154512822628021240e-02 9.944373965263366699e-01
2.048378586769104004e-01 1.407111436128616333e-01 1.947122365236282349e-01 -2.871420606970787048e-02 8.734720945358276367e-02 -5.110988765954971313e-02 9.944514632225036621e-01
2.242255061864852905e-01 1.402675807476043701e-01 2.042553126811981201e-01 -2.898694202303886414e-02 8.836854249238967896e-02 -5.074959248304367065e-02 9.943718314170837402e-01
2.239322960376739502e-01 1.286526471376419067e-01 2.105088829994201660e-01 -3.095606900751590729e-02 8.499318361282348633e-02 -5.617624521255493164e-02 9.943149089813232422e-01
2.395240068435668945e-01 1.301257610321044922e-01 2.194539606571197510e-01 -3.036075085401535034e-02 8.564217388629913330e-02 -5.461764335632324219e-02 9.943644404411315918e-01
2.565717101097106934e-01 1.316983252763748169e-01 2.275937944650650024e-01 -2.962269261479377747e-02 8.584840595722198486e-02 -5.346203967928886414e-02 9.944317340850830078e-01
2.752934098243713379e-01 1.354467719793319702e-01 2.368942350149154663e-01 -2.972826175391674042e-02 8.519511669874191284e-02 -5.278414487838745117e-02 9.945209026336669922e-01
2.920171320438385010e-01 1.401543468236923218e-01 2.413353770971298218e-01 -2.872567623853683472e-02 8.574151992797851562e-02 -5.195762217044830322e-02 9.945469498634338379e-01
3.060986101627349854e-01 1.478623449802398682e-01 2.517541348934173584e-01 -2.677517384290695190e-02 8.760111778974533081e-02 -5.110023915767669678e-02 9.944837689399719238e-01
3.221466541290283203e-01 1.533629149198532104e-01 2.606397271156311035e-01 -2.608778886497020721e-02 8.801461011171340942e-02 -5.161216855049133301e-02 9.944391250610351562e-01
3.326095044612884521e-01 1.635431945323944092e-01 2.715208530426025391e-01 -2.644577622413635254e-02 8.907831460237503052e-02 -5.200834199786186218e-02 9.943142533302307129e-01
3.232911825180053711e-01 1.711012125015258789e-01 2.943404614925384521e-01 -3.010417707264423370e-02 8.568087220191955566e-02 -5.570954456925392151e-02 9.943082928657531738e-01
3.252466022968292236e-01 1.824851781129837036e-01 3.082430362701416016e-01 -3.039874508976936340e-02 8.560105413198471069e-02 -5.616069585084915161e-02 9.942808151245117188e-01
3.258362114429473877e-01 1.958308815956115723e-01 3.228233754634857178e-01 -2.950477972626686096e-02 8.570318669080734253e-02 -5.671018734574317932e-02 9.942678213119506836e-01
3.296128213405609131e-01 2.089121788740158081e-01 3.389010727405548096e-01 -3.005462139844894409e-02 8.422924578189849854e-02 -5.529252439737319946e-02 9.944571256637573242e-01
3.298989832401275635e-01 2.230674773454666138e-01 3.563497066497802734e-01 -3.006547503173351288e-02 8.441323041915893555e-02 -5.666848272085189819e-02 9.943637251853942871e-01
3.334919214248657227e-01 2.368077188730239868e-01 3.671993017196655273e-01 -2.980452403426170349e-02 8.508367091417312622e-02 -5.633983388543128967e-02 9.943331480026245117e-01
3.360961675643920898e-01 2.457799613475799561e-01 3.806430101394653320e-01 -3.135063499212265015e-02 8.334904164075851440e-02 -5.908971279859542847e-02 9.942728877067565918e-01
3.375926017761230469e-01 2.490364909172058105e-01 3.867787122726440430e-01 -3.219862654805183411e-02 8.324043452739715576e-02 -5.951375886797904968e-02 9.942296147346496582e-01
3.407636284828186035e-01 2.626314163208007812e-01 4.003197848796844482e-01 -3.253473341464996338e-02 8.308173716068267822e-02 -5.946327745914459229e-02 9.942349195480346680e-01
3.433712422847747803e-01 2.758136689662933350e-01 4.129935204982757568e-01 -3.292401880025863647e-02 8.358451724052429199e-02 -6.009425595402717590e-02 9.941420555114746094e-01
3.460959494113922119e-01 2.893641889095306396e-01 4.249217808246612549e-01 -3.200371935963630676e-02 8.433897048234939575e-02 -5.925774574279785156e-02 9.941586256027221680e-01
3.506888747215270996e-01 3.024237751960754395e-01 4.374232888221740723e-01 -3.250613436102867126e-02 8.328803628683090210e-02 -5.984892323613166809e-02 9.941955208778381348e-01
3.515515029430389404e-01 3.114074766635894775e-01 4.460716843605041504e-01 -3.175035864114761353e-02 8.370184153318405151e-02 -5.975231155753135681e-02 9.941909909248352051e-01
3.547201156616210938e-01 3.226237297058105469e-01 4.579411745071411133e-01 -3.180275112390518188e-02 8.331978321075439453e-02 -5.967206507921218872e-02 9.942262172698974609e-01
3.566481471061706543e-01 3.312713205814361572e-01 4.671137928962707520e-01 -3.313148394227027893e-02 8.321242779493331909e-02 -5.744441226124763489e-02 9.943229556083679199e-01
3.578073382377624512e-01 3.406063318252563477e-01 4.777209162712097168e-01 -3.327571973204612732e-02 8.307617902755737305e-02 -5.769869685173034668e-02 9.943148493766784668e-01
3.591914474964141846e-01 3.497509658336639404e-01 4.885678589344024658e-01 -3.347694873809814453e-02 8.280897885560989380e-02 -5.841696262359619141e-02 9.942884445190429688e-01
3.605669736862182617e-01 3.585745096206665039e-01 5.001205205917358398e-01 -3.350194916129112244e-02 8.275556564331054688e-02 -5.779253691434860229e-02 9.943284988403320312e-01
3.614792525768280029e-01 3.652759790420532227e-01 5.069598555564880371e-01 -3.324854746460914612e-02 8.327768743038177490e-02 -5.703502148389816284e-02 9.943371415138244629e-01
3.614240288734436035e-01 3.739392459392547607e-01 5.190131068229675293e-01 -3.350429981946945190e-02 8.294975757598876953e-02 -5.699056386947631836e-02 9.943585991859436035e-01
3.618009686470031738e-01 3.794640004634857178e-01 5.278604626655578613e-01 -3.431747481226921082e-02 8.318183571100234985e-02 -5.724873393774032593e-02 9.942965507507324219e-01
3.623820841312408447e-01 3.840229213237762451e-01 5.355417132377624512e-01 -3.578298911452293396e-02 8.209012448787689209e-02 -5.928295478224754333e-02 9.942164421081542969e-01
3.612098395824432373e-01 3.894563019275665283e-01 5.432395935058593750e-01 -3.449424356222152710e-02 8.267780393362045288e-02 -5.774214491248130798e-02 9.943040013313293457e-01
3.605888783931732178e-01 3.972245454788208008e-01 5.564969778060913086e-01 -3.369808942079544067e-02 8.227641880512237549e-02 -5.829005315899848938e-02 9.943326115608215332e-01
3.594498038291931152e-01 4.013820886611938477e-01 5.641883611679077148e-01 -3.288588672876358032e-02 8.279280364513397217e-02 -5.681596323847770691e-02 9.944022893905639648e-01
3.572974503040313721e-01 4.048866927623748779e-01 5.724577307701110840e-01 -3.225732222199440002e-02 8.339276909828186035e-02 -5.600911751389503479e-02 9.944185614585876465e-01
3.537263572216033936e-01 4.087712764739990234e-01 5.836988687515258789e-01 -3.027677722275257111e-02 8.573687076568603516e-02 -5.319368466734886169e-02 9.944360256195068359e-01
3.534592688083648682e-01 4.125286638736724854e-01 5.915501117706298828e-01 -3.329027071595191956e-02 8.314269781112670898e-02 -5.614386126399040222e-02 9.943978190422058105e-01
3.469151258468627930e-01 4.154266417026519775e-01 5.963575243949890137e-01 -3.231386095285415649e-02 8.423487842082977295e-02 -5.444008857011795044e-02 9.944328069686889648e-01
3.464948832988739014e-01 4.181578755378723145e-01 6.025611758232116699e-01 -3.347006067633628845e-02 8.325097709894180298e-02 -5.627426877617835999e-02 9.943753480911254883e-01
3.445547521114349365e-01 4.201301634311676025e-01 6.033166050910949707e-01 -3.320730850100517273e-02 8.213698118925094604e-02 -5.493450909852981567e-02 9.945517182350158691e-01
3.396125435829162598e-01 4.263696968555450439e-01 6.133933663368225098e-01 -3.235859051346778870e-02 8.236335963010787964e-02 -5.721861496567726135e-02 9.944321513175964355e-01
3.382364511489868164e-01 4.312168359756469727e-01 6.134469509124755859e-01 -3.350362926721572876e-02 8.336286246776580811e-02 -5.779950693249702454e-02 9.942773580551147461e-01
3.375190496444702148e-01 4.350572228431701660e-01 6.208909749984741211e-01 -3.523520380258560181e-02 8.017265051603317261e-02 -6.380864977836608887e-02 9.941123723983764648e-01
3.633899092674255371e-01 4.495177567005157471e-01 6.291926503181457520e-01 -7.372149731963872910e-03 3.205289319157600403e-02 2.768951095640659332e-02 9.990754127502441406e-01
3.610127270221710205e-01 4.539527893066406250e-01 6.352027058601379395e-01 -6.560466717928647995e-03 3.277431800961494446e-02 2.943108044564723969e-02 9.990078210830688477e-01
3.595612347126007080e-01 4.576398730278015137e-01 6.421247124671936035e-01 -7.534153293818235397e-03 3.261103108525276184e-02 3.023225069046020508e-02 9.989824295043945312e-01
3.585888743400573730e-01 4.626934528350830078e-01 6.488881111145019531e-01 -5.977694876492023468e-03 3.436973318457603455e-02 3.158537298440933228e-02 9.988920688629150391e-01
3.580807447433471680e-01 4.679549038410186768e-01 6.563425064086914062e-01 -6.155089009553194046e-03 3.417834267020225525e-02 2.791268192231655121e-02 9.990069270133972168e-01
3.586674332618713379e-01 4.747860729694366455e-01 6.667270064353942871e-01 -5.820180289447307587e-03 3.354765474796295166e-02 3.101216442883014679e-02 9.989389181137084961e-01
3.592238426208496094e-01 4.794900417327880859e-01 6.719622611999511719e-01 -8.365080691874027252e-03 3.307344391942024231e-02 2.512937039136886597e-02 9.991019368171691895e-01
3.732423782348632812e-01 4.965556561946868896e-01 6.863532662391662598e-01 6.188831292092800140e-03 -2.106177806854248047e-02 9.859950095415115356e-02 9.948850870132446289e-01
3.732728958129882812e-01 5.033549666404724121e-01 6.962229013442993164e-01 7.011972833424806595e-03 -2.112454362213611603e-02 9.994368255138397217e-02 9.947441220283508301e-01
3.737154304981231689e-01 5.079841017723083496e-01 7.036998867988586426e-01 6.182647775858640671e-03 -2.303367480635643005e-02 9.710782021284103394e-02 9.949881434440612793e-01
3.738511204719543457e-01 5.137465596199035645e-01 7.122424244880676270e-01 6.168833933770656586e-03 -2.395995520055294037e-02 9.714034944772720337e-02 9.949631690979003906e-01
3.770303726196289062e-01 5.265230536460876465e-01 7.263340353965759277e-01 8.879147469997406006e-03 -3.846357017755508423e-02 1.127273440361022949e-01 9.928414821624755859e-01
3.772941231727600098e-01 5.339064002037048340e-01 7.375128865242004395e-01 -1.068622618913650513e-02 -3.822123259305953979e-02 1.105473116040229797e-01 9.930782318115234375e-01
3.755609989166259766e-01 5.423575043678283691e-01 7.510839700698852539e-01 -2.376108989119529724e-02 -4.849103838205337524e-02 1.064171269536018372e-01 9.928541779518127441e-01
3.815511465072631836e-01 5.519723892211914062e-01 7.594641447067260742e-01 -4.498596116900444031e-02 -5.430055037140846252e-02 1.013985574245452881e-01 9.923437833786010742e-01
3.812350332736968994e-01 5.661889910697937012e-01 7.804244160652160645e-01 -6.724193692207336426e-02 -5.880272388458251953e-02 9.360645711421966553e-02 9.915940165519714355e-01
3.778767883777618408e-01 5.761302709579467773e-01 7.945935130119323730e-01 -9.081124514341354370e-02 -6.163785979151725769e-02 8.511082082986831665e-02 9.903081655502319336e-01
3.785158097743988037e-01 5.786389708518981934e-01 7.971201539039611816e-01 -1.173217967152595520e-01 -6.572447717189788818e-02 7.564473152160644531e-02 9.880251884460449219e-01
3.765146732330322266e-01 5.869367122650146484e-01 8.101776838302612305e-01 -1.443084478378295898e-01 -6.855039298534393311e-02 6.494177132844924927e-02 9.850170016288757324e-01
3.764241337776184082e-01 5.980758070945739746e-01 8.262040615081787109e-01 -1.711475998163223267e-01 -7.443799823522567749e-02 5.456786230206489563e-02 9.809127449989318848e-01
3.800920546054840088e-01 6.067240834236145020e-01 8.344326019287109375e-01 -1.985188573598861694e-01 -7.865380495786666870e-02 4.544257000088691711e-02 9.758784770965576172e-01
3.788904547691345215e-01 6.152736544609069824e-01 8.475790619850158691e-01 -2.266890853643417358e-01 -8.268319070339202881e-02 3.406037762761116028e-02 9.698533415794372559e-01
3.782768845558166504e-01 6.242230534553527832e-01 8.611370325088500977e-01 -2.547654509544372559e-01 -8.625690639019012451e-02 2.401095815002918243e-02 9.628488421440124512e-01
3.741301000118255615e-01 6.331156492233276367e-01 8.738906383514404297e-01 -2.816033363342285156e-01 -8.947111666202545166e-02 1.366163045167922974e-02 9.552528262138366699e-01
3.711757659912109375e-01 6.413789391517639160e-01 8.883978128433227539e-01 -3.084165751934051514e-01 -9.363250434398651123e-02 4.137719981372356415e-03 9.466230273246765137e-01
3.689194023609161377e-01 6.500418186187744141e-01 9.019004106521606445e-01 -3.342579901218414307e-01 -9.783491492271423340e-02 -4.593366291373968124e-03 9.373787641525268555e-01
3.655397891998291016e-01 6.586416959762573242e-01 9.165724515914916992e-01 -3.590770959854125977e-01 -1.027342826128005981e-01 -1.245884038507938385e-02 9.275528192520141602e-01
3.635737299919128418e-01 6.670824289321899414e-01 9.289234876632690430e-01 -3.819674551486968994e-01 -1.072575226426124573e-01 -1.857348717749118805e-02 9.177427887916564941e-01
3.606069982051849365e-01 6.753162741661071777e-01 9.428341388702392578e-01 -4.035460948944091797e-01 -1.125453859567642212e-01 -2.346093766391277313e-02 9.077079892158508301e-01
3.572663962841033936e-01 6.835160851478576660e-01 9.564703106880187988e-01 -4.234961867332458496e-01 -1.177817508578300476e-01 -2.631946466863155365e-02 8.978228569030761719e-01
3.535246551036834717e-01 6.928321123123168945e-01 9.727256298065185547e-01 -4.410259723663330078e-01 -1.236741915345191956e-01 -2.756003104150295258e-02 8.885051608085632324e-01
3.493155241012573242e-01 7.001167535781860352e-01 9.866589307785034180e-01 -4.566574394702911377e-01 -1.299339234828948975e-01 -2.716113440692424774e-02 8.796837925910949707e-01
3.453881144523620605e-01 7.085483074188232422e-01 1.001524925231933594e+00 -4.697629511356353760e-01 -1.370533704757690430e-01 -2.408852614462375641e-02 8.717562556266784668e-01
3.414988815784454346e-01 7.171028852462768555e-01 1.016229629516601562e+00 -4.805115759372711182e-01 -1.446570008993148804e-01 -1.845641806721687317e-02 8.647788166999816895e-01
3.373487889766693115e-01 7.261892557144165039e-01 1.031321287155151367e+00 -4.885509610176086426e-01 -1.530365049839019775e-01 -1.086212135851383209e-02 8.589410781860351562e-01
3.345048427581787109e-01 7.346752285957336426e-01 1.046356916427612305e+00 -4.949738085269927979e-01 -1.621223390102386475e-01 2.108102853526361287e-05 8.536494374275207520e-01
3.289850354194641113e-01 7.437245845794677734e-01 1.062167882919311523e+00 -4.991214573383331299e-01 -1.711729615926742554e-01 1.102492399513721466e-02 8.493856787681579590e-01
3.241194486618041992e-01 7.525177597999572754e-01 1.077689647674560547e+00 -5.015276074409484863e-01 -1.804050654172897339e-01 2.418900653719902039e-02 8.457772135734558105e-01
3.189791440963745117e-01 7.607735395431518555e-01 1.093346834182739258e+00 -5.020881295204162598e-01 -1.904527842998504639e-01 3.874709829688072205e-02 8.426944613456726074e-01
3.131111860275268555e-01 7.699852585792541504e-01 1.109258413314819336e+00 -5.002278089523315430e-01 -2.011803984642028809e-01 5.496886745095252991e-02 8.404029011726379395e-01
3.066644966602325439e-01 7.777357697486877441e-01 1.125080585479736328e+00 -4.974969327449798584e-01 -2.114730030298233032e-01 7.191337645053863525e-02 8.382151126861572266e-01
2.988885343074798584e-01 7.855992913246154785e-01 1.140362024307250977e+00 -4.925079941749572754e-01 -2.223751544952392578e-01 8.958762139081954956e-02 8.366356492042541504e-01
2.891599833965301514e-01 7.940756082534790039e-01 1.156477451324462891e+00 -4.856754839420318604e-01 -2.329903393983840942e-01 1.089055165648460388e-01 8.354486823081970215e-01
2.784925103187561035e-01 8.008298873901367188e-01 1.171785593032836914e+00 -4.777953028678894043e-01 -2.438085526227951050e-01 1.282358020544052124e-01 8.341610431671142578e-01
2.664918899536132812e-01 8.078692555427551270e-01 1.185926556587219238e+00 -4.678952693939208984e-01 -2.550799846649169922e-01 1.482218950986862183e-01 8.330897092819213867e-01
2.514677047729492188e-01 8.145126700401306152e-01 1.198739647865295410e+00 -4.565872550010681152e-01 -2.656237483024597168e-01 1.685032248497009277e-01 8.322132229804992676e-01
2.377693057060241699e-01 8.223404884338378906e-01 1.210782051086425781e+00 -4.443528056144714355e-01 -2.764891088008880615e-01 1.889185160398483276e-01 8.309116959571838379e-01
2.259129881858825684e-01 8.337863087654113770e-01 1.222672581672668457e+00 -4.306586980819702148e-01 -2.870695292949676514e-01 2.093569487333297729e-01 8.296348452568054199e-01
2.139061689376831055e-01 8.427401781082153320e-01 1.236371994018554688e+00 -4.156730175018310547e-01 -2.981579601764678955e-01 2.299043387174606323e-01 8.279262185096740723e-01
2.010009288787841797e-01 8.492773771286010742e-01 1.249545335769653320e+00 -4.001672565937042236e-01 -3.084570467472076416e-01 2.501528263092041016e-01 8.259201049804687500e-01
1.882411837577819824e-01 8.544712066650390625e-01 1.261704921722412109e+00 -3.837428092956542969e-01 -3.183600306510925293e-01 2.691572904586791992e-01 8.239797949790954590e-01
1.762917637825012207e-01 8.595646023750305176e-01 1.272489905357360840e+00 -3.662479221820831299e-01 -3.279817402362823486e-01 2.880246639251708984e-01 8.217860460281372070e-01
1.641827821731567383e-01 8.647839426994323730e-01 1.283203005790710449e+00 -3.481523394584655762e-01 -3.370970487594604492e-01 3.059985935688018799e-01 8.194634914398193359e-01
1.509522199630737305e-01 8.701164722442626953e-01 1.293944597244262695e+00 -3.295693695545196533e-01 -3.458852767944335938e-01 3.226298689842224121e-01 8.171030282974243164e-01
1.397518515586853027e-01 8.755481243133544922e-01 1.303403139114379883e+00 -3.103206753730773926e-01 -3.545611798763275146e-01 3.393361568450927734e-01 8.141489028930664062e-01
1.278239488601684570e-01 8.804904222488403320e-01 1.312889099121093750e+00 -2.909341752529144287e-01 -3.627032339572906494e-01 3.547268211841583252e-01 8.111550807952880859e-01
1.162024140357971191e-01 8.855935335159301758e-01 1.321146368980407715e+00 -2.697694897651672363e-01 -3.709796965122222900e-01 3.672885894775390625e-01 8.091338872909545898e-01
1.048721075057983398e-01 8.904758095741271973e-01 1.329237222671508789e+00 -2.483232319355010986e-01 -3.791005611419677734e-01 3.781674206256866455e-01 8.072222471237182617e-01
9.397816658020019531e-02 8.954872488975524902e-01 1.337232112884521484e+00 -2.276329249143600464e-01 -3.867587149143218994e-01 3.896577954292297363e-01 8.042187690734863281e-01
8.319771289825439453e-02 8.997477293014526367e-01 1.344990730285644531e+00 -2.074045240879058838e-01 -3.934082984924316406e-01 4.008066058158874512e-01 8.009790182113647461e-01
7.349073886871337891e-02 9.031183719635009766e-01 1.351227998733520508e+00 -1.870595663785934448e-01 -3.993133902549743652e-01 4.116277694702148438e-01 7.975714206695556641e-01
6.355893611907958984e-02 9.075253605842590332e-01 1.358845710754394531e+00 -1.673744767904281616e-01 -4.054106771945953369e-01 4.222310185432434082e-01 7.933152318000793457e-01
5.359327793121337891e-02 9.111276268959045410e-01 1.364209771156311035e+00 -1.483036726713180542e-01 -4.107165336608886719e-01 4.327320754528045654e-01 7.887084484100341797e-01
4.335963726043701172e-02 9.165946245193481445e-01 1.369477987289428711e+00 -1.297105699777603149e-01 -4.160405993461608887e-01 4.443690478801727295e-01 7.827014923095703125e-01
3.448486328125000000e-02 9.194279313087463379e-01 1.373422265052795410e+00 -1.123454943299293518e-01 -4.206917285919189453e-01 4.546076059341430664e-01 7.770000100135803223e-01
2.673208713531494141e-02 9.211805462837219238e-01 1.376675963401794434e+00 -9.589105099439620972e-02 -4.249083101749420166e-01 4.644432365894317627e-01 7.710708975791931152e-01
1.668775081634521484e-02 9.234446287155151367e-01 1.380087137222290039e+00 -7.960909605026245117e-02 -4.287044703960418701e-01 4.739409685134887695e-01 7.650195360183715820e-01
9.045004844665527344e-03 9.246910810470581055e-01 1.381989955902099609e+00 -6.457965075969696045e-02 -4.327088892459869385e-01 4.826591908931732178e-01 7.587046027183532715e-01
3.331065177917480469e-03 9.275814890861511230e-01 1.385698556900024414e+00 -4.946222901344299316e-02 -4.372859001159667969e-01 4.902931749820709229e-01 7.522946000099182129e-01
-3.537058830261230469e-03 9.309360980987548828e-01 1.386829733848571777e+00 -3.406709432601928711e-02 -4.408624768257141113e-01 4.969480037689208984e-01 7.466742396354675293e-01
-8.493542671203613281e-03 9.329624772071838379e-01 1.390158653259277344e+00 -2.051789686083793640e-02 -4.449736773967742920e-01 5.028404593467712402e-01 7.407624125480651855e-01
-1.538765430450439453e-02 9.346511363983154297e-01 1.391968131065368652e+00 -7.349808700382709503e-03 -4.484647512435913086e-01 5.084040164947509766e-01 7.350854873657226562e-01
-2.094328403472900391e-02 9.371083378791809082e-01 1.393810629844665527e+00 -5.970430560410022736e-03 -4.548771083354949951e-01 5.090906620025634766e-01 7.306695580482482910e-01
-2.491688728332519531e-02 9.373189806938171387e-01 1.395970344543457031e+00 -4.979079123586416245e-03 -4.615514278411865234e-01 5.084064006805419922e-01 7.269583344459533691e-01
-3.166782855987548828e-02 9.395670890808105469e-01 1.397001624107360840e+00 -2.866788767278194427e-03 -4.672120213508605957e-01 5.083422660827636719e-01 7.233899235725402832e-01
-3.711664676666259766e-02 9.413173794746398926e-01 1.400434732437133789e+00 -1.813900656998157501e-03 -4.732459485530853271e-01 5.093311071395874023e-01 7.187606096267700195e-01
-4.122757911682128906e-02 9.417276978492736816e-01 1.401821494102478027e+00 -1.138404593802988529e-03 -4.783796668052673340e-01 5.095239281654357910e-01 7.152181863784790039e-01
-4.588747024536132812e-02 9.439433217048645020e-01 1.404918313026428223e+00 2.594520919956266880e-04 -4.835596084594726562e-01 5.097512006759643555e-01 7.115643024444580078e-01
-5.040431022644042969e-02 9.433105587959289551e-01 1.404577612876892090e+00 1.091255107894539833e-03 -4.873012900352478027e-01 5.090014934539794922e-01 7.095447182655334473e-01
-5.216515064239501953e-02 9.444112181663513184e-01 1.407892107963562012e+00 1.949140219949185848e-03 -4.913769662380218506e-01 5.094006061553955078e-01 7.064388990402221680e-01
-5.541932582855224609e-02 9.455853104591369629e-01 1.410369038581848145e+00 2.144193043932318687e-03 -4.938503503799438477e-01 5.109149217605590820e-01 7.036144733428955078e-01
-5.673372745513916016e-02 9.440922141075134277e-01 1.409449458122253418e+00 1.990074757486581802e-03 -4.956417083740234375e-01 5.107653141021728516e-01 7.024629712104797363e-01
-5.579066276550292969e-02 9.438382387161254883e-01 1.409537434577941895e+00 1.934005180373787880e-03 -4.976179003715515137e-01 5.102961063385009766e-01 7.014061808586120605e-01
-5.777037143707275391e-02 9.441521763801574707e-01 1.411926984786987305e+00 1.715608756057918072e-03 -4.984555840492248535e-01 5.106962323188781738e-01 7.005201578140258789e-01
-5.574047565460205078e-02 9.442611336708068848e-01 1.411418795585632324e+00 1.126345130614936352e-03 -4.980009794235229492e-01 5.120094418525695801e-01 6.998857855796813965e-01
-5.865633487701416016e-02 9.434694051742553711e-01 1.411383032798767090e+00 5.396152846515178680e-04 -4.964623749256134033e-01 5.125205516815185547e-01 7.006051540374755859e-01
-5.868804454803466797e-02 9.452630877494812012e-01 1.413752198219299316e+00 -5.408396245911717415e-04 -4.948242902755737305e-01 5.143175125122070312e-01 7.004471421241760254e-01
-6.172156333923339844e-02 9.439634680747985840e-01 1.411673069000244141e+00 -8.526794845238327980e-04 -4.910169243812561035e-01 5.133126974105834961e-01 7.038549780845642090e-01
-6.038069725036621094e-02 9.448006153106689453e-01 1.413211941719055176e+00 -1.754618249833583832e-03 -4.877837002277374268e-01 5.134470462799072266e-01 7.060001492500305176e-01
-5.839037895202636719e-02 9.446238279342651367e-01 1.415296912193298340e+00 -3.315313253551721573e-03 -4.837128818035125732e-01 5.128342509269714355e-01 7.092334032058715820e-01
-6.095290184020996094e-02 9.474533200263977051e-01 1.415051937103271484e+00 -2.724735764786601067e-03 -4.778679609298706055e-01 5.132094621658325195e-01 7.129172086715698242e-01
-6.070590019226074219e-02 9.479349851608276367e-01 1.413821101188659668e+00 -2.693088725209236145e-03 -4.710364341735839844e-01 5.120213627815246582e-01 7.182977199554443359e-01
-5.722558498382568359e-02 9.479916691780090332e-01 1.416752576828002930e+00 -1.801896467804908752e-02 -4.683059453964233398e-01 5.032511353492736816e-01 7.260187864303588867e-01
-6.039261817932128906e-02 9.477472901344299316e-01 1.418712019920349121e+00 -3.348819911479949951e-02 -4.640221297740936279e-01 4.922902882099151611e-01 7.356713414192199707e-01
-6.601810455322265625e-02 9.484586119651794434e-01 1.420011997222900391e+00 -4.958377406001091003e-02 -4.584298133850097656e-01 4.805425107479095459e-01 7.459641695022583008e-01
-6.919050216674804688e-02 9.507812261581420898e-01 1.425825476646423340e+00 -6.826739013195037842e-02 -4.534470736980438232e-01 4.686408340930938721e-01 7.550504207611083984e-01
-7.266664505004882812e-02 9.501184821128845215e-01 1.427862286567687988e+00 -8.736672252416610718e-02 -4.464051723480224609e-01 4.544487297534942627e-01 7.658758163452148438e-01
-7.535874843597412109e-02 9.497420787811279297e-01 1.430634021759033203e+00 -1.066906675696372986e-01 -4.395095705986022949e-01 4.391344785690307617e-01 7.762792110443115234e-01
-7.782733440399169922e-02 9.509801268577575684e-01 1.433879733085632324e+00 -1.263191848993301392e-01 -4.315890073776245117e-01 4.241544306278228760e-01 7.860454916954040527e-01
-8.243405818939208984e-02 9.520976543426513672e-01 1.435853123664855957e+00 -1.457736939191818237e-01 -4.226384162902832031e-01 4.081668853759765625e-01 7.959438562393188477e-01
-8.662080764770507812e-02 9.517993330955505371e-01 1.438971996307373047e+00 -1.660239100456237793e-01 -4.135380089282989502e-01 3.906397819519042969e-01 8.054955601692199707e-01
-8.950555324554443359e-02 9.522822499275207520e-01 1.442656278610229492e+00 -1.862283051013946533e-01 -4.047365188598632812e-01 3.728749752044677734e-01 8.139236569404602051e-01
-9.282338619232177734e-02 9.517651796340942383e-01 1.445281863212585449e+00 -2.064218670129776001e-01 -3.944745361804962158e-01 3.548701703548431396e-01 8.220992088317871094e-01
-9.545600414276123047e-02 9.519882798194885254e-01 1.448107123374938965e+00 -2.262693047523498535e-01 -3.847865164279937744e-01 3.363736867904663086e-01 8.292130827903747559e-01
-9.860652685165405273e-02 9.515942335128784180e-01 1.450485706329345703e+00 -2.456986904144287109e-01 -3.745992481708526611e-01 3.177696168422698975e-01 8.356614112854003906e-01
-1.011613011360168457e-01 9.514900445938110352e-01 1.452790498733520508e+00 -2.643827199935913086e-01 -3.649117052555084229e-01 2.990451157093048096e-01 8.411380648612976074e-01
-1.031094193458557129e-01 9.512152671813964844e-01 1.454473137855529785e+00 -2.820518612861633301e-01 -3.551544547080993652e-01 2.808942496776580811e-01 8.458194136619567871e-01
-1.058599948883056641e-01 9.515614509582519531e-01 1.455899477005004883e+00 -2.985325157642364502e-01 -3.455455899238586426e-01 2.633225023746490479e-01 8.497869372367858887e-01
-1.072067618370056152e-01 9.518715739250183105e-01 1.456964969635009766e+00 -3.137693107128143311e-01 -3.368746936321258545e-01 2.467456907033920288e-01 8.527489900588989258e-01
-1.087387204170227051e-01 9.520494937896728516e-01 1.457991719245910645e+00 -3.281190693378448486e-01 -3.287304043769836426e-01 2.303489297628402710e-01 8.551102876663208008e-01
-1.098677515983581543e-01 9.520131349563598633e-01 1.458802223205566406e+00 -3.412748873233795166e-01 -3.212758898735046387e-01 2.149618417024612427e-01 8.567991256713867188e-01
-1.108133196830749512e-01 9.522794485092163086e-01 1.459084749221801758e+00 -3.529677689075469971e-01 -3.143438398838043213e-01 2.013213038444519043e-01 8.579460978507995605e-01
-1.107287406921386719e-01 9.522115588188171387e-01 1.459355592727661133e+00 -3.632628023624420166e-01 -3.092980086803436279e-01 1.883107572793960571e-01 8.584369421005249023e-01
-1.113618016242980957e-01 9.521642923355102539e-01 1.459486842155456543e+00 -3.720163404941558838e-01 -3.047231435775756836e-01 1.767330914735794067e-01 8.587858676910400391e-01
-1.119830906391143799e-01 9.523105621337890625e-01 1.459864139556884766e+00 -3.795668482780456543e-01 -3.012652695178985596e-01 1.668364256620407104e-01 8.586814999580383301e-01
-1.126148104667663574e-01 9.522243738174438477e-01 1.460350513458251953e+00 -3.861142396926879883e-01 -2.982930243015289307e-01 1.576515287160873413e-01 8.585354685783386230e-01
-1.134727597236633301e-01 9.520645141601562500e-01 1.460759758949279785e+00 -3.915075659751892090e-01 -2.961704432964324951e-01 1.493005305528640747e-01 8.583206534385681152e-01
-1.146844923496246338e-01 9.524155855178833008e-01 1.461386680603027344e+00 -3.960516154766082764e-01 -2.941172420978546143e-01 1.424611806869506836e-01 8.581043481826782227e-01
-1.147929430007934570e-01 9.516866207122802734e-01 1.461987257003784180e+00 -4.004183113574981689e-01 -2.928598523139953613e-01 1.362830251455307007e-01 8.575110435485839844e-01
-1.160845756530761719e-01 9.515982866287231445e-01 1.462668418884277344e+00 -4.035824835300445557e-01 -2.914860546588897705e-01 1.306518316268920898e-01 8.573722839355468750e-01
-1.173636913299560547e-01 9.513864517211914062e-01 1.463567733764648438e+00 -4.064328372478485107e-01 -2.899674475193023682e-01 1.256279200315475464e-01 8.572916388511657715e-01
-1.189004778861999512e-01 9.510830640792846680e-01 1.464345216751098633e+00 -4.086913168430328369e-01 -2.883786857128143311e-01 1.209176331758499146e-01 8.574311137199401855e-01
-1.206321716308593750e-01 9.509778022766113281e-01 1.465460062026977539e+00 -4.107297062873840332e-01 -2.865378558635711670e-01 1.168280392885208130e-01 8.576411604881286621e-01
-1.226038932800292969e-01 9.507927298545837402e-01 1.466527462005615234e+00 -4.124807417392730713e-01 -2.841213047504425049e-01 1.128855720162391663e-01 8.581326007843017578e-01
-1.243411600589752197e-01 9.503930807113647461e-01 1.467700242996215820e+00 -4.140250682830810547e-01 -2.812670171260833740e-01 1.091157346963882446e-01 8.588166236877441406e-01
-1.266089081764221191e-01 9.500550031661987305e-01 1.468803167343139648e+00 -4.156703054904937744e-01 -2.774205207824707031e-01 1.053851172327995300e-01 8.597384095191955566e-01
-1.287774145603179932e-01 9.496465921401977539e-01 1.470055341720581055e+00 -4.174176752567291260e-01 -2.727299928665161133e-01 1.019081994891166687e-01 8.608109951019287109e-01
-1.311362385749816895e-01 9.494202136993408203e-01 1.471115350723266602e+00 -4.191157817840576172e-01 -2.668257355690002441e-01 9.794548153877258301e-02 8.622950315475463867e-01
-1.336890310049057007e-01 9.490984678268432617e-01 1.472513914108276367e+00 -4.212800562381744385e-01 -2.597479522228240967e-01 9.389539808034896851e-02 8.638505339622497559e-01
-1.364505141973495483e-01 9.483171105384826660e-01 1.473838329315185547e+00 -4.235185384750366211e-01 -2.513440847396850586e-01 8.898238837718963623e-02 8.657599687576293945e-01
-1.392024606466293335e-01 9.476234316825866699e-01 1.475393295288085938e+00 -4.263614118099212646e-01 -2.412218153476715088e-01 8.359622210264205933e-02 8.677786588668823242e-01
-1.426689028739929199e-01 9.475713372230529785e-01 1.476612925529479980e+00 -4.292385876178741455e-01 -2.291067689657211304e-01 7.759357243776321411e-02 8.701974749565124512e-01
-1.459595859050750732e-01 9.466314315795898438e-01 1.478292465209960938e+00 -4.331812262535095215e-01 -2.149876654148101807e-01 7.094412297010421753e-02 8.724111318588256836e-01
-1.493700891733169556e-01 9.459930658340454102e-01 1.479862093925476074e+00 -4.374808371067047119e-01 -1.991989463567733765e-01 6.381418555974960327e-02 8.745616674423217773e-01
-1.528513729572296143e-01 9.450579881668090820e-01 1.481219768524169922e+00 -4.416863620281219482e-01 -1.819945573806762695e-01 5.601259693503379822e-02 8.767290115356445312e-01
-1.567622274160385132e-01 9.442503452301025391e-01 1.482752084732055664e+00 -4.462030827999114990e-01 -1.633930504322052002e-01 4.760846868157386780e-02 8.786005377769470215e-01
-1.608018726110458374e-01 9.434321522712707520e-01 1.484107732772827148e+00 -4.505577683448791504e-01 -1.437499225139617920e-01 3.886001557111740112e-02 8.802406787872314453e-01
-1.650296151638031006e-01 9.424996376037597656e-01 1.485590815544128418e+00 -4.547846317291259766e-01 -1.235136389732360840e-01 2.978831157088279724e-02 8.814918994903564453e-01
-1.692838668823242188e-01 9.413291811943054199e-01 1.487071037292480469e+00 -4.589813649654388428e-01 -1.026462391018867493e-01 2.073871903121471405e-02 8.822526931762695312e-01
-1.737382709980010986e-01 9.401722550392150879e-01 1.488361001014709473e+00 -4.625303745269775391e-01 -8.120558410882949829e-02 1.187328156083822250e-02 8.827968835830688477e-01
-1.781130731105804443e-01 9.388921856880187988e-01 1.489736795425415039e+00 -4.659584164619445801e-01 -5.998639762401580811e-02 3.479265142232179642e-03 8.827640414237976074e-01
-1.830909401178359985e-01 9.380059838294982910e-01 1.490948438644409180e+00 -4.684395492076873779e-01 -3.880983218550682068e-02 -5.389835685491561890e-03 8.826262950897216797e-01
-1.878915131092071533e-01 9.369457960128784180e-01 1.492166519165039062e+00 -4.705602824687957764e-01 -1.860869117081165314e-02 -1.351311150938272476e-02 8.820680975914001465e-01
-1.929505467414855957e-01 9.354331493377685547e-01 1.493363976478576660e+00 -4.721795916557312012e-01 1.158584607765078545e-03 -2.116178348660469055e-02 8.812476396560668945e-01
-1.979414373636245728e-01 9.338027834892272949e-01 1.494473218917846680e+00 -4.732563495635986328e-01 1.990265771746635437e-02 -2.773096039891242981e-02 8.802632689476013184e-01
-2.031707316637039185e-01 9.323803186416625977e-01 1.495582222938537598e+00 -4.734857082366943359e-01 3.713067620992660522e-02 -3.408323228359222412e-02 8.793582320213317871e-01
-2.085506319999694824e-01 9.311124086380004883e-01 1.496658205986022949e+00 -4.730660021305084229e-01 5.353397130966186523e-02 -3.848298639059066772e-02 8.785566687583923340e-01
-2.140332162380218506e-01 9.295858144760131836e-01 1.497749567031860352e+00 -4.718818664550781250e-01 6.882482767105102539e-02 -4.065352305769920349e-02 8.780307173728942871e-01
-2.202084064483642578e-01 9.281511306762695312e-01 1.498812675476074219e+00 -4.698747098445892334e-01 8.127044141292572021e-02 -4.325256869196891785e-02 8.779191970825195312e-01
-2.259815037250518799e-01 9.263629913330078125e-01 1.499858617782592773e+00 -4.674667418003082275e-01 9.099902957677841187e-02 -4.506564140319824219e-02 8.781589269638061523e-01
-2.321188598871231079e-01 9.247581958770751953e-01 1.500669002532958984e+00 -4.642075896263122559e-01 9.740138798952102661e-02 -4.647525772452354431e-02 8.791270256042480469e-01
-2.383208274841308594e-01 9.235754013061523438e-01 1.501656055450439453e+00 -4.604343175888061523e-01 1.006965339183807373e-01 -4.744633659720420837e-02 8.806868791580200195e-01
-2.445999830961227417e-01 9.214868545532226562e-01 1.502675533294677734e+00 -4.559054970741271973e-01 1.019442006945610046e-01 -4.457709565758705139e-02 8.830461502075195312e-01
-2.515103816986083984e-01 9.194567203521728516e-01 1.503591775894165039e+00 -4.503792524337768555e-01 1.008575037121772766e-01 -4.054683819413185120e-02 8.861953616142272949e-01
-2.582424879074096680e-01 9.176199436187744141e-01 1.504862070083618164e+00 -4.441519379615783691e-01 9.693156927824020386e-02 -3.471451997756958008e-02 8.900158405303955078e-01
-2.653586268424987793e-01 9.152640700340270996e-01 1.506245136260986328e+00 -4.375915229320526123e-01 9.059061855077743530e-02 -2.769227325916290283e-02 8.941701054573059082e-01
-2.720144987106323242e-01 9.129940271377563477e-01 1.507063627243041992e+00 -4.294967055320739746e-01 8.215542137622833252e-02 -1.881491392850875854e-02 8.991268277168273926e-01
-2.792575061321258545e-01 9.118570089340209961e-01 1.508235216140747070e+00 -4.206064641475677490e-01 7.174818962812423706e-02 -9.759875945746898651e-03 9.043490290641784668e-01
-2.866887152194976807e-01 9.093716144561767578e-01 1.509946823120117188e+00 -4.116067588329315186e-01 5.965509265661239624e-02 6.896259146742522717e-04 9.094067811965942383e-01
-2.948558926582336426e-01 9.070342779159545898e-01 1.511562347412109375e+00 -4.015507102012634277e-01 4.671998694539070129e-02 1.192450989037752151e-02 9.145666360855102539e-01
-3.017343580722808838e-01 9.047000408172607422e-01 1.513193607330322266e+00 -3.903762102127075195e-01 3.183094412088394165e-02 2.502354234457015991e-02 9.197646975517272949e-01
-3.096458911895751953e-01 9.018893241882324219e-01 1.515754580497741699e+00 -3.793212473392486572e-01 1.640336029231548309e-02 3.833892941474914551e-02 9.243248701095581055e-01
-3.181149363517761230e-01 8.993780016899108887e-01 1.518046379089355469e+00 -3.671357333660125732e-01 6.319294916465878487e-04 5.195599421858787537e-02 9.287150502204895020e-01
-3.253664970397949219e-01 8.967216014862060547e-01 1.520404100418090820e+00 -3.540704250335693359e-01 -1.627556607127189636e-02 6.738889962434768677e-02 9.326457381248474121e-01
-3.340443372726440430e-01 8.946132063865661621e-01 1.523413062095642090e+00 -3.406739234924316406e-01 -3.265841305255889893e-02 8.230647444725036621e-02 9.360023140907287598e-01
-3.423956632614135742e-01 8.918550014495849609e-01 1.526677727699279785e+00 -3.264529407024383545e-01 -4.934071749448776245e-02 9.798195958137512207e-02 9.388256669044494629e-01
-3.499939441680908203e-01 8.888275027275085449e-01 1.529726028442382812e+00 -3.116729557514190674e-01 -6.601398438215255737e-02 1.142254620790481567e-01 9.409860372543334961e-01
-3.578676581382751465e-01 8.859822154045104980e-01 1.533385276794433594e+00 -2.963741123676300049e-01 -8.208975940942764282e-02 1.305331587791442871e-01 9.425417184829711914e-01
-3.660431504249572754e-01 8.825770020484924316e-01 1.537194013595581055e+00 -2.810640037059783936e-01 -9.722277522087097168e-02 1.471238881349563599e-01 9.433479309082031250e-01
-3.736217617988586426e-01 8.788036108016967773e-01 1.541478633880615234e+00 -2.656190693378448486e-01 -1.119292825460433960e-01 1.638504415750503540e-01 9.434359669685363770e-01
-3.815042376518249512e-01 8.764273524284362793e-01 1.545590996742248535e+00 -2.494057863950729370e-01 -1.248929500579833984e-01 1.805445402860641479e-01 9.431872367858886719e-01
-3.882621526718139648e-01 8.746351599693298340e-01 1.548579096794128418e+00 -2.327348738908767700e-01 -1.364181339740753174e-01 1.968442052602767944e-01 9.425905942916870117e-01
-3.954303264617919922e-01 8.716641068458557129e-01 1.551519155502319336e+00 -2.163950502872467041e-01 -1.458963006734848022e-01 2.126992791891098022e-01 9.416190981864929199e-01
-4.019095599651336670e-01 8.691115379333496094e-01 1.554798007011413574e+00 -2.005763202905654907e-01 -1.538598686456680298e-01 2.286898791790008545e-01 9.401049017906188965e-01
-4.063368141651153564e-01 8.665902018547058105e-01 1.557400703430175781e+00 -1.847962290048599243e-01 -1.612237691879272461e-01 2.443444728851318359e-01 9.381647706031799316e-01
-4.103817641735076904e-01 8.642249107360839844e-01 1.560294985771179199e+00 -1.695293635129928589e-01 -1.667666137218475342e-01 2.598266899585723877e-01 9.359160065650939941e-01
-4.144753813743591309e-01 8.642769455909729004e-01 1.562090992927551270e+00 -1.534370929002761841e-01 -1.714598089456558228e-01 2.745443284511566162e-01 9.336401820182800293e-01
-4.177138507366180420e-01 8.622860312461853027e-01 1.564030170440673828e+00 -1.385938525199890137e-01 -1.745808422565460205e-01 2.886448502540588379e-01 9.311269521713256836e-01
-4.207134246826171875e-01 8.599358797073364258e-01 1.565875649452209473e+00 -1.248073652386665344e-01 -1.765934228897094727e-01 3.022563457489013672e-01 9.283744096755981445e-01
-4.221982359886169434e-01 8.583110570907592773e-01 1.567061066627502441e+00 -1.107779070734977722e-01 -1.781251132488250732e-01 3.150464296340942383e-01 9.256054759025573730e-01
-4.243495464324951172e-01 8.563735485076904297e-01 1.568029642105102539e+00 -9.764271229505538940e-02 -1.783608496189117432e-01 3.272793292999267578e-01 9.227901101112365723e-01
-4.249477386474609375e-01 8.551918268203735352e-01 1.569637894630432129e+00 -8.550707995891571045e-02 -1.786864101886749268e-01 3.384806811809539795e-01 9.198861718177795410e-01
-4.274873137474060059e-01 8.538993000984191895e-01 1.571387290954589844e+00 -7.406917959451675415e-02 -1.773841232061386108e-01 3.490872979164123535e-01 9.171623587608337402e-01
-4.283739924430847168e-01 8.521990776062011719e-01 1.570898652076721191e+00 -6.279698014259338379e-02 -1.759012043476104736e-01 3.591932058334350586e-01 9.143826365470886230e-01
-4.281476140022277832e-01 8.528712391853332520e-01 1.569536924362182617e+00 -5.179307609796524048e-02 -1.749055534601211548e-01 3.688360452651977539e-01 9.114195108413696289e-01
-4.289482235908508301e-01 8.517085313796997070e-01 1.569827079772949219e+00 -4.224415868520736694e-02 -1.731509268283843994e-01 3.771668374538421631e-01 9.088341593742370605e-01
-4.307960867881774902e-01 8.501684069633483887e-01 1.570933938026428223e+00 -3.383094072341918945e-02 -1.716022044420242310e-01 3.839613795280456543e-01 9.066321253776550293e-01
-4.326876401901245117e-01 8.481742143630981445e-01 1.571921825408935547e+00 -2.670254558324813843e-02 -1.697341203689575195e-01 3.898441791534423828e-01 9.047093391418457031e-01
-4.342527091503143311e-01 8.465892076492309570e-01 1.572933912277221680e+00 -2.009749040007591248e-02 -1.683975607156753540e-01 3.946133255958557129e-01 9.030607938766479492e-01
-4.376040101051330566e-01 8.440574407577514648e-01 1.575296163558959961e+00 -1.518723275512456894e-02 -1.669678688049316406e-01 3.984718620777130127e-01 9.017268419265747070e-01
-4.395490288734436035e-01 8.433775901794433594e-01 1.578454732894897461e+00 -1.090832240879535675e-02 -1.670225709676742554e-01 4.017681181430816650e-01 9.003148674964904785e-01
-4.431856870651245117e-01 8.402695655822753906e-01 1.581183195114135742e+00 -8.068456314504146576e-03 -1.667358279228210449e-01 4.026725590229034424e-01 8.999938964843750000e-01
-4.470461606979370117e-01 8.385530114173889160e-01 1.584347248077392578e+00 -8.593871258199214935e-03 -1.671081483364105225e-01 4.033512175083160400e-01 8.996159434318542480e-01
-4.505110979080200195e-01 8.370765447616577148e-01 1.587359905242919922e+00 -8.680588565766811371e-03 -1.684050112962722778e-01 4.022946357727050781e-01 8.998463749885559082e-01
-4.560687541961669922e-01 8.332054615020751953e-01 1.590200901031494141e+00 -8.918331004679203033e-03 -1.694875359535217285e-01 4.002528786659240723e-01 9.005509614944458008e-01
-4.629518985748291016e-01 8.290836811065673828e-01 1.591760993003845215e+00 -9.312852285802364349e-03 -1.706770360469818115e-01 3.976564705371856689e-01 9.014721512794494629e-01
-4.697643220424652100e-01 8.274451494216918945e-01 1.592149019241333008e+00 -1.110266707837581635e-02 -1.724962443113327026e-01 3.941687941551208496e-01 9.026365876197814941e-01
-4.790936112403869629e-01 8.244819045066833496e-01 1.593183040618896484e+00 -1.388200279325246811e-02 -1.744875460863113403e-01 3.896802961826324463e-01 9.041629433631896973e-01
-4.885545372962951660e-01 8.193169236183166504e-01 1.591961622238159180e+00 -1.766041666269302368e-02 -1.762865483760833740e-01 3.839625418186187744e-01 9.061920642852783203e-01
-4.964054822921752930e-01 8.158256411552429199e-01 1.590203046798706055e+00 -2.203593030571937561e-02 -1.796104907989501953e-01 3.781506121158599854e-01 9.078858494758605957e-01
-5.059468150138854980e-01 8.122805356979370117e-01 1.590065836906433105e+00 -2.713602408766746521e-02 -1.828835308551788330e-01 3.717629611492156982e-01 9.097305536270141602e-01
-5.176810026168823242e-01 8.059501647949218750e-01 1.588409543037414551e+00 -3.358692303299903870e-02 -1.855704635381698608e-01 3.648876547813415527e-01 9.117524623870849609e-01
-5.251576900482177734e-01 8.045251369476318359e-01 1.585268735885620117e+00 -3.836020454764366150e-02 -1.899349540472030640e-01 3.574516475200653076e-01 9.136091470718383789e-01
-5.369616746902465820e-01 7.993882298469543457e-01 1.582202076911926270e+00 -4.468999803066253662e-02 -1.930749416351318359e-01 3.489611446857452393e-01 9.159427285194396973e-01
-5.488448739051818848e-01 7.937784194946289062e-01 1.579826116561889648e+00 -5.211105942726135254e-02 -1.961921006441116333e-01 3.408517837524414062e-01 9.179396629333496094e-01
-5.596308112144470215e-01 7.883270978927612305e-01 1.577837944030761719e+00 -5.976429581642150879e-02 -2.004836350679397583e-01 3.318500220775604248e-01 9.198424816131591797e-01
-5.716045498847961426e-01 7.832155227661132812e-01 1.576048851013183594e+00 -6.778729707002639771e-02 -2.042375504970550537e-01 3.234057724475860596e-01 9.214666485786437988e-01
-5.831477046012878418e-01 7.798467874526977539e-01 1.574143648147583008e+00 -7.551486790180206299e-02 -2.087216377258300781e-01 3.148560523986816406e-01 9.228209257125854492e-01
-5.952494740486145020e-01 7.741687297821044922e-01 1.570944905281066895e+00 -8.420714735984802246e-02 -2.123245447874069214e-01 3.057616651058197021e-01 9.243037104606628418e-01
-6.112099289894104004e-01 7.719160914421081543e-01 1.566607475280761719e+00 -9.119313955307006836e-02 -2.152412384748458862e-01 2.972918152809143066e-01 9.257281422615051270e-01
-6.246760487556457520e-01 7.691431045532226562e-01 1.563549518585205078e+00 -9.873965382575988770e-02 -2.192257940769195557e-01 2.890000045299530029e-01 9.266442656517028809e-01
-6.379173994064331055e-01 7.644264101982116699e-01 1.559089899063110352e+00 -1.064703613519668579e-01 -2.226338535547256470e-01 2.807930707931518555e-01 9.274985194206237793e-01
-6.533808708190917969e-01 7.589846849441528320e-01 1.553492784500122070e+00 -1.137468293309211731e-01 -2.251831442117691040e-01 2.726585268974304199e-01 9.284458160400390625e-01
-6.680824756622314453e-01 7.542247772216796875e-01 1.547852158546447754e+00 -1.204198449850082397e-01 -2.280969321727752686e-01 2.652317583560943604e-01 9.290441274642944336e-01
-6.833693385124206543e-01 7.479088306427001953e-01 1.541338920593261719e+00 -1.274102628231048584e-01 -2.305618673563003540e-01 2.581526637077331543e-01 9.294972419738769531e-01
-6.987799406051635742e-01 7.419381141662597656e-01 1.536375045776367188e+00 -1.343893855810165405e-01 -2.330655008554458618e-01 2.518739700317382812e-01 9.296125769615173340e-01
-7.160286903381347656e-01 7.342534065246582031e-01 1.529467821121215820e+00 -1.414954662322998047e-01 -2.338759303092956543e-01 2.444135695695877075e-01 9.303457140922546387e-01
-7.317143082618713379e-01 7.288926839828491211e-01 1.522426843643188477e+00 -1.469449400901794434e-01 -2.362443059682846069e-01 2.383911460638046265e-01 9.304652214050292969e-01
-7.484073638916015625e-01 7.225984930992126465e-01 1.515908360481262207e+00 -1.529670208692550659e-01 -2.378161549568176270e-01 2.325078099966049194e-01 9.305830597877502441e-01
-7.653551697731018066e-01 7.142933607101440430e-01 1.508582711219787598e+00 -1.594971269369125366e-01 -2.391889244318008423e-01 2.264280617237091064e-01 9.306340217590332031e-01
-7.825971245765686035e-01 7.078967094421386719e-01 1.501716375350952148e+00 -1.648163795471191406e-01 -2.407670766115188599e-01 2.211000770330429077e-01 9.305813312530517578e-01
-8.001875281333923340e-01 6.987519264221191406e-01 1.493093848228454590e+00 -1.707258373498916626e-01 -2.415740191936492920e-01 2.152034342288970947e-01 9.306891560554504395e-01
-8.090759515762329102e-01 6.867120862007141113e-01 1.482548952102661133e+00 -1.778932362794876099e-01 -2.446096539497375488e-01 2.090719640254974365e-01 9.299511313438415527e-01
-8.198001384735107422e-01 6.759049892425537109e-01 1.468465924263000488e+00 -1.833938062191009521e-01 -2.456157207489013672e-01 2.035977691411972046e-01 9.298321008682250977e-01
-8.300361037254333496e-01 6.652460694313049316e-01 1.453939914703369141e+00 -1.891573816537857056e-01 -2.463202625513076782e-01 1.982249915599822998e-01 9.296519160270690918e-01
-8.380479812622070312e-01 6.539335250854492188e-01 1.439944624900817871e+00 -1.951958537101745605e-01 -2.472833842039108276e-01 1.922744512557983398e-01 9.293977022171020508e-01
-8.459533452987670898e-01 6.422188282012939453e-01 1.425922155380249023e+00 -2.014088481664657593e-01 -2.480840682983398438e-01 1.869319528341293335e-01 9.289484620094299316e-01
-8.535200357437133789e-01 6.292167901992797852e-01 1.411663889884948730e+00 -2.078563719987869263e-01 -2.488403916358947754e-01 1.807793825864791870e-01 9.285435676574707031e-01
-8.621631860733032227e-01 6.182386875152587891e-01 1.397633194923400879e+00 -2.133758515119552612e-01 -2.484012842178344727e-01 1.750159114599227905e-01 9.285133481025695801e-01
-8.693438768386840820e-01 6.060612797737121582e-01 1.384325504302978516e+00 -2.193341851234436035e-01 -2.486217916011810303e-01 1.687111407518386841e-01 9.282329082489013672e-01
-8.759160041809082031e-01 5.914167165756225586e-01 1.371355891227722168e+00 -2.264290004968643188e-01 -2.489883601665496826e-01 1.620554178953170776e-01 9.276167154312133789e-01
-8.824458122253417969e-01 5.782546997070312500e-01 1.358462452888488770e+00 -2.326917052268981934e-01 -2.493855357170104980e-01 1.555589735507965088e-01 9.270722270011901855e-01
-8.889995813369750977e-01 5.633154511451721191e-01 1.345229506492614746e+00 -2.394681572914123535e-01 -2.494315803050994873e-01 1.480842530727386475e-01 9.265580773353576660e-01
-8.953458070755004883e-01 5.495914220809936523e-01 1.332872509956359863e+00 -2.459858506917953491e-01 -2.492565959692001343e-01 1.411438882350921631e-01 9.259809255599975586e-01
-9.002603292465209961e-01 5.342922210693359375e-01 1.320885777473449707e+00 -2.528941333293914795e-01 -2.497391998767852783e-01 1.335536390542984009e-01 9.251152873039245605e-01
-9.059218764305114746e-01 5.192706584930419922e-01 1.309036731719970703e+00 -2.597478330135345459e-01 -2.494803220033645630e-01 1.258308738470077515e-01 9.243685603141784668e-01
-9.113075137138366699e-01 5.041145682334899902e-01 1.298113346099853516e+00 -2.669808566570281982e-01 -2.493311464786529541e-01 1.177938953042030334e-01 9.234066605567932129e-01
-9.168784022331237793e-01 4.884876012802124023e-01 1.287181138992309570e+00 -2.744725644588470459e-01 -2.487131059169769287e-01 1.096992641687393188e-01 9.223734140396118164e-01
-9.228088855743408203e-01 4.734297096729278564e-01 1.276026487350463867e+00 -2.815502583980560303e-01 -2.478951066732406616e-01 1.010717228055000305e-01 9.214456081390380859e-01
-9.282516241073608398e-01 4.577583372592926025e-01 1.265902519226074219e+00 -2.890945374965667725e-01 -2.473522722721099854e-01 9.251586347818374634e-02 9.201532602310180664e-01
-9.329174757003784180e-01 4.421025216579437256e-01 1.254853963851928711e+00 -2.965207397937774658e-01 -2.466684430837631226e-01 8.368462324142456055e-02 9.188182950019836426e-01
-9.371388554573059082e-01 4.268690049648284912e-01 1.244348526000976562e+00 -3.038011491298675537e-01 -2.462749779224395752e-01 7.519479840993881226e-02 9.172781705856323242e-01
-9.418400526046752930e-01 4.114927649497985840e-01 1.234149813652038574e+00 -3.112446069717407227e-01 -2.453730106353759766e-01 6.636036187410354614e-02 9.157047867774963379e-01
-9.460620880126953125e-01 3.954390585422515869e-01 1.224518656730651855e+00 -3.190284967422485352e-01 -2.447899430990219116e-01 5.731042847037315369e-02 9.137911796569824219e-01
-9.509627819061279297e-01 3.798477053642272949e-01 1.214495420455932617e+00 -3.265439271926879883e-01 -2.437823116779327393e-01 4.833204299211502075e-02 9.119228720664978027e-01
-9.562686681747436523e-01 3.638950288295745850e-01 1.204354405403137207e+00 -3.339835405349731445e-01 -2.424917966127395630e-01 3.863971307873725891e-02 9.100328087806701660e-01
-9.612371921539306641e-01 3.489975631237030029e-01 1.194640874862670898e+00 -3.412807285785675049e-01 -2.414627224206924438e-01 2.963460050523281097e-02 9.079344868659973145e-01
-9.647847414016723633e-01 3.327580690383911133e-01 1.184818744659423828e+00 -3.489224016666412354e-01 -2.407885938882827759e-01 2.056523226201534271e-02 9.054563045501708984e-01
-9.691702127456665039e-01 3.177157044410705566e-01 1.175170779228210449e+00 -3.558759689331054688e-01 -2.398865073919296265e-01 1.144172158092260361e-02 9.031477570533752441e-01
-9.727001786231994629e-01 3.034853339195251465e-01 1.166434764862060547e+00 -3.631070852279663086e-01 -2.389818727970123291e-01 2.589128213003277779e-03 9.005744457244873047e-01
