-0.000000000000000000e+00 -0.000000000000000000e+00 -0.000000000000000000e+00 -0.000000000000000000e+00 -0.000000000000000000e+00 -0.000000000000000000e+00 1.000000000000000000e+00
-0.000000000000000000e+00 -0.000000000000000000e+00 -0.000000000000000000e+00 -0.000000000000000000e+00 -0.000000000000000000e+00 -0.000000000000000000e+00 1.000000000000000000e+00
2.014900371432304382e-02 1.800753921270370483e-02 2.235407382249832153e-02 -3.075656481087207794e-03 -1.965932082384824753e-03 -1.266738865524530411e-03 9.999925494194030762e-01
2.939153276383876801e-02 2.880173549056053162e-02 3.321850299835205078e-02 -3.859095508232712746e-03 -1.947822980582714081e-03 -1.496345154009759426e-03 9.999895095825195312e-01
2.939153276383876801e-02 2.880173549056053162e-02 3.321850299835205078e-02 -3.859095508232712746e-03 -1.947822980582714081e-03 -1.496345154009759426e-03 9.999895095825195312e-01
4.626878723502159119e-02 3.993773832917213440e-02 5.176585167646408081e-02 -7.934918627142906189e-03 1.420214073732495308e-03 -4.312485922127962112e-03 9.999582767486572266e-01
4.626878723502159119e-02 3.993773832917213440e-02 5.176585167646408081e-02 -7.934918627142906189e-03 1.420214073732495308e-03 -4.312485922127962112e-03 9.999582767486572266e-01
6.325485557317733765e-02 4.936818405985832214e-02 6.857632845640182495e-02 -1.200512330979108810e-02 7.125950884073972702e-03 -8.542073890566825867e-03 9.998660683631896973e-01
6.325485557317733765e-02 4.936818405985832214e-02 6.857632845640182495e-02 -1.200512330979108810e-02 7.125950884073972702e-03 -8.542073890566825867e-03 9.998660683631896973e-01
8.112342655658721924e-02 6.121869012713432312e-02 8.850102126598358154e-02 -1.656627655029296875e-02 1.484111417084932327e-02 -1.397878304123878479e-02 9.996549487113952637e-01
8.112342655658721924e-02 6.121869012713432312e-02 8.850102126598358154e-02 -1.656627655029296875e-02 1.484111417084932327e-02 -1.397878304123878479e-02 9.996549487113952637e-01
9.927932918071746826e-02 7.156777381896972656e-02 1.052734702825546265e-01 -2.095204219222068787e-02 2.300093881785869598e-02 -1.986689120531082153e-02 9.993184208869934082e-01
9.927932918071746826e-02 7.156777381896972656e-02 1.052734702825546265e-01 -2.095204219222068787e-02 2.300093881785869598e-02 -1.986689120531082153e-02 9.993184208869934082e-01
1.146668195724487305e-01 8.117244392633438110e-02 1.185288652777671814e-01 -2.464379370212554932e-02 3.231042996048927307e-02 -2.606314234435558319e-02 9.988340735435485840e-01
1.231196895241737366e-01 8.512457460165023804e-02 1.249642595648765564e-01 -2.717393264174461365e-02 3.763016685843467712e-02 -2.848074957728385925e-02 9.985160827636718750e-01
1.320181936025619507e-01 9.153243154287338257e-02 1.334744840860366821e-01 -2.848299406468868256e-02 4.190417379140853882e-02 -3.160492703318595886e-02 9.982153773307800293e-01
1.430157870054244995e-01 9.533899277448654175e-02 1.411883234977722168e-01 -3.078131936490535736e-02 4.530181735754013062e-02 -3.412177786231040955e-02 9.979158639907836914e-01
1.450178623199462891e-01 1.011961176991462708e-01 1.352475434541702271e-01 -2.743769437074661255e-02 4.491965472698211670e-02 -3.237021714448928833e-02 9.980889558792114258e-01
1.575515717267990112e-01 1.076406985521316528e-01 1.433237195014953613e-01 -2.803768776357173920e-02 4.717522859573364258e-02 -3.421904146671295166e-02 9.979065060615539551e-01
1.720631122589111328e-01 1.136133074760437012e-01 1.501710116863250732e-01 -2.874168939888477325e-02 4.934379830956459045e-02 -3.522174805402755737e-02 9.977467656135559082e-01
1.847044974565505981e-01 1.194774881005287170e-01 1.587097048759460449e-01 -2.889920771121978760e-02 5.164273828268051147e-02 -3.411331400275230408e-02 9.976643919944763184e-01
2.026978433132171631e-01 1.279298365116119385e-01 1.619494408369064331e-01 -2.761698514223098755e-02 5.265560746192932129e-02 -3.090790100395679474e-02 9.977522492408752441e-01
2.185687571763992310e-01 1.350371986627578735e-01 1.703202426433563232e-01 -2.669469453394412994e-02 5.148023366928100586e-02 -2.819595672190189362e-02 9.979189634323120117e-01
2.339456975460052490e-01 1.406382918357849121e-01 1.733865290880203247e-01 -2.563331462442874908e-02 5.124617740511894226e-02 -2.526914514601230621e-02 9.980372190475463867e-01
2.487968504428863525e-01 1.410410404205322266e-01 1.760510951280593872e-01 -2.476378157734870911e-02 5.245404690504074097e-02 -2.394343353807926178e-02 9.980291128158569336e-01
2.619347870349884033e-01 1.425511837005615234e-01 1.854737401008605957e-01 -2.404198981821537018e-02 5.299270153045654297e-02 -2.306574024260044098e-02 9.980389475822448730e-01
2.613570392131805420e-01 1.411430835723876953e-01 1.973548829555511475e-01 -2.533075213432312012e-02 5.128348618745803833e-02 -2.540362067520618439e-02 9.980396032333374023e-01
2.763706743717193604e-01 1.403772681951522827e-01 2.059266269207000732e-01 -2.568740397691726685e-02 5.095455422997474670e-02 -2.608357556164264679e-02 9.980298280715942383e-01
2.899840474128723145e-01 1.433826982975006104e-01 2.162120938301086426e-01 -2.516154013574123383e-02 5.109907314181327820e-02 -2.581122145056724548e-02 9.980428814888000488e-01
3.037873208522796631e-01 1.439509540796279907e-01 2.239943742752075195e-01 -2.573642879724502563e-02 5.018441379070281982e-02 -2.652626857161521912e-02 9.980559349060058594e-01
3.180271387100219727e-01 1.483042389154434204e-01 2.328700721263885498e-01 -2.591803669929504395e-02 4.970743879675865173e-02 -2.780443243682384491e-02 9.980402588844299316e-01
3.337765336036682129e-01 1.511943042278289795e-01 2.425749897956848145e-01 -2.684365399181842804e-02 4.787972569465637207e-02 -2.775277383625507355e-02 9.981066584587097168e-01
3.395565152168273926e-01 1.649562567472457886e-01 2.572336494922637939e-01 -2.488839067518711090e-02 5.084015056490898132e-02 -2.650768123567104340e-02 9.980447292327880859e-01
3.444119393825531006e-01 1.735316365957260132e-01 2.672216594219207764e-01 -2.536054886877536774e-02 4.987403377890586853e-02 -2.653738670051097870e-02 9.980807900428771973e-01
3.458358943462371826e-01 1.844045966863632202e-01 2.812466025352478027e-01 -2.641997672617435455e-02 5.037430673837661743e-02 -2.678081579506397247e-02 9.980216622352600098e-01
3.454854190349578857e-01 1.923780888319015503e-01 2.936980724334716797e-01 -2.689828909933567047e-02 4.915114119648933411e-02 -2.717236615717411041e-02 9.980593323707580566e-01
3.392424285411834717e-01 1.982925981283187866e-01 2.963235378265380859e-01 -2.481838129460811615e-02 5.059270560741424561e-02 -2.714712731540203094e-02 9.980418682098388672e-01
3.393773138523101807e-01 2.089941799640655518e-01 3.088013231754302979e-01 -2.503107115626335144e-02 5.034357309341430664e-02 -2.807040512561798096e-02 9.980235695838928223e-01
3.402583301067352295e-01 2.191319912672042847e-01 3.229172527790069580e-01 -2.533350884914398193e-02 4.953049495816230774e-02 -2.849646843969821930e-02 9.980445504188537598e-01
3.392748832702636719e-01 2.280020266771316528e-01 3.314188718795776367e-01 -2.399040572345256805e-02 5.081329494714736938e-02 -2.882002480328083038e-02 9.980039596557617188e-01
3.432628214359283447e-01 2.415972501039505005e-01 3.476614654064178467e-01 -2.622992545366287231e-02 4.739945754408836365e-02 -2.925039827823638916e-02 9.981030821800231934e-01
3.431394994258880615e-01 2.576146423816680908e-01 3.632726371288299561e-01 -2.563564479351043701e-02 4.837234318256378174e-02 -2.958758547902107239e-02 9.980618953704833984e-01
3.433189690113067627e-01 2.719735503196716309e-01 3.773074448108673096e-01 -2.416772767901420593e-02 4.996884614229202271e-02 -2.762549929320812225e-02 9.980761408805847168e-01
3.458211719989776611e-01 2.788547873497009277e-01 3.827972412109375000e-01 -2.491718530654907227e-02 5.080066621303558350e-02 -2.740679867565631866e-02 9.980217218399047852e-01
3.454676568508148193e-01 2.801824212074279785e-01 3.857470154762268066e-01 -2.543490752577781677e-02 4.967034608125686646e-02 -2.950343862175941467e-02 9.980058073997497559e-01
3.466289639472961426e-01 2.915402054786682129e-01 3.959533572196960449e-01 -2.559482119977474213e-02 5.026880279183387756e-02 -2.932707406580448151e-02 9.979769587516784668e-01
3.472329378128051758e-01 3.017823994159698486e-01 4.073399603366851807e-01 -2.617771364748477936e-02 5.034321919083595276e-02 -3.009560145437717438e-02 9.979351162910461426e-01
3.487287461757659912e-01 3.119182288646697998e-01 4.179414212703704834e-01 -2.520627714693546295e-02 4.900711402297019958e-02 -3.011022321879863739e-02 9.980262517929077148e-01
3.500772714614868164e-01 3.204748928546905518e-01 4.283591210842132568e-01 -2.682154439389705658e-02 4.880638793110847473e-02 -3.120229765772819519e-02 9.979604482650756836e-01
3.492944240570068359e-01 3.295219242572784424e-01 4.384770393371582031e-01 -2.573158405721187592e-02 4.911084845662117004e-02 -2.995282970368862152e-02 9.980124831199645996e-01
3.488994538784027100e-01 3.351586759090423584e-01 4.461400508880615234e-01 -2.553887106478214264e-02 4.949302226305007935e-02 -2.973473444581031799e-02 9.980050325393676758e-01
3.517227470874786377e-01 3.385876119136810303e-01 4.533561468124389648e-01 -2.888412959873676300e-02 4.490686953067779541e-02 -3.690089657902717590e-02 9.978915452957153320e-01
3.511177599430084229e-01 3.463799357414245605e-01 4.628776907920837402e-01 -2.866320125758647919e-02 4.541221633553504944e-02 -3.675650432705879211e-02 9.978803396224975586e-01
3.507488071918487549e-01 3.524217009544372559e-01 4.714833199977874756e-01 -2.942450903356075287e-02 4.508562386035919189e-02 -3.709367662668228149e-02 9.978605508804321289e-01
3.499306738376617432e-01 3.589446842670440674e-01 4.809396564960479736e-01 -2.921114861965179443e-02 4.500864818692207336e-02 -3.732232376933097839e-02 9.978616833686828613e-01
3.484802246093750000e-01 3.650980591773986816e-01 4.901045262813568115e-01 -2.916835807263851166e-02 4.519569501280784607e-02 -3.738937154412269592e-02 9.978520870208740234e-01
3.477899730205535889e-01 3.683413863182067871e-01 4.972199499607086182e-01 -2.998394146561622620e-02 4.465300589799880981e-02 -3.916772827506065369e-02 9.977840781211853027e-01
3.469267189502716064e-01 3.718396127223968506e-01 5.043958425521850586e-01 -3.085828572511672974e-02 4.349243268370628357e-02 -3.759764134883880615e-02 9.978690743446350098e-01
3.438000679016113281e-01 3.782115280628204346e-01 5.139672756195068359e-01 -2.881648577749729156e-02 4.538258165121078491e-02 -3.699970245361328125e-02 9.978682398796081543e-01
3.411096334457397461e-01 3.836581110954284668e-01 5.203974843025207520e-01 -2.402564696967601776e-02 4.915305599570274353e-02 -2.629106119275093079e-02 9.981560707092285156e-01
3.384164571762084961e-01 3.865166008472442627e-01 5.262897014617919922e-01 -2.226506359875202179e-02 5.105144158005714417e-02 -2.298884280025959015e-02 9.981831312179565430e-01
3.353379368782043457e-01 3.896870613098144531e-01 5.333846807479858398e-01 -2.271364443004131317e-02 5.077210813760757446e-02 -2.343893796205520630e-02 9.981768727302551270e-01
3.315347135066986084e-01 3.923655748367309570e-01 5.387586355209350586e-01 -2.256440371274948120e-02 5.193838104605674744e-02 -2.402929030358791351e-02 9.981061816215515137e-01
3.277999758720397949e-01 3.943287134170532227e-01 5.432979464530944824e-01 -2.352263033390045166e-02 5.036731809377670288e-02 -2.524888329207897186e-02 9.981344342231750488e-01
3.196129798889160156e-01 3.972989916801452637e-01 5.515941977500915527e-01 -1.791765540838241577e-02 5.752688646316528320e-02 -1.492850482463836670e-02 9.980716109275817871e-01
3.181335330009460449e-01 4.000545442104339600e-01 5.546419024467468262e-01 -1.890070922672748566e-02 5.637170746922492981e-02 -1.797662489116191864e-02 9.980691075325012207e-01
3.194828033447265625e-01 3.951184749603271484e-01 5.556579828262329102e-01 -2.690322324633598328e-02 4.662993922829627991e-02 -3.324679657816886902e-02 9.979963302612304688e-01
3.192979693412780762e-01 3.972363770008087158e-01 5.578195452690124512e-01 -2.632689662277698517e-02 4.686378315091133118e-02 -2.887193113565444946e-02 9.981368780136108398e-01
3.164092004299163818e-01 4.002693593502044678e-01 5.562996864318847656e-01 -2.319261431694030762e-02 5.044884607195854187e-02 -2.505599148571491241e-02 9.981428980827331543e-01
3.171980381011962891e-01 4.055132269859313965e-01 5.661816596984863281e-01 -2.949621342122554779e-02 4.287544637918472290e-02 -3.729067370295524597e-02 9.979484677314758301e-01
3.123112320899963379e-01 4.106889963150024414e-01 5.740129351615905762e-01 -2.371477894484996796e-02 5.046108737587928772e-02 -2.611045911908149719e-02 9.981030225753784180e-01
3.094857633113861084e-01 4.094997644424438477e-01 5.773212313652038574e-01 -2.350575663149356842e-02 4.941054433584213257e-02 -2.649516798555850983e-02 9.981504082679748535e-01
3.412895798683166504e-01 4.519832134246826172e-01 6.062408089637756348e-01 9.176480583846569061e-03 -4.379458725452423096e-02 1.179965734481811523e-01 9.920054078102111816e-01
3.393500149250030518e-01 4.560733437538146973e-01 6.125454306602478027e-01 9.729142300784587860e-03 -4.350759088993072510e-02 1.190248802304267883e-01 9.918898940086364746e-01
3.378187417984008789e-01 4.611474573612213135e-01 6.201148033142089844e-01 9.737497195601463318e-03 -4.467952996492385864e-02 1.207719445228576660e-01 9.916265606880187988e-01
3.346730172634124756e-01 4.645256102085113525e-01 6.286536455154418945e-01 7.596433628350496292e-03 -4.094320163130760193e-02 1.126431375741958618e-01 9.927626252174377441e-01
3.371131718158721924e-01 4.651904404163360596e-01 6.324917078018188477e-01 8.679406717419624329e-03 -4.807558655738830566e-02 1.228733733296394348e-01 9.912192821502685547e-01
3.419188261032104492e-01 4.829919338226318359e-01 6.477587223052978516e-01 1.531650964170694351e-02 -7.530657202005386353e-02 1.513378024101257324e-01 9.854903817176818848e-01
3.426360189914703369e-01 4.884584546089172363e-01 6.560948491096496582e-01 1.446421258151531219e-02 -7.905204594135284424e-02 1.506221890449523926e-01 9.853194952011108398e-01
3.404142856597900391e-01 4.943595230579376221e-01 6.654639840126037598e-01 1.801695302128791809e-02 -8.171854913234710693e-02 1.518897414207458496e-01 9.848487973213195801e-01
3.366928696632385254e-01 4.993031322956085205e-01 6.775193810462951660e-01 2.159681025659665465e-04 -8.699321001768112183e-02 1.479102969169616699e-01 9.851673245429992676e-01
3.423896431922912598e-01 5.065395832061767578e-01 6.779575943946838379e-01 -1.605357229709625244e-02 -9.308478236198425293e-02 1.498455405235290527e-01 9.841869473457336426e-01
3.417215645313262939e-01 5.132598876953125000e-01 6.861376166343688965e-01 -3.586324676871299744e-02 -9.977731108665466309e-02 1.425228565931320190e-01 9.840963482856750488e-01
3.432059288024902344e-01 5.229631066322326660e-01 6.993638277053833008e-01 -5.658296123147010803e-02 -1.053107306361198425e-01 1.353356093168258667e-01 9.835610985755920410e-01
3.448598384857177734e-01 5.281163454055786133e-01 7.068737745285034180e-01 -8.077003061771392822e-02 -1.097576767206192017e-01 1.252556890249252319e-01 9.827209711074829102e-01
3.493025898933410645e-01 5.369673967361450195e-01 7.160979509353637695e-01 -1.054560095071792603e-01 -1.168188080191612244e-01 1.166473701596260071e-01 9.806252121925354004e-01
3.476735651493072510e-01 5.439043641090393066e-01 7.257128357887268066e-01 -1.315633058547973633e-01 -1.210803017020225525e-01 1.053613126277923584e-01 9.782277941703796387e-01
3.418773114681243896e-01 5.528059005737304688e-01 7.375317215919494629e-01 -1.580654233694076538e-01 -1.250389516353607178e-01 9.339719265699386597e-02 9.750167131423950195e-01
3.414075374603271484e-01 5.613884925842285156e-01 7.503027319908142090e-01 -1.846699416637420654e-01 -1.311524510383605957e-01 8.057224750518798828e-02 9.706720113754272461e-01
3.385540843009948730e-01 5.684736371040344238e-01 7.615976333618164062e-01 -2.122319638729095459e-01 -1.356552094221115112e-01 6.802964955568313599e-02 9.653638005256652832e-01
3.362244963645935059e-01 5.763574242591857910e-01 7.738513350486755371e-01 -2.391783595085144043e-01 -1.401897221803665161e-01 5.551477521657943726e-02 9.591969251632690430e-01
3.327017128467559814e-01 5.837790966033935547e-01 7.871010899543762207e-01 -2.663543224334716797e-01 -1.453173309564590454e-01 4.443166777491569519e-02 9.518214464187622070e-01
3.292565345764160156e-01 5.902930498123168945e-01 7.981157302856445312e-01 -2.922799289226531982e-01 -1.497903317213058472e-01 3.367996215820312500e-02 9.439284801483154297e-01
3.249464333057403564e-01 5.974558591842651367e-01 8.111248016357421875e-01 -3.177708983421325684e-01 -1.549970656633377075e-01 2.326682768762111664e-02 9.351237416267395020e-01
3.200065493583679199e-01 6.049278378486633301e-01 8.241869211196899414e-01 -3.419574797153472900e-01 -1.599911302328109741e-01 1.411978900432586670e-02 9.258880615234375000e-01
3.151426315307617188e-01 6.120137572288513184e-01 8.357942700386047363e-01 -3.638553619384765625e-01 -1.649666726589202881e-01 5.682751070708036423e-03 9.167131781578063965e-01
3.097008466720581055e-01 6.190011501312255859e-01 8.488674163818359375e-01 -3.856034874916076660e-01 -1.701432764530181885e-01 -8.832518360577523708e-04 9.068409204483032227e-01
3.047466874122619629e-01 6.262494325637817383e-01 8.621369600296020508e-01 -4.049669504165649414e-01 -1.759388297796249390e-01 -5.321532022207975388e-03 8.972285389900207520e-01
3.000376224517822266e-01 6.334503293037414551e-01 8.747096061706542969e-01 -4.223808944225311279e-01 -1.822904646396636963e-01 -7.305133622139692307e-03 8.878689408302307129e-01
2.936636805534362793e-01 6.412507295608520508e-01 8.891488313674926758e-01 -4.372880160808563232e-01 -1.889720410108566284e-01 -8.058571256697177887e-03 8.792064189910888672e-01
2.894212603569030762e-01 6.479687690734863281e-01 9.025803208351135254e-01 -4.506173431873321533e-01 -1.966765373945236206e-01 -5.020103417336940765e-03 8.707681298255920410e-01
2.836539149284362793e-01 6.553333997726440430e-01 9.164049625396728516e-01 -4.611288309097290039e-01 -2.047248482704162598e-01 -3.873611858580261469e-04 8.633932471275329590e-01
2.775553464889526367e-01 6.626418232917785645e-01 9.303796291351318359e-01 -4.694755375385284424e-01 -2.131270766258239746e-01 6.246718112379312515e-03 8.568142056465148926e-01
2.720068395137786865e-01 6.699376106262207031e-01 9.440573453903198242e-01 -4.760008752346038818e-01 -2.223455607891082764e-01 1.547557953745126724e-02 8.507326841354370117e-01
2.659261524677276611e-01 6.768577098846435547e-01 9.582752585411071777e-01 -4.804849922657012939e-01 -2.317599058151245117e-01 2.667653560638427734e-02 8.454051613807678223e-01
2.591692805290222168e-01 6.836097240447998047e-01 9.725692868232727051e-01 -4.831727147102355957e-01 -2.411853224039077759e-01 3.896306455135345459e-02 8.407471179962158203e-01
2.521637976169586182e-01 6.912696361541748047e-01 9.869307279586791992e-01 -4.834295809268951416e-01 -2.514613866806030273e-01 5.339185521006584167e-02 8.367869257926940918e-01
2.445704042911529541e-01 6.980607509613037109e-01 1.000881671905517578e+00 -4.822644889354705811e-01 -2.615872621536254883e-01 6.902016699314117432e-02 8.332042694091796875e-01
2.362208962440490723e-01 7.052037715911865234e-01 1.015733480453491211e+00 -4.794665873050689697e-01 -2.721096277236938477e-01 8.592816442251205444e-02 8.298702239990234375e-01
2.265997231006622314e-01 7.115914225578308105e-01 1.029707908630371094e+00 -4.748422205448150635e-01 -2.824768424034118652e-01 1.039356887340545654e-01 8.270000219345092773e-01
2.162317633628845215e-01 7.163908481597900391e-01 1.042949914932250977e+00 -4.689194560050964355e-01 -2.928418517112731934e-01 1.223675459623336792e-01 8.242477774620056152e-01
2.045549452304840088e-01 7.217929959297180176e-01 1.056270956993103027e+00 -4.613433480262756348e-01 -3.034701645374298096e-01 1.418196409940719604e-01 8.215566873550415039e-01
1.913203299045562744e-01 7.266740202903747559e-01 1.068726062774658203e+00 -4.519256651401519775e-01 -3.141475915908813477e-01 1.622170805931091309e-01 8.189994692802429199e-01
1.772465109825134277e-01 7.312523126602172852e-01 1.079048395156860352e+00 -4.410659372806549072e-01 -3.248773515224456787e-01 1.830217540264129639e-01 8.163446784019470215e-01
1.630028486251831055e-01 7.378015518188476562e-01 1.089306116104125977e+00 -4.288385510444641113e-01 -3.356719613075256348e-01 2.041287720203399658e-01 8.134822249412536621e-01
1.504732966423034668e-01 7.467721700668334961e-01 1.099476337432861328e+00 -4.159087836742401123e-01 -3.458625674247741699e-01 2.247480452060699463e-01 8.104858994483947754e-01
1.362225413322448730e-01 7.525516748428344727e-01 1.110997796058654785e+00 -4.017537534236907959e-01 -3.554855883121490479e-01 2.452052831649780273e-01 8.075261116027832031e-01
1.225105524063110352e-01 7.571974992752075195e-01 1.121579051017761230e+00 -3.864929080009460449e-01 -3.649511337280273438e-01 2.656534910202026367e-01 8.042774200439453125e-01
1.098304390907287598e-01 7.610827088356018066e-01 1.132185935974121094e+00 -3.705468177795410156e-01 -3.746487200260162354e-01 2.856891155242919922e-01 8.004469275474548340e-01
9.642797708511352539e-02 7.644934654235839844e-01 1.141798377037048340e+00 -3.537342846393585205e-01 -3.831947147846221924e-01 3.051220178604125977e-01 7.968277931213378906e-01
8.335262537002563477e-02 7.682193517684936523e-01 1.151078581809997559e+00 -3.362285196781158447e-01 -3.915295302867889404e-01 3.233106136322021484e-01 7.931742668151855469e-01
7.116883993148803711e-02 7.709336876869201660e-01 1.160094976425170898e+00 -3.186752200126647949e-01 -3.995767533779144287e-01 3.407073915004730225e-01 7.891153693199157715e-01
5.893069505691528320e-02 7.751902341842651367e-01 1.168916821479797363e+00 -2.999716699123382568e-01 -4.076147973537445068e-01 3.578567504882812500e-01 7.847328186035156250e-01
4.684209823608398438e-02 7.788825631141662598e-01 1.176613450050354004e+00 -2.807283103466033936e-01 -4.149251878261566162e-01 3.739481270313262939e-01 7.805072665214538574e-01
3.528630733489990234e-02 7.823832631111145020e-01 1.183756351470947266e+00 -2.600534856319427490e-01 -4.224857091903686523e-01 3.872213065624237061e-01 7.771341800689697266e-01
2.387297153472900391e-02 7.859093546867370605e-01 1.190456151962280273e+00 -2.387231439352035522e-01 -4.296441972255706787e-01 3.991896808147430420e-01 7.739927172660827637e-01
1.261603832244873047e-02 7.891206741333007812e-01 1.196652770042419434e+00 -2.179586440324783325e-01 -4.362234175205230713e-01 4.108047187328338623e-01 7.703523635864257812e-01
2.214074134826660156e-03 7.919807434082031250e-01 1.202611923217773438e+00 -1.977022141218185425e-01 -4.418937563896179199e-01 4.227540791034698486e-01 7.661089301109313965e-01
-8.003354072570800781e-03 7.954849600791931152e-01 1.208608746528625488e+00 -1.775140613317489624e-01 -4.473451077938079834e-01 4.348160624504089355e-01 7.611216902732849121e-01
-1.725196838378906250e-02 7.973306775093078613e-01 1.214233279228210449e+00 -1.587010473012924194e-01 -4.520360231399536133e-01 4.455817341804504395e-01 7.562634348869323730e-01
-2.658033370971679688e-02 8.001919388771057129e-01 1.219016671180725098e+00 -1.400128155946731567e-01 -4.564299881458282471e-01 4.567946791648864746e-01 7.506042718887329102e-01
-3.687286376953125000e-02 8.026403188705444336e-01 1.222149610519409180e+00 -1.218018904328346252e-01 -4.605847299098968506e-01 4.676187038421630859e-01 7.445527911186218262e-01
-4.569244384765625000e-02 8.029077053070068359e-01 1.224557638168334961e+00 -1.053394004702568054e-01 -4.637724757194519043e-01 4.777329564094543457e-01 7.386406660079956055e-01
-5.517446994781494141e-02 8.045042753219604492e-01 1.226663351058959961e+00 -8.872958272695541382e-02 -4.669401943683624268e-01 4.884969294071197510e-01 7.317546010017395020e-01
-6.321525573730468750e-02 8.055143356323242188e-01 1.229118227958679199e+00 -7.270620763301849365e-02 -4.705490767955780029e-01 4.975527822971343994e-01 7.250784039497375488e-01
-7.234227657318115234e-02 8.073958754539489746e-01 1.231032371520996094e+00 -5.714000388979911804e-02 -4.736187160015106201e-01 5.072416663169860840e-01 7.177229523658752441e-01
-7.705295085906982422e-02 8.103193044662475586e-01 1.234285950660705566e+00 -4.252927005290985107e-02 -4.774702787399291992e-01 5.157355070114135742e-01 7.100917696952819824e-01
-8.409440517425537109e-02 8.123129010200500488e-01 1.236310482025146484e+00 -2.752380818128585815e-02 -4.806706309318542480e-01 5.228041410446166992e-01 7.034729123115539551e-01
-9.047555923461914062e-02 8.128873705863952637e-01 1.239024639129638672e+00 -1.445771008729934692e-02 -4.837543368339538574e-01 5.288673043251037598e-01 6.971887946128845215e-01
-9.690690040588378906e-02 8.133964538574218750e-01 1.238851428031921387e+00 -1.383124035783112049e-03 -4.863492250442504883e-01 5.342816114425659180e-01 6.913796067237854004e-01
-1.033986806869506836e-01 8.163223862648010254e-01 1.240308165550231934e+00 7.870165281929075718e-04 -4.922232329845428467e-01 5.351304411888122559e-01 6.865501403808593750e-01
-1.085042953491210938e-01 8.178812265396118164e-01 1.242544293403625488e+00 2.492276951670646667e-03 -4.989766180515289307e-01 5.346029400825500488e-01 6.820673942565917969e-01
-1.136462688446044922e-01 8.184485435485839844e-01 1.245091676712036133e+00 3.763206768780946732e-03 -5.051416754722595215e-01 5.341069102287292480e-01 6.778994202613830566e-01
-1.165527105331420898e-01 8.205172419548034668e-01 1.246565937995910645e+00 5.256850738078355789e-03 -5.109353661537170410e-01 5.346376299858093262e-01 6.731121540069580078e-01
-1.228400468826293945e-01 8.208333849906921387e-01 1.247072696685791016e+00 7.129573263227939606e-03 -5.151091217994689941e-01 5.349560379981994629e-01 6.696519851684570312e-01
-1.240482330322265625e-01 8.221310377120971680e-01 1.249392151832580566e+00 7.714318111538887024e-03 -5.204047560691833496e-01 5.352159142494201660e-01 6.653294563293457031e-01
-1.281830072402954102e-01 8.219178318977355957e-01 1.250141859054565430e+00 8.525466546416282654e-03 -5.240334868431091309e-01 5.354093313217163086e-01 6.623088717460632324e-01
-1.295747756958007812e-01 8.224062919616699219e-01 1.252007126808166504e+00 9.279576130211353302e-03 -5.281883478164672852e-01 5.351145863533020020e-01 6.592294573783874512e-01
-1.320115327835083008e-01 8.221328258514404297e-01 1.253969788551330566e+00 9.134657680988311768e-03 -5.311173796653747559e-01 5.356078147888183594e-01 6.564717888832092285e-01
-1.349369287490844727e-01 8.227962851524353027e-01 1.254825115203857422e+00 1.022469066083431244e-02 -5.332756638526916504e-01 5.357627868652343750e-01 6.545767784118652344e-01
-1.363300085067749023e-01 8.221274614334106445e-01 1.254804015159606934e+00 1.037659775465726852e-02 -5.342890024185180664e-01 5.358211994171142578e-01 6.536996960639953613e-01
-1.374698877334594727e-01 8.231810927391052246e-01 1.255729556083679199e+00 1.028886158019304276e-02 -5.348202586174011230e-01 5.368877053260803223e-01 6.523903608322143555e-01
-1.376720666885375977e-01 8.248620629310607910e-01 1.257082939147949219e+00 9.780535474419593811e-03 -5.347278118133544922e-01 5.380777716636657715e-01 6.514927744865417480e-01
-1.383061408996582031e-01 8.243685960769653320e-01 1.255728244781494141e+00 9.675200097262859344e-03 -5.332093834877014160e-01 5.381429791450500488e-01 6.526839137077331543e-01
-1.388250589370727539e-01 8.237918019294738770e-01 1.256864309310913086e+00 7.987832650542259216e-03 -5.315116643905639648e-01 5.387203693389892578e-01 6.536144614219665527e-01
-1.387969255447387695e-01 8.234381675720214844e-01 1.256461143493652344e+00 6.834212690591812134e-03 -5.284367799758911133e-01 5.392423868179321289e-01 6.556870937347412109e-01
-1.394467353820800781e-01 8.245111107826232910e-01 1.257897257804870605e+00 6.279871799051761627e-03 -5.256428122520446777e-01 5.390307307243347168e-01 6.581079959869384766e-01
-1.409157514572143555e-01 8.248386979103088379e-01 1.260178327560424805e+00 5.199568346142768860e-03 -5.216463804244995117e-01 5.390108227729797363e-01 6.613057851791381836e-01
-1.411455869674682617e-01 8.241270780563354492e-01 1.259327888488769531e+00 4.357501864433288574e-03 -5.158393383026123047e-01 5.382502079010009766e-01 6.664664745330810547e-01
-1.424543857574462891e-01 8.235272169113159180e-01 1.261061787605285645e+00 3.330848645418882370e-03 -5.093351602554321289e-01 5.371128320693969727e-01 6.723662614822387695e-01
-1.448419094085693359e-01 8.237611651420593262e-01 1.260482907295227051e+00 -1.024102140218019485e-02 -5.056434273719787598e-01 5.281768441200256348e-01 6.820917129516601562e-01
-1.463509798049926758e-01 8.246937990188598633e-01 1.262856364250183105e+00 -2.524408139288425446e-02 -5.027751922607421875e-01 5.183019042015075684e-01 6.913343071937561035e-01
-1.487387418746948242e-01 8.239833116531372070e-01 1.264225959777832031e+00 -4.164717718958854675e-02 -4.989294111728668213e-01 5.057204365730285645e-01 7.025538682937622070e-01
-1.505932807922363281e-01 8.242753148078918457e-01 1.266136169433593750e+00 -5.879057198762893677e-02 -4.944716691970825195e-01 4.926784932613372803e-01 7.136591672897338867e-01
-1.539161205291748047e-01 8.238673806190490723e-01 1.267402410507202148e+00 -7.761879265308380127e-02 -4.878804385662078857e-01 4.794854819774627686e-01 7.252873182296752930e-01
-1.576843261718750000e-01 8.234230279922485352e-01 1.269187927246093750e+00 -9.628772735595703125e-02 -4.815626442432403564e-01 4.641004204750061035e-01 7.371818423271179199e-01
-1.600856781005859375e-01 8.236464262008666992e-01 1.272090911865234375e+00 -1.157906949520111084e-01 -4.752354025840759277e-01 4.485105574131011963e-01 7.480522394180297852e-01
-1.636246442794799805e-01 8.232336640357971191e-01 1.273958325386047363e+00 -1.352120637893676758e-01 -4.674049019813537598e-01 4.315145909786224365e-01 7.596351504325866699e-01
-1.668987870216369629e-01 8.237360715866088867e-01 1.276950836181640625e+00 -1.555461585521697998e-01 -4.595554172992706299e-01 4.143160283565521240e-01 7.700366973876953125e-01
-1.702371239662170410e-01 8.235992193222045898e-01 1.279803872108459473e+00 -1.751512289047241211e-01 -4.515551328659057617e-01 3.962930440902709961e-01 7.799819707870483398e-01
-1.738014221191406250e-01 8.226911425590515137e-01 1.282374620437622070e+00 -1.950349658727645874e-01 -4.426849484443664551e-01 3.774933516979217529e-01 7.896139621734619141e-01
-1.770328879356384277e-01 8.222940564155578613e-01 1.284781217575073242e+00 -2.141931205987930298e-01 -4.337832033634185791e-01 3.584761321544647217e-01 7.984036803245544434e-01
-1.803458929061889648e-01 8.219549655914306641e-01 1.286769866943359375e+00 -2.328971922397613525e-01 -4.248116910457611084e-01 3.395627737045288086e-01 8.062202930450439453e-01
-1.830937266349792480e-01 8.211840391159057617e-01 1.288503408432006836e+00 -2.512086927890777588e-01 -4.155731499195098877e-01 3.202437162399291992e-01 8.134107589721679688e-01
-1.856336593627929688e-01 8.208492994308471680e-01 1.289858102798461914e+00 -2.681255936622619629e-01 -4.067477583885192871e-01 3.012188076972961426e-01 8.197147846221923828e-01
-1.878188848495483398e-01 8.206950426101684570e-01 1.290984153747558594e+00 -2.843621969223022461e-01 -3.979393243789672852e-01 2.833650410175323486e-01 8.249162435531616211e-01
-1.895425319671630859e-01 8.208274841308593750e-01 1.291880846023559570e+00 -2.993216514587402344e-01 -3.895069658756256104e-01 2.659904658794403076e-01 8.294215202331542969e-01
-1.905953288078308105e-01 8.204017877578735352e-01 1.292839050292968750e+00 -3.136165738105773926e-01 -3.820421695709228516e-01 2.491742372512817383e-01 8.328269124031066895e-01
-1.918015778064727783e-01 8.204862475395202637e-01 1.293451786041259766e+00 -3.263820409774780273e-01 -3.750764429569244385e-01 2.334989160299301147e-01 8.356260061264038086e-01
-1.925468444824218750e-01 8.204403519630432129e-01 1.293707132339477539e+00 -3.375741243362426758e-01 -3.688228726387023926e-01 2.190662175416946411e-01 8.378683924674987793e-01
-1.928654313087463379e-01 8.206645250320434570e-01 1.293906211853027344e+00 -3.474814593791961670e-01 -3.636921048164367676e-01 2.061446756124496460e-01 8.393385410308837891e-01
-1.934551596641540527e-01 8.205758333206176758e-01 1.294116020202636719e+00 -3.559634387493133545e-01 -3.595212399959564209e-01 1.943702548742294312e-01 8.403896689414978027e-01
-1.937622129917144775e-01 8.202226758003234863e-01 1.294351100921630859e+00 -3.633305132389068604e-01 -3.561079204082489014e-01 1.839271038770675659e-01 8.410404324531555176e-01
-1.944594085216522217e-01 8.200775384902954102e-01 1.294797658920288086e+00 -3.698557615280151367e-01 -3.531953096389770508e-01 1.747981011867523193e-01 8.413711786270141602e-01
-1.950670182704925537e-01 8.198262453079223633e-01 1.295161008834838867e+00 -3.748802244663238525e-01 -3.512811660766601562e-01 1.661090850830078125e-01 8.417091369628906250e-01
-1.960991322994232178e-01 8.199626803398132324e-01 1.295572757720947266e+00 -3.791809976100921631e-01 -3.497661054134368896e-01 1.589029431343078613e-01 8.418048620223999023e-01
-1.971725523471832275e-01 8.197036385536193848e-01 1.296306610107421875e+00 -3.828611075878143311e-01 -3.485451340675354004e-01 1.521777808666229248e-01 8.418881297111511230e-01
-1.981957852840423584e-01 8.194813132286071777e-01 1.296744704246520996e+00 -3.859852254390716553e-01 -3.472587466239929199e-01 1.468437761068344116e-01 8.419404625892639160e-01
-1.994805634021759033e-01 8.193027973175048828e-01 1.297440052032470703e+00 -3.885227739810943604e-01 -3.458733260631561279e-01 1.415531188249588013e-01 8.422496318817138672e-01
-2.011619508266448975e-01 8.189718127250671387e-01 1.298267006874084473e+00 -3.908226788043975830e-01 -3.441998064517974854e-01 1.370068639516830444e-01 8.426228761672973633e-01
-2.026612460613250732e-01 8.188406229019165039e-01 1.298879623413085938e+00 -3.924588263034820557e-01 -3.425742387771606445e-01 1.329477280378341675e-01 8.431748747825622559e-01
-2.043309509754180908e-01 8.184515237808227539e-01 1.299743771553039551e+00 -3.942368328571319580e-01 -3.403516709804534912e-01 1.291574537754058838e-01 8.438343405723571777e-01
-2.062896192073822021e-01 8.179123997688293457e-01 1.300538539886474609e+00 -3.956147730350494385e-01 -3.373580574989318848e-01 1.252231597900390625e-01 8.449838161468505859e-01
-2.082345336675643921e-01 8.172800540924072266e-01 1.301509141921997070e+00 -3.973659574985504150e-01 -3.336910903453826904e-01 1.215772777795791626e-01 8.461498618125915527e-01
-2.105524837970733643e-01 8.169178962707519531e-01 1.302245140075683594e+00 -3.987461626529693604e-01 -3.290018439292907715e-01 1.178496405482292175e-01 8.478625416755676270e-01
-2.128059267997741699e-01 8.162023425102233887e-01 1.303414106369018555e+00 -4.007493853569030762e-01 -3.234368860721588135e-01 1.137253418564796448e-01 8.496205806732177734e-01
-2.152618169784545898e-01 8.154813647270202637e-01 1.304207563400268555e+00 -4.027117192745208740e-01 -3.161868453025817871e-01 1.095839887857437134e-01 8.519628047943115234e-01
-2.180689722299575806e-01 8.148175477981567383e-01 1.305314064025878906e+00 -4.054154455661773682e-01 -3.077699840068817139e-01 1.052943021059036255e-01 8.543003797531127930e-01
-2.209136784076690674e-01 8.140374422073364258e-01 1.306465387344360352e+00 -4.083184301853179932e-01 -2.976288795471191406e-01 1.000375673174858093e-01 8.571380972862243652e-01
-2.238250672817230225e-01 8.130466938018798828e-01 1.307530879974365234e+00 -4.118849635124206543e-01 -2.860400974750518799e-01 9.392342716455459595e-02 8.600641489028930664e-01
-2.267655283212661743e-01 8.119540214538574219e-01 1.308875083923339844e+00 -4.161684513092041016e-01 -2.725028991699218750e-01 8.744246512651443481e-02 8.630757927894592285e-01
-2.302267551422119141e-01 8.113635778427124023e-01 1.309733748435974121e+00 -4.204544425010681152e-01 -2.565693855285644531e-01 8.030421286821365356e-02 8.665688037872314453e-01
-2.337140589952468872e-01 8.103227615356445312e-01 1.310795068740844727e+00 -4.252198636531829834e-01 -2.393611073493957520e-01 7.266981154680252075e-02 8.698353171348571777e-01
-2.372095882892608643e-01 8.091046810150146484e-01 1.311808705329895020e+00 -4.301006495952606201e-01 -2.210232466459274292e-01 6.442608684301376343e-02 8.729327321052551270e-01
-2.409641146659851074e-01 8.077781200408935547e-01 1.312944650650024414e+00 -4.349949359893798828e-01 -2.017751485109329224e-01 5.568221583962440491e-02 8.757658004760742188e-01
-2.450472116470336914e-01 8.065642118453979492e-01 1.313935518264770508e+00 -4.397791922092437744e-01 -1.812995672225952148e-01 4.689712449908256531e-02 8.783652186393737793e-01
-2.488915026187896729e-01 8.053870201110839844e-01 1.314873933792114258e+00 -4.443224966526031494e-01 -1.606037616729736328e-01 3.823934495449066162e-02 8.805236220359802246e-01
-2.530497908592224121e-01 8.039181232452392578e-01 1.315850734710693359e+00 -4.485695362091064453e-01 -1.394098103046417236e-01 2.946271188557147980e-02 8.823164701461791992e-01
-2.572593092918395996e-01 8.023241758346557617e-01 1.316722154617309570e+00 -4.524577260017395020e-01 -1.184294968843460083e-01 2.085131406784057617e-02 8.836411833763122559e-01
-2.616497278213500977e-01 8.007023334503173828e-01 1.317519187927246094e+00 -4.555968642234802246e-01 -9.738201647996902466e-02 1.268522627651691437e-02 8.847527503967285156e-01
-2.662916183471679688e-01 7.989207506179809570e-01 1.318241596221923828e+00 -4.584004282951354980e-01 -7.680831849575042725e-02 4.716431256383657455e-03 8.854080438613891602e-01
-2.708689868450164795e-01 7.969581484794616699e-01 1.319043993949890137e+00 -4.606639742851257324e-01 -5.701029300689697266e-02 -2.640123944729566574e-03 8.857378959655761719e-01
-2.756254673004150391e-01 7.960532903671264648e-01 1.319488525390625000e+00 -4.618696868419647217e-01 -3.825554251670837402e-02 -9.574796073138713837e-03 8.860707283020019531e-01
-2.806242406368255615e-01 7.942172288894653320e-01 1.320078372955322266e+00 -4.626692235469818115e-01 -2.066717483103275299e-02 -1.555321458727121353e-02 8.861535787582397461e-01
-2.856027185916900635e-01 7.923868894577026367e-01 1.320469617843627930e+00 -4.625584781169891357e-01 -4.292255733162164688e-03 -1.939930766820907593e-02 8.863661289215087891e-01
-2.908502519130706787e-01 7.905747890472412109e-01 1.321210265159606934e+00 -4.619053900241851807e-01 1.080013252794742584e-02 -2.174545638263225555e-02 8.865967988967895508e-01
-2.965027391910552979e-01 7.889211177825927734e-01 1.321368098258972168e+00 -4.600636065006256104e-01 2.375076711177825928e-02 -2.396477572619915009e-02 8.872447013854980469e-01
-3.017231225967407227e-01 7.863270640373229980e-01 1.321945667266845703e+00 -4.582049250602722168e-01 3.321806341409683228e-02 -2.544111013412475586e-02 8.878613114356994629e-01
-3.072907030582427979e-01 7.841361761093139648e-01 1.322332620620727539e+00 -4.553194344043731689e-01 3.979900106787681580e-02 -2.682756446301937103e-02 8.890334963798522949e-01
-3.129613399505615234e-01 7.820041179656982422e-01 1.322677969932556152e+00 -4.517711699008941650e-01 4.284698143601417542e-02 -2.788712829351425171e-02 8.906679153442382812e-01
-3.189895153045654297e-01 7.798432111740112305e-01 1.322986006736755371e+00 -4.472718834877014160e-01 4.477876797318458557e-02 -2.468667738139629364e-02 8.929352164268493652e-01
-3.250622749328613281e-01 7.772375345230102539e-01 1.323402523994445801e+00 -4.421159029006958008e-01 4.342259094119071960e-02 -2.009937725961208344e-02 8.956807851791381836e-01
-3.310662209987640381e-01 7.753511667251586914e-01 1.323664665222167969e+00 -4.357042908668518066e-01 3.939678892493247986e-02 -1.400781981647014618e-02 8.991181850433349609e-01
-3.369620442390441895e-01 7.726383209228515625e-01 1.324041128158569336e+00 -4.287614822387695312e-01 3.295028954744338989e-02 -6.263006012886762619e-03 9.027948975563049316e-01
-3.439542353153228760e-01 7.708663344383239746e-01 1.324979305267333984e+00 -4.210449457168579102e-01 2.481381595134735107e-02 2.591207623481750488e-03 9.066966176033020020e-01
-3.506803512573242188e-01 7.686048746109008789e-01 1.325499176979064941e+00 -4.121103286743164062e-01 1.459373440593481064e-02 1.274088025093078613e-02 9.109280109405517578e-01
-3.574218153953552246e-01 7.655583620071411133e-01 1.326386451721191406e+00 -4.029335975646972656e-01 2.612990792840719223e-03 2.397042699158191681e-02 9.149115085601806641e-01
-3.645141422748565674e-01 7.622675895690917969e-01 1.327388286590576172e+00 -3.930437862873077393e-01 -1.062417309731245041e-02 3.601983189582824707e-02 9.187526106834411621e-01
-3.712057471275329590e-01 7.596908211708068848e-01 1.328516840934753418e+00 -3.821263313293457031e-01 -2.513032034039497375e-02 4.883785173296928406e-02 9.224764704704284668e-01
-3.781559467315673828e-01 7.565578222274780273e-01 1.329610466957092285e+00 -3.704009950160980225e-01 -4.050905257463455200e-02 6.280265748500823975e-02 9.258607029914855957e-01
-3.849800825119018555e-01 7.528262734413146973e-01 1.331314563751220703e+00 -3.586057424545288086e-01 -5.692800506949424744e-02 7.717944681644439697e-02 9.285497069358825684e-01
-3.928714692592620850e-01 7.497486472129821777e-01 1.333039402961730957e+00 -3.457657992839813232e-01 -7.268317043781280518e-02 9.249617159366607666e-02 9.309176802635192871e-01
-3.998088836669921875e-01 7.465966343879699707e-01 1.334732174873352051e+00 -3.319788575172424316e-01 -8.950039744377136230e-02 1.085246726870536804e-01 9.327390789985656738e-01
-4.070021212100982666e-01 7.429119348526000977e-01 1.336704730987548828e+00 -3.176511824131011963e-01 -1.060292944312095642e-01 1.251805126667022705e-01 9.339087009429931641e-01
-4.142949283123016357e-01 7.400891184806823730e-01 1.339142322540283203e+00 -3.026891648769378662e-01 -1.224270090460777283e-01 1.417322754859924316e-01 9.345067739486694336e-01
-4.219384193420410156e-01 7.364890575408935547e-01 1.341587781906127930e+00 -2.876175045967102051e-01 -1.377640217542648315e-01 1.585286557674407959e-01 9.344334602355957031e-01
-4.295279383659362793e-01 7.321701645851135254e-01 1.344802975654602051e+00 -2.725302577018737793e-01 -1.526028215885162354e-01 1.755293756723403931e-01 9.336108565330505371e-01
-4.378653764724731445e-01 7.287194728851318359e-01 1.347463965415954590e+00 -2.565598487854003906e-01 -1.659456044435501099e-01 1.921320855617523193e-01 9.325901269912719727e-01
-4.449480772018432617e-01 7.251767516136169434e-01 1.350142955780029297e+00 -2.406483292579650879e-01 -1.783557087182998657e-01 2.092449367046356201e-01 9.308567047119140625e-01
-4.506899118423461914e-01 7.217532396316528320e-01 1.352971076965332031e+00 -2.251611649990081787e-01 -1.895315349102020264e-01 2.262763828039169312e-01 9.285361170768737793e-01
-4.572875797748565674e-01 7.187630534172058105e-01 1.355354547500610352e+00 -2.090663611888885498e-01 -1.987533271312713623e-01 2.428272664546966553e-01 9.261875748634338379e-01
-4.628634452819824219e-01 7.160937190055847168e-01 1.357589244842529297e+00 -1.930712759494781494e-01 -2.063801884651184082e-01 2.587417066097259521e-01 9.236792922019958496e-01
-4.674612879753112793e-01 7.133554220199584961e-01 1.359516739845275879e+00 -1.777338981628417969e-01 -2.124845683574676514e-01 2.749269604682922363e-01 9.206933379173278809e-01
-4.714162349700927734e-01 7.109127044677734375e-01 1.361561775207519531e+00 -1.629006415605545044e-01 -2.174826264381408691e-01 2.906594872474670410e-01 9.174321889877319336e-01
-4.759673476219177246e-01 7.090487480163574219e-01 1.363021373748779297e+00 -1.478182077407836914e-01 -2.210739254951477051e-01 3.058947920799255371e-01 9.141687750816345215e-01
-4.789956510066986084e-01 7.070518136024475098e-01 1.364440083503723145e+00 -1.334602534770965576e-01 -2.235816717147827148e-01 3.207707703113555908e-01 9.106622338294982910e-01
-4.824819862842559814e-01 7.053928375244140625e-01 1.366256713867187500e+00 -1.199020966887474060e-01 -2.250282615423202515e-01 3.347262442111968994e-01 9.071627259254455566e-01
-4.842058122158050537e-01 7.043424844741821289e-01 1.366800427436828613e+00 -1.062699779868125916e-01 -2.261147499084472656e-01 3.480310738086700439e-01 9.035780429840087891e-01
-4.854125082492828369e-01 7.029949426651000977e-01 1.367182612419128418e+00 -9.347309917211532593e-02 -2.261743545532226562e-01 3.604951202869415283e-01 9.000840187072753906e-01
-4.864405989646911621e-01 7.022914886474609375e-01 1.367454886436462402e+00 -8.104722201824188232e-02 -2.254508733749389648e-01 3.728693425655364990e-01 8.964216113090515137e-01
-4.871597290039062500e-01 7.012522220611572266e-01 1.367944002151489258e+00 -6.972666084766387939e-02 -2.240800112485885620e-01 3.837153911590576172e-01 8.931342959403991699e-01
-4.874004721641540527e-01 7.000545263290405273e-01 1.368456721305847168e+00 -5.921700224280357361e-02 -2.227735966444015503e-01 3.940225839614868164e-01 8.897255063056945801e-01
-4.878093004226684570e-01 6.987491846084594727e-01 1.369073987007141113e+00 -4.947473108768463135e-02 -2.209581434726715088e-01 4.034558832645416260e-01 8.865399956703186035e-01
-4.875198900699615479e-01 6.979051828384399414e-01 1.369372367858886719e+00 -4.067943617701530457e-02 -2.191706150770187378e-01 4.119512140750885010e-01 8.835188746452331543e-01
-4.897068142890930176e-01 6.972348690032958984e-01 1.369762659072875977e+00 -3.192051872611045837e-02 -2.170181870460510254e-01 4.194416701793670654e-01 8.808819055557250977e-01
-4.915730953216552734e-01 6.974217891693115234e-01 1.370026469230651855e+00 -2.398705109953880310e-02 -2.150661349296569824e-01 4.259699881076812744e-01 8.784763813018798828e-01
-4.933831393718719482e-01 6.951637268066406250e-01 1.371704459190368652e+00 -1.842659898102283478e-02 -2.131480276584625244e-01 4.316547214984893799e-01 8.763005733489990234e-01
-4.960444271564483643e-01 6.916513442993164062e-01 1.374601721763610840e+00 -1.398339495062828064e-02 -2.120976895093917847e-01 4.352684020996093750e-01 8.748489022254943848e-01
-4.975784122943878174e-01 6.908352971076965332e-01 1.376955866813659668e+00 -9.910507127642631531e-03 -2.117896974086761475e-01 4.384558200836181641e-01 8.733862042427062988e-01
-5.007517337799072266e-01 6.883442401885986328e-01 1.378554224967956543e+00 -7.178466767072677612e-03 -2.114103436470031738e-01 4.396981596946716309e-01 8.728801608085632324e-01
-5.039542913436889648e-01 6.865580081939697266e-01 1.380318880081176758e+00 -7.042688783258199692e-03 -2.122198492288589478e-01 4.391740858554840088e-01 8.729486465454101562e-01
-5.125648975372314453e-01 6.868141889572143555e-01 1.381174802780151367e+00 -5.263993982225656509e-03 -2.116817086935043335e-01 4.391809999942779541e-01 8.730883598327636719e-01
-5.172933936119079590e-01 6.830342411994934082e-01 1.381656527519226074e+00 -5.073298700153827667e-03 -2.124675959348678589e-01 4.374682605266571045e-01 8.737582564353942871e-01
-5.228758454322814941e-01 6.774505972862243652e-01 1.383664369583129883e+00 -6.068647373467683792e-03 -2.135996669530868530e-01 4.347218871116638184e-01 8.748458623886108398e-01
-5.290343165397644043e-01 6.726363897323608398e-01 1.385323405265808105e+00 -8.402840234339237213e-03 -2.160761356353759766e-01 4.303430914878845215e-01 8.763819932937622070e-01
-5.365973114967346191e-01 6.695445775985717773e-01 1.386259198188781738e+00 -1.112878229469060898e-02 -2.188815474510192871e-01 4.261288344860076904e-01 8.777136802673339844e-01
-5.431972146034240723e-01 6.657665967941284180e-01 1.384487032890319824e+00 -1.475647464394569397e-02 -2.214497178792953491e-01 4.206593036651611328e-01 8.796522021293640137e-01
-5.513584017753601074e-01 6.593194007873535156e-01 1.383035540580749512e+00 -1.962263137102127075e-02 -2.245395928621292114e-01 4.136030972003936768e-01 8.821164369583129883e-01
-5.585606098175048828e-01 6.552768945693969727e-01 1.380929470062255859e+00 -2.444262057542800903e-02 -2.281397730112075806e-01 4.073784053325653076e-01 8.839669823646545410e-01
-5.671290755271911621e-01 6.506682634353637695e-01 1.378553509712219238e+00 -2.964684180915355682e-02 -2.315982431173324585e-01 4.004563689231872559e-01 8.860688805580139160e-01
-5.784386992454528809e-01 6.444491147994995117e-01 1.373783826828002930e+00 -3.498155251145362854e-02 -2.337961941957473755e-01 3.920961320400238037e-01 8.890311121940612793e-01
-5.845947861671447754e-01 6.406151056289672852e-01 1.372395277023315430e+00 -4.148728772997856140e-02 -2.393483370542526245e-01 3.842539191246032715e-01 8.906964659690856934e-01
-5.935456752777099609e-01 6.337957382202148438e-01 1.369590759277343750e+00 -4.867251217365264893e-02 -2.434694021940231323e-01 3.752790987491607666e-01 8.930393457412719727e-01
-6.045452356338500977e-01 6.287487745285034180e-01 1.366024255752563477e+00 -5.519785359501838684e-02 -2.473103404045104980e-01 3.669611513614654541e-01 8.950588703155517578e-01
-6.161944866180419922e-01 6.246285438537597656e-01 1.361646533012390137e+00 -6.142323836684226990e-02 -2.511450052261352539e-01 3.578498959541320801e-01 8.972719311714172363e-01
-6.266839504241943359e-01 6.191785931587219238e-01 1.359258294105529785e+00 -6.934238970279693604e-02 -2.552215754985809326e-01 3.489568829536437988e-01 8.990454673767089844e-01
-6.358935832977294922e-01 6.143946051597595215e-01 1.357389569282531738e+00 -7.729014754295349121e-02 -2.603356838226318359e-01 3.396022319793701172e-01 9.005120396614074707e-01
-6.520278453826904297e-01 6.096811294555664062e-01 1.350895643234252930e+00 -8.405251055955886841e-02 -2.623796463012695312e-01 3.308093547821044922e-01 9.025836586952209473e-01
-6.631786823272705078e-01 6.047203540802001953e-01 1.346884012222290039e+00 -9.150189906358718872e-02 -2.670946419239044189e-01 3.217317759990692139e-01 9.037569165229797363e-01
-6.755812168121337891e-01 6.000142097473144531e-01 1.341252684593200684e+00 -9.817540645599365234e-02 -2.706001698970794678e-01 3.134226500988006592e-01 9.049328565597534180e-01
-6.887354254722595215e-01 5.945311784744262695e-01 1.335693717002868652e+00 -1.049429848790168762e-01 -2.737979292869567871e-01 3.054461181163787842e-01 9.059384465217590332e-01
-7.009938359260559082e-01 5.902031660079956055e-01 1.328959584236145020e+00 -1.109025627374649048e-01 -2.768968045711517334e-01 2.983082532882690430e-01 9.066647887229919434e-01
-7.151800990104675293e-01 5.841195583343505859e-01 1.321639895439147949e+00 -1.168146207928657532e-01 -2.791017293930053711e-01 2.908920645713806152e-01 9.076554775238037109e-01
-7.282101511955261230e-01 5.780787467956542969e-01 1.314985752105712891e+00 -1.228467300534248352e-01 -2.818099856376647949e-01 2.839148342609405518e-01 9.082313776016235352e-01
-7.384119033813476562e-01 5.695246458053588867e-01 1.309367418289184570e+00 -1.302152276039123535e-01 -2.857877314090728760e-01 2.763400375843048096e-01 9.082981348037719727e-01
-7.524329423904418945e-01 5.633240342140197754e-01 1.301487207412719727e+00 -1.354254335165023804e-01 -2.879720628261566162e-01 2.700659036636352539e-01 9.087334275245666504e-01
-7.660579085350036621e-01 5.555267333984375000e-01 1.294226408004760742e+00 -1.415982842445373535e-01 -2.899071276187896729e-01 2.637898027896881104e-01 9.090207815170288086e-01
-7.808206081390380859e-01 5.468683242797851562e-01 1.285663485527038574e+00 -1.474756151437759399e-01 -2.915399670600891113e-01 2.575234174728393555e-01 9.093608260154724121e-01
-7.946001291275024414e-01 5.392116904258728027e-01 1.277836561203002930e+00 -1.527963280677795410e-01 -2.931811809539794922e-01 2.514455616474151611e-01 9.096555709838867188e-01
-8.085520863533020020e-01 5.301029086112976074e-01 1.268356204032897949e+00 -1.582139581441879272e-01 -2.949323058128356934e-01 2.453922331333160400e-01 9.098164439201354980e-01
-8.180113434791564941e-01 5.194231867790222168e-01 1.256243824958801270e+00 -1.640070825815200806e-01 -2.967387139797210693e-01 2.397862970829010010e-01 9.096979498863220215e-01
-8.257184028625488281e-01 5.081818103790283203e-01 1.241806507110595703e+00 -1.695447266101837158e-01 -2.977526783943176270e-01 2.339906990528106689e-01 9.098606109619140625e-01
-8.316853046417236328e-01 4.984505176544189453e-01 1.228141546249389648e+00 -1.748533844947814941e-01 -2.991085648536682129e-01 2.285565733909606934e-01 9.097924232482910156e-01
-8.368054032325744629e-01 4.881376624107360840e-01 1.214225769042968750e+00 -1.806789934635162354e-01 -3.003054261207580566e-01 2.231311947107315063e-01 9.096066355705261230e-01
-8.411260247230529785e-01 4.773997664451599121e-01 1.201049923896789551e+00 -1.863972693681716919e-01 -3.019652068614959717e-01 2.165753245353698730e-01 9.094879627227783203e-01
-8.464843630790710449e-01 4.666898250579833984e-01 1.187692642211914062e+00 -1.920242458581924438e-01 -3.029234409332275391e-01 2.106286734342575073e-01 9.093952775001525879e-01
-8.522016406059265137e-01 4.543333947658538818e-01 1.172841906547546387e+00 -1.977928876876831055e-01 -3.030692636966705322e-01 2.039412707090377808e-01 9.096345901489257812e-01
-8.563724756240844727e-01 4.425769448280334473e-01 1.160163760185241699e+00 -2.037678062915802002e-01 -3.036105930805206299e-01 1.973049193620681763e-01 9.095988273620605469e-01
-8.605691790580749512e-01 4.299945235252380371e-01 1.146981239318847656e+00 -2.099073529243469238e-01 -3.040406405925750732e-01 1.905014812946319580e-01 9.095094203948974609e-01
-8.633689284324645996e-01 4.169317483901977539e-01 1.134666204452514648e+00 -2.162733525037765503e-01 -3.048337996006011963e-01 1.835425347089767456e-01 9.091833829879760742e-01
-8.671168088912963867e-01 4.031625092029571533e-01 1.121668100357055664e+00 -2.225019782781600952e-01 -3.052068948745727539e-01 1.762937009334564209e-01 9.089896082878112793e-01
-8.697124123573303223e-01 3.896864056587219238e-01 1.109513044357299805e+00 -2.288124859333038330e-01 -3.058778941631317139e-01 1.687989532947540283e-01 9.086201190948486328e-01
-8.731604218482971191e-01 3.757962584495544434e-01 1.097086429595947266e+00 -2.352625429630279541e-01 -3.057232499122619629e-01 1.610820144414901733e-01 9.084258675575256348e-01
-8.754330277442932129e-01 3.614381253719329834e-01 1.085696697235107422e+00 -2.420325279235839844e-01 -3.059804141521453857e-01 1.531095653772354126e-01 9.079393148422241211e-01
-8.783869147300720215e-01 3.468175530433654785e-01 1.073871016502380371e+00 -2.488453090190887451e-01 -3.056240379810333252e-01 1.446407884359359741e-01 9.076062440872192383e-01
-8.811158537864685059e-01 3.319858014583587646e-01 1.063068747520446777e+00 -2.559477686882019043e-01 -3.053714036941528320e-01 1.358228623867034912e-01 9.070784449577331543e-01
-8.832532763481140137e-01 3.184253573417663574e-01 1.052342414855957031e+00 -2.625943720340728760e-01 -3.052429556846618652e-01 1.274977028369903564e-01 9.064300060272216797e-01
-8.859361410140991211e-01 3.034485578536987305e-01 1.042080640792846680e+00 -2.698511481285095215e-01 -3.047172129154205322e-01 1.178249716758728027e-01 9.057842493057250977e-01
-8.880662918090820312e-01 2.881380617618560791e-01 1.031871914863586426e+00 -2.772682309150695801e-01 -3.043780028820037842e-01 1.083646491169929504e-01 9.048389196395874023e-01
-8.901897668838500977e-01 2.737068533897399902e-01 1.020748257637023926e+00 -2.842396497726440430e-01 -3.034900724887847900e-01 9.988550841808319092e-02 9.039493799209594727e-01
-8.921336531639099121e-01 2.591066062450408936e-01 1.010743021965026855e+00 -2.912992238998413086e-01 -3.031158149242401123e-01 9.043451398611068726e-02 9.028218388557434082e-01
-8.941990733146667480e-01 2.442919164896011353e-01 1.000855922698974609e+00 -2.986676394939422607e-01 -3.025024235248565674e-01 8.109714835882186890e-02 9.015061259269714355e-01
-8.962879180908203125e-01 2.294108420610427856e-01 9.910476207733154297e-01 -3.058442473411560059e-01 -3.015513718128204346e-01 7.162939012050628662e-02 9.002196192741394043e-01
-8.987784981727600098e-01 2.150132805109024048e-01 9.813740253448486328e-01 -3.130570352077484131e-01 -3.006103336811065674e-01 6.178493797779083252e-02 8.987833261489868164e-01
-9.002395868301391602e-01 1.999375522136688232e-01 9.712193608283996582e-01 -3.200149834156036377e-01 -2.999980449676513672e-01 5.246493965387344360e-02 8.971282243728637695e-01
-9.022312164306640625e-01 1.856898069381713867e-01 9.613986015319824219e-01 -3.268127441406250000e-01 -2.991700172424316406e-01 4.294843971729278564e-02 8.954586982727050781e-01
-9.039145708084106445e-01 1.710429489612579346e-01 9.519926309585571289e-01 -3.337540626525878906e-01 -2.985076904296875000e-01 3.337281569838523865e-02 8.935253620147705078e-01
-9.053661823272705078e-01 1.577609777450561523e-01 9.430810213088989258e-01 -3.404974937438964844e-01 -2.976278960704803467e-01 2.432594448328018188e-02 8.915646076202392578e-01
