-0.000000000000000000e+00 -0.000000000000000000e+00 -0.000000000000000000e+00 -0.000000000000000000e+00 -0.000000000000000000e+00 -0.000000000000000000e+00 1.000000000000000000e+00
-0.000000000000000000e+00 -0.000000000000000000e+00 -0.000000000000000000e+00 -0.000000000000000000e+00 -0.000000000000000000e+00 -0.000000000000000000e+00 1.000000000000000000e+00
1.525178551673889160e-02 2.013526298105716705e-02 2.156104892492294312e-02 -2.054360462352633476e-03 -4.295346443541347980e-04 -2.282657194882631302e-03 9.999952316284179688e-01
1.525178551673889160e-02 2.013526298105716705e-02 2.156104892492294312e-02 -2.054360462352633476e-03 -4.295346443541347980e-04 -2.282657194882631302e-03 9.999952316284179688e-01
2.927486971020698547e-02 3.404991328716278076e-02 4.142582044005393982e-02 -5.946076009422540665e-03 2.971508773043751717e-03 -5.210275761783123016e-03 9.999644160270690918e-01
2.927486971020698547e-02 3.404991328716278076e-02 4.142582044005393982e-02 -5.946076009422540665e-03 2.971508773043751717e-03 -5.210275761783123016e-03 9.999644160270690918e-01
4.289976134896278381e-02 4.427811130881309509e-02 5.854168161749839783e-02 -1.007393840700387955e-02 9.991541504859924316e-03 -9.663784876465797424e-03 9.998526573181152344e-01
4.289976134896278381e-02 4.427811130881309509e-02 5.854168161749839783e-02 -1.007393840700387955e-02 9.991541504859924316e-03 -9.663784876465797424e-03 9.998526573181152344e-01
5.692942813038825989e-02 5.522613227367401123e-02 7.401672750711441040e-02 -1.383215375244617462e-02 1.847847551107406616e-02 -1.545079518109560013e-02 9.996142387390136719e-01
5.692942813038825989e-02 5.522613227367401123e-02 7.401672750711441040e-02 -1.383215375244617462e-02 1.847847551107406616e-02 -1.545079518109560013e-02 9.996142387390136719e-01
6.825214624404907227e-02 6.393950432538986206e-02 9.092913568019866943e-02 -1.874640583992004395e-02 2.989741601049900055e-02 -2.270535938441753387e-02 9.991192221641540527e-01
6.825214624404907227e-02 6.393950432538986206e-02 9.092913568019866943e-02 -1.874640583992004395e-02 2.989741601049900055e-02 -2.270535938441753387e-02 9.991192221641540527e-01
8.121943473815917969e-02 7.262807339429855347e-02 1.066335737705230713e-01 -2.385580167174339294e-02 4.059441387653350830e-02 -2.956471778452396393e-02 9.984533190727233887e-01
8.121943473815917969e-02 7.262807339429855347e-02 1.066335737705230713e-01 -2.385580167174339294e-02 4.059441387653350830e-02 -2.956471778452396393e-02 9.984533190727233887e-01
9.045205265283584595e-02 8.246549218893051147e-02 1.202972978353500366e-01 -2.750705182552337646e-02 5.344631895422935486e-02 -3.751625120639801025e-02 9.974865913391113281e-01
9.865555912256240845e-02 8.709892630577087402e-02 1.285599768161773682e-01 -2.968405187129974365e-02 5.824697762727737427e-02 -4.048611223697662354e-02 9.970391392707824707e-01
1.067572012543678284e-01 9.420882165431976318e-02 1.371339708566665649e-01 -3.082424215972423553e-02 6.259319186210632324e-02 -4.245411232113838196e-02 9.966592788696289062e-01
1.143901497125625610e-01 9.956380724906921387e-02 1.422595977783203125e-01 -3.142989799380302429e-02 6.730477511882781982e-02 -4.581656679511070251e-02 9.961843490600585938e-01
1.224737763404846191e-01 1.044652536511421204e-01 1.411117762327194214e-01 -2.928656525909900665e-02 6.725177913904190063e-02 -4.985950142145156860e-02 9.960590004920959473e-01
1.346374899148941040e-01 1.095019429922103882e-01 1.484028398990631104e-01 -3.024930134415626526e-02 6.965609639883041382e-02 -5.132733657956123352e-02 9.957904219627380371e-01
1.455560922622680664e-01 1.146365031599998474e-01 1.544572860002517700e-01 -3.032389841973781586e-02 7.248319685459136963e-02 -5.130054801702499390e-02 9.955877661705017090e-01
1.593466699123382568e-01 1.192223727703094482e-01 1.595282107591629028e-01 -3.001723252236843109e-02 7.383955270051956177e-02 -5.058046430349349976e-02 9.955342411994934082e-01
1.762749999761581421e-01 1.253615915775299072e-01 1.619092524051666260e-01 -2.884470857679843903e-02 7.476726919412612915e-02 -4.671021923422813416e-02 9.956887960433959961e-01
1.956790387630462646e-01 1.288207769393920898e-01 1.642618626356124878e-01 -2.824301458895206451e-02 7.337875664234161377e-02 -4.482080787420272827e-02 9.958960413932800293e-01
2.117033898830413818e-01 1.313391774892807007e-01 1.713603287935256958e-01 -2.682362869381904602e-02 7.032243907451629639e-02 -4.317384958267211914e-02 9.962285161018371582e-01
2.242764532566070557e-01 1.324242055416107178e-01 1.818153858184814453e-01 -2.662476338446140289e-02 7.159018516540527344e-02 -4.298273101449012756e-02 9.961518645286560059e-01
2.398512661457061768e-01 1.328381001949310303e-01 1.888444572687149048e-01 -2.564731612801551819e-02 7.138618081808090210e-02 -4.214389994740486145e-02 9.962279796600341797e-01
2.547242939472198486e-01 1.318087726831436157e-01 1.969717293977737427e-01 -2.639772370457649231e-02 7.195001840591430664e-02 -4.045304656028747559e-02 9.962379336357116699e-01
2.692524790763854980e-01 1.333579272031784058e-01 2.021735310554504395e-01 -2.527779154479503632e-02 7.221176475286483765e-02 -3.971537202596664429e-02 9.962776899337768555e-01
2.840873897075653076e-01 1.381098628044128418e-01 2.114520967006683350e-01 -2.421528100967407227e-02 7.248251140117645264e-02 -4.014616832137107849e-02 9.962671995162963867e-01
2.985283136367797852e-01 1.383624523878097534e-01 2.155661582946777344e-01 -2.550019510090351105e-02 7.335511595010757446e-02 -3.989825770258903503e-02 9.961811900138854980e-01
3.169080913066864014e-01 1.429553329944610596e-01 2.240516245365142822e-01 -2.487285993993282318e-02 7.138373702764511108e-02 -3.895013406872749329e-02 9.963778257369995117e-01
3.246642053127288818e-01 1.520119458436965942e-01 2.329100519418716431e-01 -2.246141806244850159e-02 7.424217462539672852e-02 -4.092829301953315735e-02 9.961468577384948730e-01
3.324206471443176270e-01 1.629949510097503662e-01 2.463205456733703613e-01 -2.372791431844234467e-02 7.317322492599487305e-02 -4.279287159442901611e-02 9.961181879043579102e-01
3.356774449348449707e-01 1.733267456293106079e-01 2.586752474308013916e-01 -2.368589863181114197e-02 7.255841791629791260e-02 -4.262597113847732544e-02 9.961713552474975586e-01
3.373369574546813965e-01 1.830487996339797974e-01 2.712042033672332764e-01 -2.428423799574375153e-02 7.199723273515701294e-02 -4.345759004354476929e-02 9.961617588996887207e-01
3.377293050289154053e-01 1.945990920066833496e-01 2.882238328456878662e-01 -2.444053068757057190e-02 7.072695344686508179e-02 -4.393430054187774658e-02 9.962279796600341797e-01
3.399228453636169434e-01 2.041451781988143921e-01 2.995598018169403076e-01 -2.519930340349674225e-02 6.987930834293365479e-02 -4.539718478918075562e-02 9.962033629417419434e-01
3.362952768802642822e-01 2.186383455991744995e-01 3.158305883407592773e-01 -2.426974661648273468e-02 7.221480458974838257e-02 -4.499493911862373352e-02 9.960780739784240723e-01
3.401896357536315918e-01 2.287995517253875732e-01 3.253954350948333740e-01 -2.429112046957015991e-02 7.192831486463546753e-02 -4.513617977499961853e-02 9.960919022560119629e-01
3.425271809101104736e-01 2.368891686201095581e-01 3.388842940330505371e-01 -2.744473144412040710e-02 6.993602961301803589e-02 -4.774557426571846008e-02 9.960302114486694336e-01
3.444268703460693359e-01 2.494035363197326660e-01 3.521084785461425781e-01 -2.777527086436748505e-02 6.987962871789932251e-02 -4.806884378194808960e-02 9.960094094276428223e-01
3.461809456348419189e-01 2.621641755104064941e-01 3.642771542072296143e-01 -2.696316502988338470e-02 7.040440291166305542e-02 -4.757443070411682129e-02 9.960185885429382324e-01
3.500490784645080566e-01 2.739480733871459961e-01 3.759435117244720459e-01 -2.759861387312412262e-02 6.923381984233856201e-02 -4.692601412534713745e-02 9.961139559745788574e-01
3.501750230789184570e-01 2.850411832332611084e-01 3.882533013820648193e-01 -2.718247659504413605e-02 6.984265893697738647e-02 -4.819670692086219788e-02 9.960222244262695312e-01
3.537155091762542725e-01 2.980843782424926758e-01 4.006993174552917480e-01 -2.713526226580142975e-02 7.028741389513015747e-02 -4.736960679292678833e-02 9.960318803787231445e-01
3.559401035308837891e-01 3.139303922653198242e-01 4.160244166851043701e-01 -2.626145258545875549e-02 7.048537582159042358e-02 -4.837845265865325928e-02 9.959928393363952637e-01
3.569505214691162109e-01 3.244381546974182129e-01 4.244421422481536865e-01 -2.641123346984386444e-02 7.152234762907028198e-02 -4.700335860252380371e-02 9.959808588027954102e-01
3.598772585391998291e-01 3.333063423633575439e-01 4.425440430641174316e-01 -2.925543859601020813e-02 6.690367311239242554e-02 -5.131911113858222961e-02 9.960092902183532715e-01
3.610711693763732910e-01 3.425184190273284912e-01 4.528943300247192383e-01 -2.957398444414138794e-02 6.729264557361602783e-02 -5.046618357300758362e-02 9.960172176361083984e-01
3.621720075607299805e-01 3.517111539840698242e-01 4.625709056854248047e-01 -2.934702113270759583e-02 6.733541190624237061e-02 -5.066432431340217590e-02 9.960110187530517578e-01
3.625692129135131836e-01 3.601299524307250977e-01 4.724633395671844482e-01 -2.906403131783008575e-02 6.792964786291122437e-02 -4.974553734064102173e-02 9.960252642631530762e-01
3.637389540672302246e-01 3.665442168712615967e-01 4.813949465751647949e-01 -3.008052520453929901e-02 6.741063296794891357e-02 -5.026708915829658508e-02 9.960041642189025879e-01
3.620533347129821777e-01 3.742600083351135254e-01 4.914101958274841309e-01 -2.925409749150276184e-02 6.860052794218063354e-02 -4.901275411248207092e-02 9.960100054740905762e-01
3.621494472026824951e-01 3.804290294647216797e-01 4.996210634708404541e-01 -2.942680940032005310e-02 6.910455971956253052e-02 -4.941606894135475159e-02 9.959502220153808594e-01
3.612643480300903320e-01 3.865252137184143066e-01 5.080866813659667969e-01 -2.971393615007400513e-02 6.843919306993484497e-02 -4.961031302809715271e-02 9.959779381752014160e-01
3.615455031394958496e-01 3.894207179546356201e-01 5.122951865196228027e-01 -2.904733456671237946e-02 6.793159991502761841e-02 -4.980968311429023743e-02 9.960224032402038574e-01
3.599964380264282227e-01 3.933293819427490234e-01 5.219742059707641602e-01 -2.994550019502639771e-02 6.703222543001174927e-02 -5.279072746634483337e-02 9.959031939506530762e-01
3.598925769329071045e-01 4.030752480030059814e-01 5.332434177398681641e-01 -2.705082669854164124e-02 6.919845938682556152e-02 -4.750221222639083862e-02 9.961041212081909180e-01
3.573330938816070557e-01 4.072850048542022705e-01 5.399305820465087891e-01 -2.493327856063842773e-02 7.141598314046859741e-02 -4.464333876967430115e-02 9.961351156234741211e-01
3.540045619010925293e-01 4.114476740360260010e-01 5.478375554084777832e-01 -2.320044673979282379e-02 7.400684058666229248e-02 -4.220907017588615417e-02 9.960939884185791016e-01
3.510173261165618896e-01 4.145120084285736084e-01 5.559257268905639648e-01 -2.184645272791385651e-02 7.359665632247924805e-02 -4.025223851203918457e-02 9.962359666824340820e-01
3.467647135257720947e-01 4.178263545036315918e-01 5.613751411437988281e-01 -2.296268194913864136e-02 7.405858486890792847e-02 -4.152635112404823303e-02 9.961243271827697754e-01
3.466845750808715820e-01 4.169552624225616455e-01 5.653668642044067383e-01 -2.654950693249702454e-02 7.030352205038070679e-02 -4.350190609693527222e-02 9.962229728698730469e-01
3.384918272495269775e-01 4.239597618579864502e-01 5.767906904220581055e-01 -2.071343176066875458e-02 7.554968446493148804e-02 -4.032633081078529358e-02 9.961109757423400879e-01
3.389849662780761719e-01 4.260880947113037109e-01 5.808413624763488770e-01 -2.425253763794898987e-02 7.215119898319244385e-02 -4.347337409853935242e-02 9.961506724357604980e-01
3.376293480396270752e-01 4.258388280868530273e-01 5.787542462348937988e-01 -2.430453710258007050e-02 7.289363443851470947e-02 -4.407771676778793335e-02 9.960688352584838867e-01
3.314139842987060547e-01 4.336392581462860107e-01 5.960597991943359375e-01 -2.735017985105514526e-02 7.133528590202331543e-02 -4.452431946992874146e-02 9.960827827453613281e-01
3.630984127521514893e-01 4.575419425964355469e-01 6.067745685577392578e-01 1.719896798022091389e-03 4.947022069245576859e-03 5.738919600844383240e-02 9.983381628990173340e-01
3.604020774364471436e-01 4.603170752525329590e-01 6.131728887557983398e-01 9.553172858431935310e-04 5.501482635736465454e-03 6.132384389638900757e-02 9.981023073196411133e-01
3.590893745422363281e-01 4.656473696231842041e-01 6.222271323204040527e-01 4.038430284708738327e-03 -1.453880802728235722e-03 6.941720843315124512e-02 9.975785017013549805e-01
3.612743914127349854e-01 4.751549065113067627e-01 6.293711066246032715e-01 1.058131549507379532e-02 -1.956040784716606140e-02 8.678889274597167969e-02 9.959784746170043945e-01
3.638100326061248779e-01 4.807221889495849609e-01 6.409926414489746094e-01 7.957880385220050812e-03 -2.955057099461555481e-02 1.029953137040138245e-01 9.942109584808349609e-01
3.705437183380126953e-01 4.883936643600463867e-01 6.442765593528747559e-01 1.093743182718753815e-02 -3.988996893167495728e-02 1.077260226011276245e-01 9.933198690414428711e-01
3.667463958263397217e-01 4.956953227519989014e-01 6.533960103988647461e-01 1.309162005782127380e-02 -4.083179309964179993e-02 1.211664974689483643e-01 9.917056560516357422e-01
3.674139380455017090e-01 5.024092197418212891e-01 6.622568368911743164e-01 1.415992807596921921e-02 -4.687497392296791077e-02 1.276530772447586060e-01 9.906094074249267578e-01
3.675024807453155518e-01 5.088983178138732910e-01 6.717284321784973145e-01 1.502127945423126221e-02 -5.182997509837150574e-02 1.335859149694442749e-01 9.895669817924499512e-01
3.682025969028472900e-01 5.168967843055725098e-01 6.822168231010437012e-01 1.557265687733888626e-02 -5.770786479115486145e-02 1.362892836332321167e-01 9.888643026351928711e-01
3.688127994537353516e-01 5.254454016685485840e-01 6.881769299507141113e-01 1.882130652666091919e-02 -6.261096149682998657e-02 1.414223015308380127e-01 9.877881407737731934e-01
3.697395622730255127e-01 5.330678224563598633e-01 6.983531713485717773e-01 1.876808889210224152e-02 -6.554365903139114380e-02 1.409782469272613525e-01 9.876623749732971191e-01
3.693360686302185059e-01 5.406087636947631836e-01 7.084821462631225586e-01 4.607918672263622284e-03 -7.262705266475677490e-02 1.396117359399795532e-01 9.875286221504211426e-01
3.699792921543121338e-01 5.490568876266479492e-01 7.189106345176696777e-01 -1.384726352989673615e-02 -7.809860259294509888e-02 1.349565088748931885e-01 9.876718521118164062e-01
3.687263131141662598e-01 5.578263401985168457e-01 7.310317754745483398e-01 -3.341949731111526489e-02 -8.347860723733901978e-02 1.293715983629226685e-01 9.875108003616333008e-01
3.696177899837493896e-01 5.636746287345886230e-01 7.373903989791870117e-01 -5.490642413496971130e-02 -8.835346996784210205e-02 1.221214458346366882e-01 9.870488047599792480e-01
3.692980408668518066e-01 5.734502077102661133e-01 7.490956187248229980e-01 -7.830237597227096558e-02 -9.318179637193679810e-02 1.138583794236183167e-01 9.860133528709411621e-01
3.679097890853881836e-01 5.821108818054199219e-01 7.607675194740295410e-01 -1.030597686767578125e-01 -9.732684493064880371e-02 1.032693162560462952e-01 9.845007658004760742e-01
3.668115735054016113e-01 5.875765681266784668e-01 7.689924836158752441e-01 -1.294538527727127075e-01 -1.016336977481842041e-01 9.298426657915115356e-02 9.819706082344055176e-01
3.646556735038757324e-01 5.946381688117980957e-01 7.804986238479614258e-01 -1.565476655960083008e-01 -1.055214777588844299e-01 8.132012188434600830e-02 9.786445498466491699e-01
3.623417317867279053e-01 6.027689576148986816e-01 7.933793663978576660e-01 -1.844602525234222412e-01 -1.100719496607780457e-01 7.030029594898223877e-02 9.741234779357910156e-01
3.593678474426269531e-01 6.099184155464172363e-01 8.037255406379699707e-01 -2.117976099252700806e-01 -1.145875155925750732e-01 5.748471245169639587e-02 9.688689112663269043e-01
3.574431240558624268e-01 6.173437237739562988e-01 8.148369193077087402e-01 -2.393115758895874023e-01 -1.186795756220817566e-01 4.592112824320793152e-02 9.625676274299621582e-01
3.543997704982757568e-01 6.242173314094543457e-01 8.259792327880859375e-01 -2.663514316082000732e-01 -1.230858936905860901e-01 3.555247560143470764e-02 9.553234577178955078e-01
3.520223200321197510e-01 6.306268572807312012e-01 8.394688367843627930e-01 -2.933366894721984863e-01 -1.285020560026168823e-01 2.424948103725910187e-02 9.470231533050537109e-01
3.473725318908691406e-01 6.401690244674682617e-01 8.502976894378662109e-01 -3.172626197338104248e-01 -1.327019482851028442e-01 1.483201421797275543e-02 9.388900995254516602e-01
3.437011241912841797e-01 6.469012498855590820e-01 8.625218868255615234e-01 -3.419270515441894531e-01 -1.375274807214736938e-01 6.167417392134666443e-03 9.295881390571594238e-01
3.396732807159423828e-01 6.533360481262207031e-01 8.744941353797912598e-01 -3.647373020648956299e-01 -1.422326266765594482e-01 -1.310161082074046135e-03 9.201820492744445801e-01
3.356742560863494873e-01 6.596302390098571777e-01 8.873729705810546875e-01 -3.867065012454986572e-01 -1.475482285022735596e-01 -7.567323744297027588e-03 9.102913737297058105e-01
3.315891623497009277e-01 6.663821339607238770e-01 8.998510837554931641e-01 -4.064233601093292236e-01 -1.535221040248870850e-01 -1.132473349571228027e-02 9.006235003471374512e-01
3.274340033531188965e-01 6.730365157127380371e-01 9.126870632171630859e-01 -4.241266846656799316e-01 -1.597335487604141235e-01 -1.310590188950300217e-02 8.913080096244812012e-01
3.234451413154602051e-01 6.796403527259826660e-01 9.252799153327941895e-01 -4.394616782665252686e-01 -1.669162213802337646e-01 -1.310596801340579987e-02 8.825194835662841797e-01
3.190063834190368652e-01 6.873338222503662109e-01 9.379042387008666992e-01 -4.522199928760528564e-01 -1.738241314888000488e-01 -9.816711768507957458e-03 8.747490644454956055e-01
3.142877817153930664e-01 6.934873461723327637e-01 9.502174854278564453e-01 -4.627651870250701904e-01 -1.814728081226348877e-01 -5.549503024667501450e-03 8.676896095275878906e-01
3.090299069881439209e-01 7.010921239852905273e-01 9.647967219352722168e-01 -4.710887372493743896e-01 -1.899959594011306763e-01 1.504638930782675743e-03 8.613795042037963867e-01
3.039916157722473145e-01 7.080464363098144531e-01 9.786381721496582031e-01 -4.775951802730560303e-01 -1.987056285142898560e-01 1.084700506180524826e-02 8.557460308074951172e-01
2.987864017486572266e-01 7.151166796684265137e-01 9.918853044509887695e-01 -4.817286729812622070e-01 -2.082065641880035400e-01 2.192568033933639526e-02 8.509446978569030762e-01
2.936195135116577148e-01 7.223062515258789062e-01 1.006186842918395996e+00 -4.844282567501068115e-01 -2.181189358234405518e-01 3.505424410104751587e-02 8.464778065681457520e-01
2.879722714424133301e-01 7.283728718757629395e-01 1.019103527069091797e+00 -4.848640561103820801e-01 -2.284988909959793091e-01 4.903626441955566406e-02 8.427873849868774414e-01
2.810849845409393311e-01 7.347731590270996094e-01 1.033120274543762207e+00 -4.837316870689392090e-01 -2.385555654764175415e-01 6.465990841388702393e-02 8.395916223526000977e-01
2.742237150669097900e-01 7.417042255401611328e-01 1.046743154525756836e+00 -4.806272983551025391e-01 -2.493872344493865967e-01 8.174674212932586670e-02 8.367323279380798340e-01
2.665769457817077637e-01 7.478253245353698730e-01 1.060642361640930176e+00 -4.760164618492126465e-01 -2.604519128799438477e-01 9.973599016666412354e-02 8.340418934822082520e-01
2.572913169860839844e-01 7.538546323776245117e-01 1.073957324028015137e+00 -4.696695506572723389e-01 -2.710888683795928955e-01 1.184174120426177979e-01 8.318044543266296387e-01
2.466263175010681152e-01 7.592756152153015137e-01 1.087106704711914062e+00 -4.619954526424407959e-01 -2.818005681037902832e-01 1.379371583461761475e-01 8.295312523841857910e-01
2.353745996952056885e-01 7.642301321029663086e-01 1.098688721656799316e+00 -4.520010054111480713e-01 -2.930889725685119629e-01 1.581102758646011353e-01 8.275234699249267578e-01
2.224462628364562988e-01 7.692883014678955078e-01 1.109356522560119629e+00 -4.408685564994812012e-01 -3.038913905620574951e-01 1.787460446357727051e-01 8.254300951957702637e-01
2.095940709114074707e-01 7.753028869628906250e-01 1.119404196739196777e+00 -4.286276102066040039e-01 -3.149560093879699707e-01 1.991249471902847290e-01 8.230615854263305664e-01
1.972347497940063477e-01 7.840539216995239258e-01 1.129389047622680664e+00 -4.151569902896881104e-01 -3.248840868473052979e-01 2.193722128868103027e-01 8.209572434425354004e-01
1.855630278587341309e-01 7.900521755218505859e-01 1.140841960906982422e+00 -4.007557332515716553e-01 -3.352794945240020752e-01 2.395419329404830933e-01 8.182923197746276855e-01
1.731758117675781250e-01 7.941204309463500977e-01 1.151241302490234375e+00 -3.853766918182373047e-01 -3.450302183628082275e-01 2.594421207904815674e-01 8.155542612075805664e-01
1.608843207359313965e-01 7.977125048637390137e-01 1.161586999893188477e+00 -3.689632117748260498e-01 -3.545359075069427490e-01 2.790536284446716309e-01 8.125882148742675781e-01
1.489639878273010254e-01 8.014303445816040039e-01 1.171291351318359375e+00 -3.523252904415130615e-01 -3.635834157466888428e-01 2.983474433422088623e-01 8.091123700141906738e-01
1.378334760665893555e-01 8.052960634231567383e-01 1.180342078208923340e+00 -3.345136642456054688e-01 -3.724073171615600586e-01 3.166320621967315674e-01 8.057031631469726562e-01
1.261525750160217285e-01 8.089560270309448242e-01 1.188866853713989258e+00 -3.161572813987731934e-01 -3.808367550373077393e-01 3.339023590087890625e-01 8.021952509880065918e-01
1.148567199707031250e-01 8.131119012832641602e-01 1.197384238243103027e+00 -2.972187101840972900e-01 -3.891990184783935547e-01 3.508813083171844482e-01 7.981651425361633301e-01
1.041353344917297363e-01 8.172984123229980469e-01 1.205074906349182129e+00 -2.773373126983642578e-01 -3.973199129104614258e-01 3.665981590747833252e-01 7.942460179328918457e-01
9.321647882461547852e-02 8.206808567047119141e-01 1.212217569351196289e+00 -2.569456696510314941e-01 -4.050666689872741699e-01 3.793100118637084961e-01 7.912166714668273926e-01
8.286237716674804688e-02 8.236241340637207031e-01 1.219178199768066406e+00 -2.362480014562606812e-01 -4.127121269702911377e-01 3.904384374618530273e-01 7.882978320121765137e-01
7.265877723693847656e-02 8.271139860153198242e-01 1.225779533386230469e+00 -2.153145819902420044e-01 -4.196979105472564697e-01 4.022018909454345703e-01 7.846827507019042969e-01
6.298279762268066406e-02 8.297418951988220215e-01 1.231460332870483398e+00 -1.949627399444580078e-01 -4.255468249320983887e-01 4.133898615837097168e-01 7.810302972793579102e-01
5.358684062957763672e-02 8.328595161437988281e-01 1.237306237220764160e+00 -1.749368607997894287e-01 -4.312236011028289795e-01 4.248985648155212402e-01 7.764692902565002441e-01
4.511642456054687500e-02 8.349658250808715820e-01 1.243157386779785156e+00 -1.560630798339843750e-01 -4.363792836666107178e-01 4.358536303043365479e-01 7.715238928794860840e-01
3.572165966033935547e-02 8.374220132827758789e-01 1.247627615928649902e+00 -1.373890638351440430e-01 -4.409971237182617188e-01 4.468583762645721436e-01 7.661353945732116699e-01
2.635824680328369141e-02 8.385217785835266113e-01 1.250313282012939453e+00 -1.192903444170951843e-01 -4.451549649238586426e-01 4.568890035152435303e-01 7.608280777931213379e-01
1.725029945373535156e-02 8.417217731475830078e-01 1.254508376121520996e+00 -1.015006080269813538e-01 -4.498654901981353760e-01 4.673712849617004395e-01 7.542431950569152832e-01
1.018333435058593750e-02 8.449275493621826172e-01 1.256956934928894043e+00 -8.469452708959579468e-02 -4.536045491695404053e-01 4.786513745784759521e-01 7.469689846038818359e-01
2.300500869750976562e-03 8.461996316909790039e-01 1.259524464607238770e+00 -6.884182244539260864e-02 -4.572225809097290039e-01 4.883218109607696533e-01 7.401014566421508789e-01
-4.467487335205078125e-03 8.469181060791015625e-01 1.261238932609558105e+00 -5.395060777664184570e-02 -4.607511758804321289e-01 4.972679615020751953e-01 7.331591248512268066e-01
-1.192200183868408203e-02 8.492400646209716797e-01 1.264055013656616211e+00 -3.876035287976264954e-02 -4.642767012119293213e-01 5.050747990608215332e-01 7.265290021896362305e-01
-1.887178421020507812e-02 8.498620986938476562e-01 1.265013456344604492e+00 -2.389053255319595337e-02 -4.674247503280639648e-01 5.116614699363708496e-01 7.205178737640380859e-01
-2.555012702941894531e-02 8.513852357864379883e-01 1.268176555633544922e+00 -1.037408784031867981e-02 -4.709528088569641113e-01 5.173505544662475586e-01 7.144538760185241699e-01
-2.996063232421875000e-02 8.537821769714355469e-01 1.270925760269165039e+00 2.570492913946509361e-03 -4.746094346046447754e-01 5.237627625465393066e-01 7.073979973793029785e-01
-3.598046302795410156e-02 8.545112609863281250e-01 1.271620631217956543e+00 4.216005094349384308e-03 -4.806699454784393311e-01 5.234977602958679199e-01 7.034832835197448730e-01
-4.107975959777832031e-02 8.553646802902221680e-01 1.272290706634521484e+00 5.684977397322654724e-03 -4.867039918899536133e-01 5.234088897705078125e-01 6.993783712387084961e-01
-4.706156253814697266e-02 8.567553758621215820e-01 1.274557232856750488e+00 7.536811288446187973e-03 -4.928688108921051025e-01 5.228214859962463379e-01 6.954720616340637207e-01
-4.994142055511474609e-02 8.602750301361083984e-01 1.276415109634399414e+00 8.989600464701652527e-03 -4.984256625175476074e-01 5.241651535034179688e-01 6.904650330543518066e-01
-5.298328399658203125e-02 8.609778285026550293e-01 1.278363466262817383e+00 1.013312209397554398e-02 -5.037074089050292969e-01 5.239067673683166504e-01 6.868026852607727051e-01
-5.617856979370117188e-02 8.609358668327331543e-01 1.279294490814208984e+00 1.090184133499860764e-02 -5.085102915763854980e-01 5.240462422370910645e-01 6.831355094909667969e-01
-5.861818790435791016e-02 8.607325553894042969e-01 1.280638694763183594e+00 1.159006357192993164e-02 -5.124347805976867676e-01 5.240511298179626465e-01 6.801813840866088867e-01
-5.976915359497070312e-02 8.615855574607849121e-01 1.281928896903991699e+00 1.226142887026071548e-02 -5.163825750350952148e-01 5.244020223617553711e-01 6.769056320190429688e-01
-6.301403045654296875e-02 8.618422746658325195e-01 1.283525228500366211e+00 1.251697260886430740e-02 -5.191053748130798340e-01 5.249271988868713379e-01 6.744067072868347168e-01
-6.411087512969970703e-02 8.625711798667907715e-01 1.284942150115966797e+00 1.262754201889038086e-02 -5.212263464927673340e-01 5.255224108695983887e-01 6.723020076751708984e-01
-6.436574459075927734e-02 8.630574345588684082e-01 1.286533474922180176e+00 1.256803795695304871e-02 -5.233837366104125977e-01 5.254935622215270996e-01 6.706474423408508301e-01
-6.557428836822509766e-02 8.628205060958862305e-01 1.286763548851013184e+00 1.230178400874137878e-02 -5.235828161239624023e-01 5.262072086334228516e-01 6.699370741844177246e-01
-6.813108921051025391e-02 8.623939752578735352e-01 1.286340713500976562e+00 1.208279933780431747e-02 -5.228614211082458496e-01 5.268255472183227539e-01 6.700185537338256836e-01
-6.776225566864013672e-02 8.622413873672485352e-01 1.288306951522827148e+00 1.080619916319847107e-02 -5.224409699440002441e-01 5.270325541496276855e-01 6.702054738998413086e-01
-6.814634799957275391e-02 8.630732893943786621e-01 1.289299964904785156e+00 1.051057968288660049e-02 -5.208892822265625000e-01 5.274726152420043945e-01 6.710711717605590820e-01
-7.075572013854980469e-02 8.633295297622680664e-01 1.287874460220336914e+00 1.043134834617376328e-02 -5.174438357353210449e-01 5.277291536331176758e-01 6.735317707061767578e-01
-6.927502155303955078e-02 8.638727664947509766e-01 1.288066148757934570e+00 9.416732005774974823e-03 -5.135953426361083984e-01 5.284537672996520996e-01 6.759199500083923340e-01
-6.990742683410644531e-02 8.642706871032714844e-01 1.289835929870605469e+00 8.398544974625110626e-03 -5.092921853065490723e-01 5.287262797355651855e-01 6.789694428443908691e-01
-7.097303867340087891e-02 8.647859096527099609e-01 1.288609385490417480e+00 8.143814280629158020e-03 -5.032351613044738770e-01 5.281935334205627441e-01 6.838857531547546387e-01
-7.362663745880126953e-02 8.654838204383850098e-01 1.289708375930786133e+00 8.373606018722057343e-03 -4.966628849506378174e-01 5.273272395133972168e-01 6.893344521522521973e-01
-7.333862781524658203e-02 8.653154373168945312e-01 1.291806578636169434e+00 -6.522021256387233734e-03 -4.940858185291290283e-01 5.178909897804260254e-01 6.983019113540649414e-01
-7.532787322998046875e-02 8.653283715248107910e-01 1.293058276176452637e+00 -2.187336049973964691e-02 -4.900974631309509277e-01 5.079403519630432129e-01 7.080414891242980957e-01
-7.662999629974365234e-02 8.647320270538330078e-01 1.294504523277282715e+00 -3.870126232504844666e-02 -4.855918884277343750e-01 4.959425926208496094e-01 7.188488841056823730e-01
-7.933211326599121094e-02 8.640089035034179688e-01 1.296653270721435547e+00 -5.667472258210182190e-02 -4.805941283702850342e-01 4.826527833938598633e-01 7.299751043319702148e-01
-8.201456069946289062e-02 8.631543517112731934e-01 1.298127889633178711e+00 -7.511007785797119141e-02 -4.741330742835998535e-01 4.685549736022949219e-01 7.416284084320068359e-01
-8.442151546478271484e-02 8.631917238235473633e-01 1.300165534019470215e+00 -9.414482116699218750e-02 -4.676638841629028320e-01 4.536137282848358154e-01 7.527694702148437500e-01
-8.771383762359619141e-02 8.627872467041015625e-01 1.302155494689941406e+00 -1.136090829968452454e-01 -4.602067470550537109e-01 4.374362230300903320e-01 7.641676664352416992e-01
-8.859646320343017578e-02 8.638576269149780273e-01 1.304606676101684570e+00 -1.334539055824279785e-01 -4.522503316402435303e-01 4.219237565994262695e-01 7.743642926216125488e-01
-9.225428104400634766e-02 8.631142377853393555e-01 1.307439684867858887e+00 -1.537780463695526123e-01 -4.437736272811889648e-01 4.041014313697814941e-01 7.849326729774475098e-01
-9.497195482254028320e-02 8.631564378738403320e-01 1.310700654983520508e+00 -1.736498773097991943e-01 -4.354628622531890869e-01 3.863497674465179443e-01 7.943247556686401367e-01
-9.937697649002075195e-02 8.623932600021362305e-01 1.312399625778198242e+00 -1.932276636362075806e-01 -4.255576729774475098e-01 3.677672743797302246e-01 8.039346933364868164e-01
-1.014362573623657227e-01 8.625184297561645508e-01 1.314682602882385254e+00 -2.125356048345565796e-01 -4.162524342536926270e-01 3.490905463695526123e-01 8.122181892395019531e-01
-1.041238903999328613e-01 8.617854714393615723e-01 1.316425681114196777e+00 -2.313880026340484619e-01 -4.066938459873199463e-01 3.301114737987518311e-01 8.198086619377136230e-01
-1.070883870124816895e-01 8.618087172508239746e-01 1.318385839462280273e+00 -2.493958771228790283e-01 -3.972912132740020752e-01 3.115024566650390625e-01 8.263943791389465332e-01
-1.089522838592529297e-01 8.616420030593872070e-01 1.319978713989257812e+00 -2.670112848281860352e-01 -3.880949616432189941e-01 2.934140861034393311e-01 8.318627476692199707e-01
-1.113249659538269043e-01 8.616091012954711914e-01 1.320817589759826660e+00 -2.832137346267700195e-01 -3.785836100578308105e-01 2.754178345203399658e-01 8.370241522789001465e-01
-1.124171018600463867e-01 8.620012998580932617e-01 1.322027802467346191e+00 -2.986642122268676758e-01 -3.703861832618713379e-01 2.583056390285491943e-01 8.407686948776245117e-01
-1.137634515762329102e-01 8.617870807647705078e-01 1.322886705398559570e+00 -3.130398988723754883e-01 -3.625230789184570312e-01 2.416611164808273315e-01 8.439093828201293945e-01
-1.148229837417602539e-01 8.619258403778076172e-01 1.323423266410827637e+00 -3.258327543735504150e-01 -3.551272153854370117e-01 2.265152931213378906e-01 8.464092612266540527e-01
-1.154507398605346680e-01 8.618230223655700684e-01 1.323861122131347656e+00 -3.374443054199218750e-01 -3.485476970672607422e-01 2.121632248163223267e-01 8.483116030693054199e-01
-1.156534552574157715e-01 8.619295358657836914e-01 1.323895454406738281e+00 -3.474466204643249512e-01 -3.434178829193115234e-01 1.993159651756286621e-01 8.494811654090881348e-01
-1.163651049137115479e-01 8.621590137481689453e-01 1.324239969253540039e+00 -3.561277687549591064e-01 -3.389276862144470215e-01 1.878144145011901855e-01 8.503098487854003906e-01
-1.167735159397125244e-01 8.617760539054870605e-01 1.324339509010314941e+00 -3.636062443256378174e-01 -3.354296088218688965e-01 1.772276014089584351e-01 8.508043289184570312e-01
-1.172567307949066162e-01 8.616785407066345215e-01 1.324959039688110352e+00 -3.700577318668365479e-01 -3.327010869979858398e-01 1.677675843238830566e-01 8.510119915008544922e-01
-1.181208491325378418e-01 8.617659211158752441e-01 1.325073003768920898e+00 -3.750997781753540039e-01 -3.303811550140380859e-01 1.596279889345169067e-01 8.512740135192871094e-01
-1.188437342643737793e-01 8.615827560424804688e-01 1.325577020645141602e+00 -3.798719048500061035e-01 -3.286125957965850830e-01 1.526400893926620483e-01 8.511241078376770020e-01
-1.196472644805908203e-01 8.616357445716857910e-01 1.326260566711425781e+00 -3.836922347545623779e-01 -3.271588385105133057e-01 1.466338634490966797e-01 8.510263562202453613e-01
-1.206983923912048340e-01 8.614225387573242188e-01 1.326858401298522949e+00 -3.868947625160217285e-01 -3.258414864540100098e-01 1.409404873847961426e-01 8.510438203811645508e-01
-1.218650043010711670e-01 8.613147735595703125e-01 1.327596426010131836e+00 -3.894107341766357422e-01 -3.245768249034881592e-01 1.359636038541793823e-01 8.511892557144165039e-01
-1.232526600360870361e-01 8.609499931335449219e-01 1.328205585479736328e+00 -3.916011154651641846e-01 -3.229284584522247314e-01 1.313030421733856201e-01 8.515429496765136719e-01
-1.247964799404144287e-01 8.607281446456909180e-01 1.328993797302246094e+00 -3.934938907623291016e-01 -3.211209774017333984e-01 1.272725164890289307e-01 8.519657850265502930e-01
-1.264473795890808105e-01 8.604421615600585938e-01 1.329807281494140625e+00 -3.952002823352813721e-01 -3.187895715236663818e-01 1.236500591039657593e-01 8.525846600532531738e-01
-1.279712915420532227e-01 8.598948717117309570e-01 1.330734014511108398e+00 -3.967095613479614258e-01 -3.160704076290130615e-01 1.195874214172363281e-01 8.534752130508422852e-01
-1.300503313541412354e-01 8.595776557922363281e-01 1.331637620925903320e+00 -3.983935713768005371e-01 -3.120661675930023193e-01 1.161681786179542542e-01 8.546357750892639160e-01
-1.321639120578765869e-01 8.591400384902954102e-01 1.332602977752685547e+00 -4.000794887542724609e-01 -3.074806332588195801e-01 1.124753952026367188e-01 8.560031652450561523e-01
-1.343829035758972168e-01 8.586233258247375488e-01 1.333598375320434570e+00 -4.019742906093597412e-01 -3.016114234924316406e-01 1.083596870303153992e-01 8.577327728271484375e-01
-1.367561966180801392e-01 8.579687476158142090e-01 1.334698200225830078e+00 -4.039675593376159668e-01 -2.946195900440216064e-01 1.041354760527610779e-01 8.597472906112670898e-01
-1.394181698560714722e-01 8.573935031890869141e-01 1.335661172866821289e+00 -4.063416421413421631e-01 -2.860220968723297119e-01 9.938614070415496826e-02 8.620907068252563477e-01
-1.418631523847579956e-01 8.566703796386718750e-01 1.336978673934936523e+00 -4.094472229480743408e-01 -2.760089933872222900e-01 9.456656128168106079e-02 8.644242286682128906e-01
-1.445847600698471069e-01 8.560483455657958984e-01 1.337873697280883789e+00 -4.125644266605377197e-01 -2.638549208641052246e-01 8.905715495347976685e-02 8.673177361488342285e-01
-1.471246331930160522e-01 8.551375865936279297e-01 1.339120864868164062e+00 -4.168988168239593506e-01 -2.501602172851562500e-01 8.289244771003723145e-02 8.699104189872741699e-01
-1.504326313734054565e-01 8.545202016830444336e-01 1.340242266654968262e+00 -4.214663803577423096e-01 -2.343014031648635864e-01 7.565870881080627441e-02 8.727798461914062500e-01
-1.536069959402084351e-01 8.533939123153686523e-01 1.341429948806762695e+00 -4.262896180152893066e-01 -2.171959429979324341e-01 6.778628379106521606e-02 8.755044937133789062e-01
-1.569837480783462524e-01 8.525539636611938477e-01 1.342658519744873047e+00 -4.311370849609375000e-01 -1.987167596817016602e-01 5.980420112609863281e-02 8.780978918075561523e-01
-1.604843884706497192e-01 8.515927195549011230e-01 1.343633294105529785e+00 -4.355790615081787109e-01 -1.793065965175628662e-01 5.139558017253875732e-02 8.806126713752746582e-01
-1.642191410064697266e-01 8.503611683845520020e-01 1.344712257385253906e+00 -4.404221177101135254e-01 -1.586488634347915649e-01 4.267390817403793335e-02 8.826312422752380371e-01
-1.679252684116363525e-01 8.492239117622375488e-01 1.345728278160095215e+00 -4.447450935840606689e-01 -1.377778053283691406e-01 3.396487981081008911e-02 8.843446969985961914e-01
-1.716399788856506348e-01 8.480696678161621094e-01 1.346780300140380859e+00 -4.489484131336212158e-01 -1.163252368569374084e-01 2.589978650212287903e-02 8.855749964714050293e-01
-1.756982058286666870e-01 8.467184305191040039e-01 1.347696065902709961e+00 -4.525730013847351074e-01 -9.508096426725387573e-02 1.742332614958286285e-02 8.864727020263671875e-01
-1.798651367425918579e-01 8.451295495033264160e-01 1.348695039749145508e+00 -4.559372365474700928e-01 -7.397092878818511963e-02 9.136723354458808899e-03 8.868855834007263184e-01
-1.840686500072479248e-01 8.437654972076416016e-01 1.349549531936645508e+00 -4.585109353065490723e-01 -5.345973744988441467e-02 1.353616011328995228e-03 8.870784044265747070e-01
-1.887429654598236084e-01 8.425313234329223633e-01 1.350375175476074219e+00 -4.604317247867584229e-01 -3.332681208848953247e-02 -6.138874217867851257e-03 8.870480656623840332e-01
-1.932588517665863037e-01 8.406563997268676758e-01 1.351167201995849609e+00 -4.618324637413024902e-01 -1.470983866602182388e-02 -1.316694822162389755e-02 8.867474794387817383e-01
-1.978840082883834839e-01 8.396419882774353027e-01 1.351813793182373047e+00 -4.623326659202575684e-01 3.094219602644443512e-03 -1.901741139590740204e-02 8.864971995353698730e-01
-2.027241885662078857e-01 8.381137847900390625e-01 1.352407693862915039e+00 -4.622339606285095215e-01 1.963679306209087372e-02 -2.300651930272579193e-02 8.862420320510864258e-01
-2.076114118099212646e-01 8.361061811447143555e-01 1.353269219398498535e+00 -4.615605473518371582e-01 3.463302925229072571e-02 -2.502504363656044006e-02 8.860791325569152832e-01
-2.127300798892974854e-01 8.346170186996459961e-01 1.353877782821655273e+00 -4.598249495029449463e-01 4.738335311412811279e-02 -2.694202773272991180e-02 8.863351345062255859e-01
-2.181246876716613770e-01 8.328938484191894531e-01 1.354481577873229980e+00 -4.575043916702270508e-01 5.734641477465629578e-02 -2.877555042505264282e-02 8.868895769119262695e-01
-2.229928374290466309e-01 8.309943675994873047e-01 1.354937553405761719e+00 -4.544407427310943604e-01 6.348466873168945312e-02 -3.014871850609779358e-02 8.880002498626708984e-01
-2.283901572227478027e-01 8.291271328926086426e-01 1.355422258377075195e+00 -4.508690237998962402e-01 6.659092754125595093e-02 -3.118062205612659454e-02 8.895564079284667969e-01
-2.343081533908843994e-01 8.270254135131835938e-01 1.356140375137329102e+00 -4.464716613292694092e-01 6.831897050142288208e-02 -2.839200384914875031e-02 8.917340040206909180e-01
-2.395428121089935303e-01 8.251914381980895996e-01 1.356748461723327637e+00 -4.410652816295623779e-01 6.657927483320236206e-02 -2.358997054398059845e-02 8.946911096572875977e-01
-2.456999123096466064e-01 8.232868909835815430e-01 1.357285261154174805e+00 -4.345285296440124512e-01 6.299261003732681274e-02 -1.758403331041336060e-02 8.982804417610168457e-01
-2.514913678169250488e-01 8.212490081787109375e-01 1.357943058013916016e+00 -4.274387955665588379e-01 5.629504099488258362e-02 -1.075000036507844925e-02 9.022257924079895020e-01
-2.580682933330535889e-01 8.188416957855224609e-01 1.358705043792724609e+00 -4.196849167346954346e-01 4.823620989918708801e-02 -2.581629436463117599e-03 9.063836336135864258e-01
-2.642660737037658691e-01 8.166430592536926270e-01 1.359453320503234863e+00 -4.108238518238067627e-01 3.796518221497535706e-02 7.205298636108636856e-03 9.108954668045043945e-01
-2.707774639129638672e-01 8.140377998352050781e-01 1.360266685485839844e+00 -4.013860523700714111e-01 2.582264691591262817e-02 1.806792058050632477e-02 9.153666496276855469e-01
-2.777212858200073242e-01 8.118678331375122070e-01 1.361437916755676270e+00 -3.910898864269256592e-01 1.281317137181758881e-02 2.959624864161014557e-02 9.197872281074523926e-01
-2.838511466979980469e-01 8.101636767387390137e-01 1.362453699111938477e+00 -3.797970712184906006e-01 -1.960807479918003082e-03 4.221003502607345581e-02 9.241042733192443848e-01
-2.906009256839752197e-01 8.075393438339233398e-01 1.363906621932983398e+00 -3.681861460208892822e-01 -1.743755675852298737e-02 5.564280226826667786e-02 9.279218316078186035e-01
-2.974176108837127686e-01 8.045818805694580078e-01 1.365624189376831055e+00 -3.560196459293365479e-01 -3.351747617125511169e-02 7.001751661300659180e-02 9.312486648559570312e-01
-3.041792511940002441e-01 8.021070361137390137e-01 1.367355823516845703e+00 -3.426960110664367676e-01 -5.022590979933738708e-02 8.460776507854461670e-02 9.342796206474304199e-01
-3.109259903430938721e-01 7.995780110359191895e-01 1.369156837463378906e+00 -3.289152681827545166e-01 -6.708560883998870850e-02 1.002975106239318848e-01 9.366188049316406250e-01
-3.176986575126647949e-01 7.965497970581054688e-01 1.371358752250671387e+00 -3.144438564777374268e-01 -8.374614268541336060e-02 1.164293885231018066e-01 9.383793473243713379e-01
-3.247136771678924561e-01 7.931901812553405762e-01 1.373606920242309570e+00 -2.996262907981872559e-01 -1.001633405685424805e-01 1.325212270021438599e-01 9.394837021827697754e-01
-3.320850431919097900e-01 7.894892096519470215e-01 1.376416563987731934e+00 -2.847136557102203369e-01 -1.157048940658569336e-01 1.487091183662414551e-01 9.399127960205078125e-01
-3.388082683086395264e-01 7.860957384109497070e-01 1.379099130630493164e+00 -2.694303095340728760e-01 -1.308450549840927124e-01 1.656597107648849487e-01 9.395976662635803223e-01
-3.459758162498474121e-01 7.828390002250671387e-01 1.382394313812255859e+00 -2.536708712577819824e-01 -1.450575888156890869e-01 1.825236380100250244e-01 9.387729167938232422e-01
-3.528391718864440918e-01 7.797371745109558105e-01 1.385451436042785645e+00 -2.378177642822265625e-01 -1.577136218547821045e-01 1.992068439722061157e-01 9.374891519546508789e-01
-3.587726354598999023e-01 7.764319777488708496e-01 1.388152956962585449e+00 -2.220233231782913208e-01 -1.688569486141204834e-01 2.157060205936431885e-01 9.357692003250122070e-01
-3.648714721202850342e-01 7.737964987754821777e-01 1.390528440475463867e+00 -2.057075798511505127e-01 -1.783033013343811035e-01 2.316579371690750122e-01 9.339308738708496094e-01
-3.695443272590637207e-01 7.710765600204467773e-01 1.392170190811157227e+00 -1.899043321609497070e-01 -1.863866448402404785e-01 2.478298544883728027e-01 9.315453767776489258e-01
-3.741299510002136230e-01 7.685913443565368652e-01 1.394241929054260254e+00 -1.743629574775695801e-01 -1.929385960102081299e-01 2.635795176029205322e-01 9.289231300354003906e-01
-3.777493536472320557e-01 7.661085128784179688e-01 1.396260261535644531e+00 -1.594960391521453857e-01 -1.980336904525756836e-01 2.793347239494323730e-01 9.259135127067565918e-01
-3.818292021751403809e-01 7.641028761863708496e-01 1.397252678871154785e+00 -1.442082375288009644e-01 -2.016912698745727539e-01 2.941472232341766357e-01 9.230396151542663574e-01
-3.845617473125457764e-01 7.621710896492004395e-01 1.398706912994384766e+00 -1.298457384109497070e-01 -2.045070677995681763e-01 3.089292049407958984e-01 9.197171926498413086e-01
-3.856788277626037598e-01 7.598102092742919922e-01 1.400445699691772461e+00 -1.166064515709877014e-01 -2.069215178489685059e-01 3.222179710865020752e-01 9.163853526115417480e-01
-3.878453969955444336e-01 7.579106092453002930e-01 1.403217315673828125e+00 -1.036050692200660706e-01 -2.084025591611862183e-01 3.351706862449645996e-01 9.129594564437866211e-01
-3.891394138336181641e-01 7.566280364990234375e-01 1.403971791267395020e+00 -9.078588336706161499e-02 -2.086990326642990112e-01 3.478885293006896973e-01 9.094923138618469238e-01
-3.907787799835205078e-01 7.548564672470092773e-01 1.404593467712402344e+00 -7.869237661361694336e-02 -2.079050838947296143e-01 3.595364093780517578e-01 9.062651991844177246e-01
-3.915307521820068359e-01 7.535422444343566895e-01 1.405137300491333008e+00 -6.739150732755661011e-02 -2.066266685724258423e-01 3.698854446411132812e-01 9.032987356185913086e-01
-3.918394148349761963e-01 7.528181076049804688e-01 1.405282616615295410e+00 -5.630616843700408936e-02 -2.054075300693511963e-01 3.801768720149993896e-01 9.000571966171264648e-01
-3.922108411788940430e-01 7.522445917129516602e-01 1.405907392501831055e+00 -4.647674039006233215e-02 -2.038908749818801880e-01 3.896141350269317627e-01 8.969221115112304688e-01
-3.908776342868804932e-01 7.514387369155883789e-01 1.406174778938293457e+00 -3.737052157521247864e-02 -2.031313627958297729e-01 3.978042304515838623e-01 8.939200043678283691e-01
-3.923762142658233643e-01 7.521231770515441895e-01 1.407132625579833984e+00 -2.784151211380958557e-02 -2.014746069908142090e-01 4.052799642086029053e-01 8.912805914878845215e-01
-3.934643566608428955e-01 7.519582509994506836e-01 1.407802939414978027e+00 -2.044430933892726898e-02 -2.000267356634140015e-01 4.116314351558685303e-01 8.888931274414062500e-01
-3.950667679309844971e-01 7.526274919509887695e-01 1.409211277961730957e+00 -1.341843884438276291e-02 -1.985929012298583984e-01 4.172419607639312744e-01 8.867299556732177734e-01
-3.989148736000061035e-01 7.520211338996887207e-01 1.409815788269042969e+00 -7.277815602719783783e-03 -1.969214826822280884e-01 4.211013913154602051e-01 8.853488564491271973e-01
-4.041457474231719971e-01 7.519431114196777344e-01 1.411773562431335449e+00 -2.091401955112814903e-03 -1.955159902572631836e-01 4.242342114448547363e-01 8.841913938522338867e-01
-4.065708816051483154e-01 7.523144483566284180e-01 1.412926077842712402e+00 1.835765084251761436e-03 -1.953665316104888916e-01 4.265819191932678223e-01 8.830947875976562500e-01
-4.087006747722625732e-01 7.512911558151245117e-01 1.416033864021301270e+00 1.971893245354294777e-03 -1.968613415956497192e-01 4.262562990188598633e-01 8.829197883605957031e-01
-4.172226190567016602e-01 7.437257766723632812e-01 1.417847514152526855e+00 2.801287628244608641e-04 -1.953815370798110962e-01 4.255279898643493652e-01 8.836016654968261719e-01
-4.215823709964752197e-01 7.414643764495849609e-01 1.419825911521911621e+00 7.034894078969955444e-04 -1.966129988431930542e-01 4.236799180507659912e-01 8.842161297798156738e-01
-4.268742799758911133e-01 7.382882833480834961e-01 1.420949697494506836e+00 5.755228921771049500e-04 -1.977181136608123779e-01 4.211618602275848389e-01 8.851723074913024902e-01
-4.334027767181396484e-01 7.328651547431945801e-01 1.422488331794738770e+00 -2.339555881917476654e-03 -2.000731825828552246e-01 4.165219366550445557e-01 8.868341445922851562e-01
-4.389617443084716797e-01 7.283839583396911621e-01 1.422842264175415039e+00 -5.963021889328956604e-03 -2.023524791002273560e-01 4.116876423358917236e-01 8.885557055473327637e-01
-4.471775293350219727e-01 7.239803671836853027e-01 1.419564247131347656e+00 -9.466893970966339111e-03 -2.040450423955917358e-01 4.060992896556854248e-01 8.907072544097900391e-01
-4.538828730583190918e-01 7.207474112510681152e-01 1.418972849845886230e+00 -1.371528487652540207e-02 -2.074093073606491089e-01 4.006840884685516357e-01 8.923259377479553223e-01
-4.616623520851135254e-01 7.184448838233947754e-01 1.416992902755737305e+00 -1.816889829933643341e-02 -2.108679711818695068e-01 3.945969641208648682e-01 8.941464424133300781e-01
-4.723671078681945801e-01 7.156789898872375488e-01 1.413355112075805664e+00 -2.236061543226242065e-02 -2.133482992649078369e-01 3.878183662891387939e-01 8.964259624481201172e-01
-4.812570214271545410e-01 7.113339900970458984e-01 1.410514831542968750e+00 -2.792583964765071869e-02 -2.165118455886840820e-01 3.803109526634216309e-01 8.987248539924621582e-01
-4.848777651786804199e-01 7.024861574172973633e-01 1.410427808761596680e+00 -3.751816600561141968e-02 -2.220535874366760254e-01 3.707303702831268311e-01 9.010236859321594238e-01
-4.939823746681213379e-01 6.985555291175842285e-01 1.406716346740722656e+00 -4.376019909977912903e-02 -2.256301790475845337e-01 3.627805113792419434e-01 9.030871391296386719e-01
-5.031690597534179688e-01 6.914429068565368652e-01 1.405033946037292480e+00 -5.207306519150733948e-02 -2.298000305891036987e-01 3.533058464527130127e-01 9.053481817245483398e-01
-5.124467015266418457e-01 6.888811588287353516e-01 1.401968479156494141e+00 -5.837874114513397217e-02 -2.342215329408645630e-01 3.451167643070220947e-01 9.069876670837402344e-01
-5.227720737457275391e-01 6.846576333045959473e-01 1.399863243103027344e+00 -6.610726565122604370e-02 -2.384125590324401855e-01 3.361618518829345703e-01 9.087269306182861328e-01
-5.333338975906372070e-01 6.792294979095458984e-01 1.397530198097229004e+00 -7.439284771680831909e-02 -2.425623536109924316e-01 3.267841935157775879e-01 9.104073047637939453e-01
-5.468056201934814453e-01 6.759539246559143066e-01 1.392403244972229004e+00 -8.132424205541610718e-02 -2.449326068162918091e-01 3.180388212203979492e-01 9.122750759124755859e-01
-5.571123957633972168e-01 6.720630526542663574e-01 1.389038681983947754e+00 -8.901606500148773193e-02 -2.495832145214080811e-01 3.088899254798889160e-01 9.134393334388732910e-01
-5.695903897285461426e-01 6.684975624084472656e-01 1.384416937828063965e+00 -9.581597149372100830e-02 -2.528057694435119629e-01 3.006479740142822266e-01 9.146143794059753418e-01
-5.812841057777404785e-01 6.633837223052978516e-01 1.379368662834167480e+00 -1.030120104551315308e-01 -2.560198307037353516e-01 2.929560542106628418e-01 9.154338836669921875e-01
-5.951075553894042969e-01 6.592584848403930664e-01 1.373565912246704102e+00 -1.089678108692169189e-01 -2.585873901844024658e-01 2.854909002780914307e-01 9.163806438446044922e-01
-6.067620515823364258e-01 6.545706987380981445e-01 1.367883443832397461e+00 -1.150794774293899536e-01 -2.617875337600708008e-01 2.784467041492462158e-01 9.168923497200012207e-01
-6.203788518905639648e-01 6.493678689002990723e-01 1.361026525497436523e+00 -1.211102753877639771e-01 -2.637262940406799316e-01 2.717563807964324951e-01 9.175670742988586426e-01
-6.311067342758178711e-01 6.395424604415893555e-01 1.356246471405029297e+00 -1.297173053026199341e-01 -2.667397558689117432e-01 2.632497549057006836e-01 9.179994463920593262e-01
-6.451249122619628906e-01 6.334827542304992676e-01 1.349090099334716797e+00 -1.354511380195617676e-01 -2.682192325592041016e-01 2.569888830184936523e-01 9.185141324996948242e-01
-6.581851243972778320e-01 6.267125606536865234e-01 1.343109369277954102e+00 -1.416630297899246216e-01 -2.706236839294433594e-01 2.508247196674346924e-01 9.185757040977478027e-01
-6.718533039093017578e-01 6.192497611045837402e-01 1.336174488067626953e+00 -1.476639062166213989e-01 -2.725062370300292969e-01 2.441406548023223877e-01 9.188749194145202637e-01
-6.861519813537597656e-01 6.114774346351623535e-01 1.328526496887207031e+00 -1.535642743110656738e-01 -2.736960649490356445e-01 2.385417222976684570e-01 9.190247058868408203e-01
-6.993139982223510742e-01 6.043968796730041504e-01 1.320253849029541016e+00 -1.586058437824249268e-01 -2.753929495811462402e-01 2.329201251268386841e-01 9.191034436225891113e-01
-7.066487669944763184e-01 5.947540402412414551e-01 1.310076594352722168e+00 -1.649638265371322632e-01 -2.779118716716766357e-01 2.267577201128005981e-01 9.187670946121215820e-01
-7.153174281120300293e-01 5.849453210830688477e-01 1.296784639358520508e+00 -1.702430397272109985e-01 -2.786991894245147705e-01 2.208850532770156860e-01 9.189960956573486328e-01
-7.219054102897644043e-01 5.758331418037414551e-01 1.283551096916198730e+00 -1.755621284246444702e-01 -2.798196673393249512e-01 2.152553200721740723e-01 9.189907908439636230e-01
-7.287420034408569336e-01 5.673521757125854492e-01 1.271012425422668457e+00 -1.810433864593505859e-01 -2.804217338562011719e-01 2.101974934339523315e-01 9.189146161079406738e-01
-7.338742017745971680e-01 5.558744668960571289e-01 1.257746934890747070e+00 -1.874810904264450073e-01 -2.814042270183563232e-01 2.031763494014739990e-01 9.189026355743408203e-01
-7.392671704292297363e-01 5.455321669578552246e-01 1.245016217231750488e+00 -1.933332085609436035e-01 -2.826760709285736084e-01 1.973834782838821411e-01 9.185621142387390137e-01
-7.440655231475830078e-01 5.363512635231018066e-01 1.233174443244934082e+00 -1.986011117696762085e-01 -2.835127413272857666e-01 1.915071010589599609e-01 9.184243083000183105e-01
-7.487972974777221680e-01 5.252104997634887695e-01 1.220878124237060547e+00 -2.045443505048751831e-01 -2.839887440204620361e-01 1.847766041755676270e-01 9.183516502380371094e-01
-7.532155513763427734e-01 5.138266086578369141e-01 1.209403753280639648e+00 -2.108876109123229980e-01 -2.843143045902252197e-01 1.782572418451309204e-01 9.181047081947326660e-01
-7.584964036941528320e-01 5.019971728324890137e-01 1.197248220443725586e+00 -2.171224653720855713e-01 -2.841880023479461670e-01 1.712759584188461304e-01 9.180194139480590820e-01
-7.621673941612243652e-01 4.896998107433319092e-01 1.185702562332153320e+00 -2.236149907112121582e-01 -2.847144007682800293e-01 1.643174439668655396e-01 9.175695776939392090e-01
-7.664246559143066406e-01 4.767162203788757324e-01 1.174157261848449707e+00 -2.302310913801193237e-01 -2.849421501159667969e-01 1.567992717027664185e-01 9.171780943870544434e-01
-7.694668173789978027e-01 4.645101726055145264e-01 1.163090825080871582e+00 -2.366897463798522949e-01 -2.852753400802612305e-01 1.497694998979568481e-01 9.166052341461181641e-01
-7.725490331649780273e-01 4.513654708862304688e-01 1.152636885643005371e+00 -2.436419427394866943e-01 -2.853786647319793701e-01 1.419889777898788452e-01 9.159895181655883789e-01
-7.760649919509887695e-01 4.382758736610412598e-01 1.142039418220520020e+00 -2.504384815692901611e-01 -2.852052152156829834e-01 1.332949846982955933e-01 9.155167937278747559e-01
-7.794922590255737305e-01 4.242932498455047607e-01 1.132008552551269531e+00 -2.578752338886260986e-01 -2.845888733863830566e-01 1.247363686561584473e-01 9.148499965667724609e-01
-7.826806902885437012e-01 4.111261963844299316e-01 1.121566653251647949e+00 -2.648095488548278809e-01 -2.840101122856140137e-01 1.163498237729072571e-01 9.141536951065063477e-01
-7.853440046310424805e-01 3.978637158870697021e-01 1.111823081970214844e+00 -2.720186412334442139e-01 -2.836762666702270508e-01 1.076209843158721924e-01 9.132093787193298340e-01
-7.891932725906372070e-01 3.849714398384094238e-01 1.102025270462036133e+00 -2.788519859313964844e-01 -2.826510965824127197e-01 9.873803704977035522e-02 9.124696254730224609e-01
-7.914402484893798828e-01 3.716625869274139404e-01 1.091994047164916992e+00 -2.858979403972625732e-01 -2.824216783046722412e-01 8.928366750478744507e-02 9.113335609436035156e-01
-7.943326830863952637e-01 3.582856655120849609e-01 1.082514286041259766e+00 -2.929884791374206543e-01 -2.817302942276000977e-01 7.995837926864624023e-02 9.101607203483581543e-01
-7.967611551284790039e-01 3.448076546192169189e-01 1.073478221893310547e+00 -3.003797829151153564e-01 -2.810878455638885498e-01 7.097614556550979614e-02 9.086936116218566895e-01
-7.997372150421142578e-01 3.318916857242584229e-01 1.064491033554077148e+00 -3.075590431690216064e-01 -2.801951467990875244e-01 6.139338389039039612e-02 9.072646498680114746e-01
-8.027933239936828613e-01 3.178532123565673828e-01 1.055248498916625977e+00 -3.150530457496643066e-01 -2.788611948490142822e-01 5.158754065632820129e-02 9.057134389877319336e-01
-8.047490119934082031e-01 3.041639029979705811e-01 1.046152472496032715e+00 -3.221725523471832275e-01 -2.782070040702819824e-01 4.241427779197692871e-02 9.038842916488647461e-01
-8.081912994384765625e-01 2.890722155570983887e-01 1.036389470100402832e+00 -3.298769295215606689e-01 -2.768372595310211182e-01 3.293565660715103149e-02 9.019188880920410156e-01
-8.106517195701599121e-01 2.756723165512084961e-01 1.027071237564086914e+00 -3.365658819675445557e-01 -2.756991684436798096e-01 2.380271069705486298e-02 9.000815749168395996e-01
-8.129070401191711426e-01 2.633371353149414062e-01 1.018791317939758301e+00 -3.436259627342224121e-01 -2.748252451419830322e-01 1.467313524335622787e-02 8.978736400604248047e-01
