-0.000000000000000000e+00 -0.000000000000000000e+00 -0.000000000000000000e+00 -0.000000000000000000e+00 -0.000000000000000000e+00 -0.000000000000000000e+00 1.000000000000000000e+00
-0.000000000000000000e+00 -0.000000000000000000e+00 -0.000000000000000000e+00 -0.000000000000000000e+00 -0.000000000000000000e+00 -0.000000000000000000e+00 1.000000000000000000e+00
1.345069054514169693e-02 1.226603053510189056e-02 1.943355612456798553e-02 -4.683475010097026825e-03 1.094969455152750015e-03 -2.103694248944520950e-03 9.999862909317016602e-01
1.345069054514169693e-02 1.226603053510189056e-02 1.943355612456798553e-02 -4.683475010097026825e-03 1.094969455152750015e-03 -2.103694248944520950e-03 9.999862909317016602e-01
2.446456626057624817e-02 2.619586884975433350e-02 3.806213289499282837e-02 -8.607028052210807800e-03 5.818484351038932800e-03 -5.498965270817279816e-03 9.999309182167053223e-01
2.446456626057624817e-02 2.619586884975433350e-02 3.806213289499282837e-02 -8.607028052210807800e-03 5.818484351038932800e-03 -5.498965270817279816e-03 9.999309182167053223e-01
3.640795499086380005e-02 3.504561632871627808e-02 5.576815456151962280e-02 -1.333262212574481964e-02 1.364121213555335999e-02 -1.040797214955091476e-02 9.997639060020446777e-01
3.640795499086380005e-02 3.504561632871627808e-02 5.576815456151962280e-02 -1.333262212574481964e-02 1.364121213555335999e-02 -1.040797214955091476e-02 9.997639060020446777e-01
4.667012766003608704e-02 4.532500728964805603e-02 7.191094756126403809e-02 -1.757109910249710083e-02 2.338215894997119904e-02 -1.676801964640617371e-02 9.994315505027770996e-01
4.667012766003608704e-02 4.532500728964805603e-02 7.191094756126403809e-02 -1.757109910249710083e-02 2.338215894997119904e-02 -1.676801964640617371e-02 9.994315505027770996e-01
5.576147511601448059e-02 5.619226396083831787e-02 8.977057784795761108e-02 -2.238899469375610352e-02 3.531454503536224365e-02 -2.445044741034507751e-02 9.988262057304382324e-01
5.576147511601448059e-02 5.619226396083831787e-02 8.977057784795761108e-02 -2.238899469375610352e-02 3.531454503536224365e-02 -2.445044741034507751e-02 9.988262057304382324e-01
6.535040587186813354e-02 6.703861802816390991e-02 1.061025336384773254e-01 -2.698983810842037201e-02 4.763917624950408936e-02 -3.126378729939460754e-02 9.980103969573974609e-01
6.535040587186813354e-02 6.703861802816390991e-02 1.061025336384773254e-01 -2.698983810842037201e-02 4.763917624950408936e-02 -3.126378729939460754e-02 9.980103969573974609e-01
7.691762596368789673e-02 7.634761184453964233e-02 1.179551184177398682e-01 -3.043076768517494202e-02 5.878712236881256104e-02 -3.798747062683105469e-02 9.970832467079162598e-01
8.331467211246490479e-02 7.890747487545013428e-02 1.240236982703208923e-01 -3.287856280803680420e-02 6.463759392499923706e-02 -4.137216508388519287e-02 9.965085387229919434e-01
9.049925208091735840e-02 8.501157909631729126e-02 1.309728026390075684e-01 -3.404679894447326660e-02 6.917639821767807007e-02 -4.404339939355850220e-02 9.960500001907348633e-01
9.884008765220642090e-02 8.963105827569961548e-02 1.372135132551193237e-01 -3.537199646234512329e-02 7.334840297698974609e-02 -4.595885425806045532e-02 9.956187605857849121e-01
1.151837930083274841e-01 8.938319236040115356e-02 1.354715973138809204e-01 -3.518282622098922729e-02 6.790583580732345581e-02 -4.633031412959098816e-02 9.959942698478698730e-01
1.256572753190994263e-01 9.386902302503585815e-02 1.409352570772171021e-01 -3.603333234786987305e-02 7.107070088386535645e-02 -4.825340583920478821e-02 9.956516623497009277e-01
1.355783790349960327e-01 9.768580645322799683e-02 1.464726030826568604e-01 -3.657471761107444763e-02 7.424309104681015015e-02 -4.806601256132125854e-02 9.954094886779785156e-01
1.466782540082931519e-01 1.022917926311492920e-01 1.507257670164108276e-01 -3.640106320381164551e-02 7.731628417968750000e-02 -4.748192802071571350e-02 9.952098727226257324e-01
1.606367230415344238e-01 1.051016226410865784e-01 1.541095823049545288e-01 -3.623268380761146545e-02 7.857145369052886963e-02 -4.648968949913978577e-02 9.951645731925964355e-01
1.760143786668777466e-01 1.094817221164703369e-01 1.593836396932601929e-01 -3.609305992722511292e-02 7.883691042661666870e-02 -4.461292177438735962e-02 9.952345490455627441e-01
1.908452808856964111e-01 1.117555275559425354e-01 1.634696871042251587e-01 -3.487035259604454041e-02 7.897807657718658447e-02 -4.328784346580505371e-02 9.953254461288452148e-01
2.013559490442276001e-01 1.143203973770141602e-01 1.683628112077713013e-01 -3.263275697827339172e-02 8.171193301677703857e-02 -4.180983826518058777e-02 9.952437877655029297e-01
2.145232856273651123e-01 1.182377412915229797e-01 1.823936253786087036e-01 -3.109034709632396698e-02 8.107827603816986084e-02 -4.014275968074798584e-02 9.954136610031127930e-01
2.292606681585311890e-01 1.151820644736289978e-01 1.944609582424163818e-01 -3.213933855295181274e-02 7.232884317636489868e-02 -4.374269023537635803e-02 9.959027171134948730e-01
2.425774037837982178e-01 1.164659559726715088e-01 2.001995444297790527e-01 -3.154644370079040527e-02 7.280889898538589478e-02 -4.294050484895706177e-02 9.959216117858886719e-01
2.565025985240936279e-01 1.181918233633041382e-01 2.063378840684890747e-01 -3.165571391582489014e-02 7.280860841274261475e-02 -4.266025871038436890e-02 9.959302544593811035e-01
2.709051370620727539e-01 1.223037913441658020e-01 2.119078338146209717e-01 -3.132732585072517395e-02 7.242035120725631714e-02 -4.124172031879425049e-02 9.960286021232604980e-01
2.856545448303222656e-01 1.262620389461517334e-01 2.181420326232910156e-01 -3.114343062043190002e-02 7.152714580297470093e-02 -4.114599898457527161e-02 9.961029291152954102e-01
2.931339740753173828e-01 1.323032975196838379e-01 2.273492068052291870e-01 -3.087673895061016083e-02 7.333662360906600952e-02 -4.161407425999641418e-02 9.959601759910583496e-01
3.011485338211059570e-01 1.394366919994354248e-01 2.355251759290695190e-01 -3.075493499636650085e-02 7.307130098342895508e-02 -4.224992170929908752e-02 9.959567189216613770e-01
3.035104274749755859e-01 1.473439186811447144e-01 2.460519224405288696e-01 -3.134695068001747131e-02 7.204539328813552856e-02 -4.212215542793273926e-02 9.960183501243591309e-01
3.043372929096221924e-01 1.562784761190414429e-01 2.559933364391326904e-01 -3.150927275419235229e-02 7.184651494026184082e-02 -4.187507927417755127e-02 9.960380196571350098e-01
2.969404757022857666e-01 1.669667512178421021e-01 2.664530277252197266e-01 -3.017180040478706360e-02 7.410878688097000122e-02 -4.263561964035034180e-02 9.958814382553100586e-01
2.987989783287048340e-01 1.767192333936691284e-01 2.782832384109497070e-01 -3.064792603254318237e-02 7.347626239061355591e-02 -4.308599233627319336e-02 9.958944320678710938e-01
2.994319200515747070e-01 1.879538148641586304e-01 2.902263998985290527e-01 -3.004114143550395966e-02 7.346861809492111206e-02 -4.360341653227806091e-02 9.958909153938293457e-01
2.985736727714538574e-01 2.004476636648178101e-01 3.059364259243011475e-01 -2.985064871609210968e-02 7.423037290573120117e-02 -4.424477368593215942e-02 9.958118796348571777e-01
3.017448186874389648e-01 2.123621702194213867e-01 3.184470236301422119e-01 -3.038136102259159088e-02 7.299984246492385864e-02 -4.444720223546028137e-02 9.958777427673339844e-01
3.058547973632812500e-01 2.216014415025711060e-01 3.285471796989440918e-01 -3.162474930286407471e-02 7.173217833042144775e-02 -4.524378105998039246e-02 9.958953261375427246e-01
3.065287768840789795e-01 2.337974905967712402e-01 3.384986817836761475e-01 -3.017770312726497650e-02 7.383886724710464478e-02 -4.459980875253677368e-02 9.958152770996093750e-01
3.107317090034484863e-01 2.446084469556808472e-01 3.482552468776702881e-01 -3.055757470428943634e-02 7.305908948183059692e-02 -4.397580772638320923e-02 9.958888888359069824e-01
3.104536533355712891e-01 2.484087198972702026e-01 3.544780015945434570e-01 -3.228744491934776306e-02 7.165748625993728638e-02 -4.363817349076271057e-02 9.959510564804077148e-01
3.121412694454193115e-01 2.589177489280700684e-01 3.655183911323547363e-01 -3.284556791186332703e-02 7.121720910072326660e-02 -4.421345144510269165e-02 9.959390163421630859e-01
3.154250085353851318e-01 2.685839831829071045e-01 3.731606006622314453e-01 -3.242080286145210266e-02 7.210976630449295044e-02 -4.411829635500907898e-02 9.958928823471069336e-01
3.170422315597534180e-01 2.781286835670471191e-01 3.818066716194152832e-01 -3.177713975310325623e-02 7.201413065195083618e-02 -4.345587641000747681e-02 9.959497451782226562e-01
3.182193636894226074e-01 2.883106172084808350e-01 3.921008408069610596e-01 -3.239312022924423218e-02 7.209998369216918945e-02 -4.329654946923255920e-02 9.959306120872497559e-01
3.173593878746032715e-01 2.961754798889160156e-01 4.042750597000122070e-01 -3.274358808994293213e-02 7.086095958948135376e-02 -4.529649764299392700e-02 9.959191083908081055e-01
3.179669976234436035e-01 3.044953048229217529e-01 4.155642092227935791e-01 -3.357281163334846497e-02 7.128445059061050415e-02 -4.506371170282363892e-02 9.958718419075012207e-01
3.210766315460205078e-01 3.045774102210998535e-01 4.185789823532104492e-01 -3.710344061255455017e-02 6.674531102180480957e-02 -4.786603152751922607e-02 9.959303736686706543e-01
3.213937878608703613e-01 3.122577667236328125e-01 4.271734952926635742e-01 -3.649668022990226746e-02 6.725793331861495972e-02 -4.755821079015731812e-02 9.959330558776855469e-01
3.216605484485626221e-01 3.182632029056549072e-01 4.354934692382812500e-01 -3.733093291521072388e-02 6.629797071218490601e-02 -4.776365682482719421e-02 9.959566593170166016e-01
3.206512033939361572e-01 3.253725767135620117e-01 4.450026452541351318e-01 -3.714891150593757629e-02 6.729983538389205933e-02 -4.812873899936676025e-02 9.958786964416503906e-01
3.213726580142974854e-01 3.298287093639373779e-01 4.521637260913848877e-01 -3.797926753759384155e-02 6.615442782640457153e-02 -4.855075851082801819e-02 9.959036707878112793e-01
3.198285996913909912e-01 3.354892134666442871e-01 4.615902900695800781e-01 -3.824712336063385010e-02 6.637669354677200317e-02 -4.944438114762306213e-02 9.958346486091613770e-01
3.188089728355407715e-01 3.402969539165496826e-01 4.699867665767669678e-01 -3.778758645057678223e-02 6.616271287202835083e-02 -4.982022941112518311e-02 9.958477020263671875e-01
3.181471526622772217e-01 3.429561555385589600e-01 4.766717255115509033e-01 -3.967221453785896301e-02 6.545002758502960205e-02 -5.034440383315086365e-02 9.957951307296752930e-01
3.158795535564422607e-01 3.486001491546630859e-01 4.789892137050628662e-01 -3.202235326170921326e-02 6.838598102331161499e-02 -4.278329014778137207e-02 9.962266683578491211e-01
3.134840726852416992e-01 3.511087894439697266e-01 4.845726191997528076e-01 -3.031163848936557770e-02 7.011315226554870605e-02 -4.154748097062110901e-02 9.962124228477478027e-01
3.115436732769012451e-01 3.526181578636169434e-01 4.907814562320709229e-01 -3.191207349300384521e-02 6.827317923307418823e-02 -4.095003753900527954e-02 9.963149428367614746e-01
3.067504465579986572e-01 3.552664816379547119e-01 4.968690574169158936e-01 -3.348856046795845032e-02 6.963010877370834351e-02 -4.491902887821197510e-02 9.959982633590698242e-01
3.044385313987731934e-01 3.589604496955871582e-01 5.014311075210571289e-01 -3.227425739169120789e-02 6.814292818307876587e-02 -4.278090596199035645e-02 9.962353110313415527e-01
3.020617365837097168e-01 3.587878048419952393e-01 5.052376389503479004e-01 -3.563347458839416504e-02 6.636758148670196533e-02 -4.622712358832359314e-02 9.960867166519165039e-01
2.975556850433349609e-01 3.611385524272918701e-01 5.116233825683593750e-01 -3.648047894239425659e-02 6.463063508272171021e-02 -4.999381303787231445e-02 9.959883689880371094e-01
2.947520911693572998e-01 3.651644587516784668e-01 5.163001418113708496e-01 -3.405249863862991333e-02 6.644072383642196655e-02 -4.412467032670974731e-02 9.962325096130371094e-01
2.975025177001953125e-01 3.642032444477081299e-01 5.140466094017028809e-01 -3.414463624358177185e-02 6.667198240756988525e-02 -4.531756788492202759e-02 9.961603283882141113e-01
2.966536283493041992e-01 3.701163530349731445e-01 5.224950909614562988e-01 -3.569935262203216553e-02 6.577721238136291504e-02 -4.674733802676200867e-02 9.960992336273193359e-01
3.191897273063659668e-01 3.966762125492095947e-01 5.461783409118652344e-01 -4.846773575991392136e-03 -2.155866706743836403e-03 6.935880333185195923e-02 9.975777268409729004e-01
3.172047138214111328e-01 3.997625112533569336e-01 5.511251688003540039e-01 -4.680895246565341949e-03 -1.607255311682820320e-03 6.963422894477844238e-02 9.975603818893432617e-01
3.164094686508178711e-01 4.035621583461761475e-01 5.570960044860839844e-01 -5.490845069289207458e-03 -3.110502380877733231e-03 6.949514150619506836e-02 9.975623488426208496e-01
3.150467276573181152e-01 4.058250486850738525e-01 5.603905916213989258e-01 -5.306425970047712326e-03 -1.159355626441538334e-03 6.766995042562484741e-02 9.976930618286132812e-01
3.129113614559173584e-01 4.109504520893096924e-01 5.678690075874328613e-01 -2.512413309887051582e-03 -4.717136616818606853e-04 6.992755830287933350e-02 9.975488781929016113e-01
3.118587136268615723e-01 4.150343239307403564e-01 5.724311470985412598e-01 -4.179799463599920273e-03 1.801298232749104500e-03 7.441321760416030884e-02 9.972171783447265625e-01
3.133442103862762451e-01 4.189623594284057617e-01 5.797061324119567871e-01 -5.178564693778753281e-03 7.998049841262400150e-04 6.212534010410308838e-02 9.980546236038208008e-01
3.224911391735076904e-01 4.389089345932006836e-01 5.945585966110229492e-01 8.796216920018196106e-03 -5.130630359053611755e-02 1.341589540243148804e-01 9.895916581153869629e-01
3.227431476116180420e-01 4.452680349349975586e-01 6.044937372207641602e-01 9.081778116524219513e-03 -5.415316298604011536e-02 1.362400949001312256e-01 9.891529679298400879e-01
3.258910775184631348e-01 4.535374343395233154e-01 6.131321787834167480e-01 1.002600416541099548e-02 -6.170426309108734131e-02 1.389067620038986206e-01 9.883304238319396973e-01
3.273275494575500488e-01 4.641940891742706299e-01 6.203078031539916992e-01 1.222490705549716949e-02 -6.578747928142547607e-02 1.384896785020828247e-01 9.881008267402648926e-01
3.236361443996429443e-01 4.645760357379913330e-01 6.256820559501647949e-01 -2.888470189645886421e-03 -7.016050815582275391e-02 1.400420069694519043e-01 9.876524806022644043e-01
3.235775232315063477e-01 4.727967679500579834e-01 6.378871798515319824e-01 -2.171286568045616150e-02 -7.595273852348327637e-02 1.340659260749816895e-01 9.878188967704772949e-01
3.254567980766296387e-01 4.774409234523773193e-01 6.427639126777648926e-01 -4.083195328712463379e-02 -8.185191452503204346e-02 1.297664344310760498e-01 9.873164296150207520e-01
3.244966864585876465e-01 4.859281778335571289e-01 6.538464426994323730e-01 -6.291957199573516846e-02 -8.670829236507415771e-02 1.217616349458694458e-01 9.867608547210693359e-01
3.235519826412200928e-01 4.926079809665679932e-01 6.642251610755920410e-01 -8.637090772390365601e-02 -9.166491776704788208e-02 1.135378852486610413e-01 9.855185747146606445e-01
3.224856257438659668e-01 4.991091489791870117e-01 6.750615239143371582e-01 -1.117170155048370361e-01 -9.699103236198425293e-02 1.029375493526458740e-01 9.836239218711853027e-01
3.271504640579223633e-01 5.063415765762329102e-01 6.789159774780273438e-01 -1.363267749547958374e-01 -1.027119085192680359e-01 9.449349343776702881e-02 9.807835221290588379e-01
3.251923620700836182e-01 5.129528641700744629e-01 6.893979907035827637e-01 -1.635756939649581909e-01 -1.066418811678886414e-01 8.279588818550109863e-02 9.772489070892333984e-01
3.224728703498840332e-01 5.193425416946411133e-01 6.994441747665405273e-01 -1.911765933036804199e-01 -1.108843311667442322e-01 7.130000740289688110e-02 9.726626276969909668e-01
3.208749890327453613e-01 5.255706906318664551e-01 7.089319229125976562e-01 -2.187434881925582886e-01 -1.155435964465141296e-01 5.908811837434768677e-02 9.671140909194946289e-01
3.187427520751953125e-01 5.324072837829589844e-01 7.185198068618774414e-01 -2.462544441223144531e-01 -1.197790801525115967e-01 4.813726618885993958e-02 9.605699181556701660e-01
3.151911795139312744e-01 5.388048291206359863e-01 7.298157215118408203e-01 -2.731022238731384277e-01 -1.239749863743782043e-01 3.555851429700851440e-02 9.533001184463500977e-01
3.135499656200408936e-01 5.448852181434631348e-01 7.403875589370727539e-01 -2.998196184635162354e-01 -1.292485445737838745e-01 2.560421451926231384e-02 9.448531270027160645e-01
3.100591301918029785e-01 5.516170859336853027e-01 7.521964907646179199e-01 -3.255513906478881836e-01 -1.341801732778549194e-01 1.566872000694274902e-02 9.358239769935607910e-01
3.063319623470306396e-01 5.583853721618652344e-01 7.632119655609130859e-01 -3.496344685554504395e-01 -1.392864435911178589e-01 6.825891323387622833e-03 9.264494180679321289e-01
3.034883141517639160e-01 5.637115240097045898e-01 7.750921845436096191e-01 -3.730008900165557861e-01 -1.449061334133148193e-01 -5.657018627971410751e-04 9.164454936981201172e-01
2.992941439151763916e-01 5.704200267791748047e-01 7.838289737701416016e-01 -3.938525319099426270e-01 -1.493585258722305298e-01 -6.056401878595352173e-03 9.069375395774841309e-01
2.954918742179870605e-01 5.765748023986816406e-01 7.953636646270751953e-01 -4.137885868549346924e-01 -1.551265567541122437e-01 -1.016966998577117920e-02 8.970013260841369629e-01
2.915128171443939209e-01 5.833466053009033203e-01 8.063756227493286133e-01 -4.309110939502716064e-01 -1.609005481004714966e-01 -1.194635778665542603e-02 8.878535628318786621e-01
2.878033518791198730e-01 5.891174674034118652e-01 8.175733089447021484e-01 -4.463207423686981201e-01 -1.678403764963150024e-01 -1.195621863007545471e-02 8.789109587669372559e-01
2.835356891155242920e-01 5.966408252716064453e-01 8.307347297668457031e-01 -4.592314064502716064e-01 -1.751491725444793701e-01 -9.098458103835582733e-03 8.708309531211853027e-01
2.798123955726623535e-01 6.027349233627319336e-01 8.410501480102539062e-01 -4.695508182048797607e-01 -1.830114275217056274e-01 -3.811127040535211563e-03 8.637212514877319336e-01
2.754339277744293213e-01 6.092237234115600586e-01 8.528973460197448730e-01 -4.780195951461791992e-01 -1.913028657436370850e-01 3.571182955056428909e-03 8.572559952735900879e-01
2.708203196525573730e-01 6.158111095428466797e-01 8.647488355636596680e-01 -4.842546880245208740e-01 -2.000490725040435791e-01 1.279168203473091125e-02 8.516538143157958984e-01
2.662237286567687988e-01 6.224878430366516113e-01 8.771989941596984863e-01 -4.883537590503692627e-01 -2.095715999603271484e-01 2.436928078532218933e-02 8.467565178871154785e-01
2.618641853332519531e-01 6.283599138259887695e-01 8.893290162086486816e-01 -4.911858439445495605e-01 -2.196794897317886353e-01 3.703173622488975525e-02 8.420844078063964844e-01
2.561728954315185547e-01 6.348320245742797852e-01 9.014557003974914551e-01 -4.914571046829223633e-01 -2.295143902301788330e-01 5.129427462816238403e-02 8.385475873947143555e-01
2.506711781024932861e-01 6.407828330993652344e-01 9.137606620788574219e-01 -4.900899827480316162e-01 -2.400179803371429443e-01 6.690370291471481323e-02 8.353005647659301758e-01
2.440443038940429688e-01 6.467821598052978516e-01 9.261147379875183105e-01 -4.874360859394073486e-01 -2.501779496669769287e-01 8.394720405340194702e-02 8.323280215263366699e-01
2.367182672023773193e-01 6.526950001716613770e-01 9.379824399948120117e-01 -4.826927185058593750e-01 -2.607039213180541992e-01 1.021768078207969666e-01 8.298199176788330078e-01
2.285025715827941895e-01 6.578395366668701172e-01 9.495460391044616699e-01 -4.764117300510406494e-01 -2.711052298545837402e-01 1.209207251667976379e-01 8.275941014289855957e-01
2.191730439662933350e-01 6.632665395736694336e-01 9.614695310592651367e-01 -4.683677256107330322e-01 -2.820242941379547119e-01 1.407787799835205078e-01 8.253940343856811523e-01
2.085361778736114502e-01 6.678251028060913086e-01 9.720829725265502930e-01 -4.591291248798370361e-01 -2.926597297191619873e-01 1.609529256820678711e-01 8.231918811798095703e-01
1.967770755290985107e-01 6.723489761352539062e-01 9.818798303604125977e-01 -4.478725194931030273e-01 -3.035088479518890381e-01 1.818511337041854858e-01 8.211107254028320312e-01
1.847995221614837646e-01 6.774452924728393555e-01 9.905389547348022461e-01 -4.358950555324554443e-01 -3.138255774974822998e-01 2.023276984691619873e-01 8.188849091529846191e-01
1.744284033775329590e-01 6.859138011932373047e-01 9.991401433944702148e-01 -4.223178625106811523e-01 -3.237744271755218506e-01 2.230799049139022827e-01 8.167331814765930176e-01
1.636962890625000000e-01 6.916228532791137695e-01 1.009255647659301758e+00 -4.078859388828277588e-01 -3.339816927909851074e-01 2.435577213764190674e-01 8.141037821769714355e-01
1.529968976974487305e-01 6.957976818084716797e-01 1.018994569778442383e+00 -3.924369812011718750e-01 -3.441062271595001221e-01 2.640372514724731445e-01 8.110909461975097656e-01
1.416413784027099609e-01 6.996445655822753906e-01 1.027971386909484863e+00 -3.763394653797149658e-01 -3.531327843666076660e-01 2.838241755962371826e-01 8.081520199775695801e-01
1.312239766120910645e-01 7.033708691596984863e-01 1.036808490753173828e+00 -3.593744039535522461e-01 -3.623726963996887207e-01 3.029624223709106445e-01 8.048291802406311035e-01
1.209066510200500488e-01 7.061586380004882812e-01 1.044569611549377441e+00 -3.414606750011444092e-01 -3.707593977451324463e-01 3.210008740425109863e-01 8.018108010292053223e-01
1.105099320411682129e-01 7.095443010330200195e-01 1.052436709403991699e+00 -3.232064247131347656e-01 -3.789920210838317871e-01 3.383936882019042969e-01 7.983686327934265137e-01
1.003671288490295410e-01 7.126738429069519043e-01 1.059858679771423340e+00 -3.044492006301879883e-01 -3.869098126888275146e-01 3.546395897865295410e-01 7.948850989341735840e-01
9.071803092956542969e-02 7.158468365669250488e-01 1.066056966781616211e+00 -2.850859165191650391e-01 -3.940335810184478760e-01 3.704428672790527344e-01 7.913505434989929199e-01
8.101654052734375000e-02 7.194340229034423828e-01 1.072629213333129883e+00 -2.643089890480041504e-01 -4.019164443016052246e-01 3.836292922496795654e-01 7.883099913597106934e-01
7.157301902770996094e-02 7.220114469528198242e-01 1.078851699829101562e+00 -2.436088472604751587e-01 -4.095191061496734619e-01 3.945572376251220703e-01 7.856675386428833008e-01
6.247574090957641602e-02 7.250990271568298340e-01 1.084567427635192871e+00 -2.224193811416625977e-01 -4.161488711833953857e-01 4.060650169849395752e-01 7.825989127159118652e-01
5.398261547088623047e-02 7.287544608116149902e-01 1.090255856513977051e+00 -2.022650688886642456e-01 -4.225419759750366211e-01 4.183256328105926514e-01 7.781715393066406250e-01
4.550617933273315430e-02 7.314612865447998047e-01 1.095246911048889160e+00 -1.821840554475784302e-01 -4.278453290462493896e-01 4.298312962055206299e-01 7.739524841308593750e-01
3.790664672851562500e-02 7.335560917854309082e-01 1.100822210311889648e+00 -1.632418781518936157e-01 -4.331888258457183838e-01 4.407810568809509277e-01 7.690328955650329590e-01
3.028237819671630859e-02 7.358129024505615234e-01 1.105179786682128906e+00 -1.447188705205917358e-01 -4.379252195358276367e-01 4.515770077705383301e-01 7.637776136398315430e-01
2.181422710418701172e-02 7.377486824989318848e-01 1.107547163963317871e+00 -1.263215988874435425e-01 -4.421931803226470947e-01 4.621386826038360596e-01 7.582452893257141113e-01
1.383221149444580078e-02 7.422345280647277832e-01 1.110233664512634277e+00 -1.075699329376220703e-01 -4.466162919998168945e-01 4.742284119129180908e-01 7.510460019111633301e-01
6.892085075378417969e-03 7.437689304351806641e-01 1.112425804138183594e+00 -9.094072133302688599e-02 -4.500966966152191162e-01 4.843931496143341064e-01 7.446516156196594238e-01
3.616809844970703125e-04 7.451282143592834473e-01 1.115044355392456055e+00 -7.507894933223724365e-02 -4.540652334690093994e-01 4.939615726470947266e-01 7.376922965049743652e-01
-5.370616912841796875e-03 7.455306649208068848e-01 1.117120265960693359e+00 -6.022185459733009338e-02 -4.574934542179107666e-01 5.027454495429992676e-01 7.309720516204833984e-01
-1.292824745178222656e-02 7.466084361076354980e-01 1.118056535720825195e+00 -4.463048279285430908e-02 -4.603394269943237305e-01 5.095514059066772461e-01 7.255709171295166016e-01
-1.891410350799560547e-02 7.485169172286987305e-01 1.121000051498413086e+00 -2.969655022025108337e-02 -4.642844200134277344e-01 5.158982872962951660e-01 7.193101644515991211e-01
-2.428412437438964844e-02 7.484174966812133789e-01 1.123137235641479492e+00 -1.664822548627853394e-02 -4.674104750156402588e-01 5.223863720893859863e-01 7.129956483840942383e-01
-2.980792522430419922e-02 7.488085627555847168e-01 1.124724864959716797e+00 -3.802394261583685875e-03 -4.704596996307373047e-01 5.276999473571777344e-01 7.072383761405944824e-01
-3.386712074279785156e-02 7.552192211151123047e-01 1.125263452529907227e+00 -9.178170002996921539e-04 -4.768767952919006348e-01 5.299220085144042969e-01 7.012634873390197754e-01
-3.809404373168945312e-02 7.558907270431518555e-01 1.126292586326599121e+00 4.200858529657125473e-04 -4.827832579612731934e-01 5.298370122909545898e-01 6.972754001617431641e-01
-4.101192951202392578e-02 7.565775513648986816e-01 1.128188252449035645e+00 1.539624528959393501e-03 -4.893314540386199951e-01 5.295146703720092773e-01 6.929405927658081055e-01
-4.512727260589599609e-02 7.568686008453369141e-01 1.129511713981628418e+00 2.729766303673386574e-03 -4.947462677955627441e-01 5.296043157577514648e-01 6.890123486518859863e-01
-4.716527462005615234e-02 7.574257254600524902e-01 1.129894971847534180e+00 4.106651991605758667e-03 -4.998036026954650879e-01 5.295892953872680664e-01 6.853573322296142578e-01
-5.113780498504638672e-02 7.592768669128417969e-01 1.131930112838745117e+00 5.259413737803697586e-03 -5.043356418609619141e-01 5.308773517608642578e-01 6.810191869735717773e-01
-5.296587944030761719e-02 7.602798938751220703e-01 1.133025407791137695e+00 6.796773057430982590e-03 -5.087851285934448242e-01 5.309734940528869629e-01 6.776125431060791016e-01
-5.514764785766601562e-02 7.606620788574218750e-01 1.135781645774841309e+00 7.235988043248653412e-03 -5.130831003189086914e-01 5.307871699333190918e-01 6.745060086250305176e-01
-5.765056610107421875e-02 7.610347867012023926e-01 1.135813236236572266e+00 7.624486461281776428e-03 -5.155331492424011230e-01 5.315472483634948730e-01 6.720305681228637695e-01
-5.803823471069335938e-02 7.617939114570617676e-01 1.137832403182983398e+00 7.864230312407016754e-03 -5.177518129348754883e-01 5.322401523590087891e-01 6.697698235511779785e-01
-5.959498882293701172e-02 7.624007463455200195e-01 1.139032721519470215e+00 7.891837507486343384e-03 -5.195239186286926270e-01 5.327052474021911621e-01 6.680253148078918457e-01
-6.164181232452392578e-02 7.619820237159729004e-01 1.138256788253784180e+00 8.125568740069866180e-03 -5.192080736160278320e-01 5.334078073501586914e-01 6.677074432373046875e-01
-6.111681461334228516e-02 7.608271837234497070e-01 1.138649821281433105e+00 6.982525810599327087e-03 -5.193588733673095703e-01 5.330388545989990234e-01 6.678977012634277344e-01
-6.118869781494140625e-02 7.615394592285156250e-01 1.140046119689941406e+00 6.152102258056402206e-03 -5.187872648239135742e-01 5.339217185974121094e-01 6.676448583602905273e-01
-6.248903274536132812e-02 7.620407938957214355e-01 1.140430688858032227e+00 6.238656584173440933e-03 -5.166649222373962402e-01 5.342163443565368652e-01 6.690525412559509277e-01
-6.246852874755859375e-02 7.631823420524597168e-01 1.140329599380493164e+00 5.815178621560335159e-03 -5.139654874801635742e-01 5.352324843406677246e-01 6.703221797943115234e-01
-6.237161159515380859e-02 7.645810246467590332e-01 1.140005946159362793e+00 5.592917092144489288e-03 -5.106019973754882812e-01 5.354644656181335449e-01 6.727051138877868652e-01
-6.430876255035400391e-02 7.652450203895568848e-01 1.140703558921813965e+00 4.579582251608371735e-03 -5.055301785469055176e-01 5.355706214904785156e-01 6.764484047889709473e-01
-6.633234024047851562e-02 7.643710374832153320e-01 1.140649318695068359e+00 3.621871117502450943e-03 -4.990299642086029053e-01 5.354663133621215820e-01 6.813457012176513672e-01
-6.646883487701416016e-02 7.663440704345703125e-01 1.142657756805419922e+00 2.505749696865677834e-03 -4.934052824974060059e-01 5.345593690872192383e-01 6.861423850059509277e-01
-6.618511676788330078e-02 7.641628980636596680e-01 1.144472837448120117e+00 -1.215729489922523499e-02 -4.900244772434234619e-01 5.257346034049987793e-01 6.952204108238220215e-01
-6.906187534332275391e-02 7.620058059692382812e-01 1.143041491508483887e+00 -2.802347950637340546e-02 -4.857333898544311523e-01 5.145735740661621094e-01 7.060396075248718262e-01
-7.069206237792968750e-02 7.608591914176940918e-01 1.145771980285644531e+00 -4.550709575414657593e-02 -4.819578528404235840e-01 5.014775395393371582e-01 7.170537710189819336e-01
-7.313489913940429688e-02 7.603006958961486816e-01 1.147173166275024414e+00 -6.303147226572036743e-02 -4.765024781227111816e-01 4.882718920707702637e-01 7.283976078033447266e-01
-7.436358928680419922e-02 7.595757842063903809e-01 1.148550152778625488e+00 -8.194626867771148682e-02 -4.708423018455505371e-01 4.741457402706146240e-01 7.394444942474365234e-01
-7.702994346618652344e-02 7.597920298576354980e-01 1.150210380554199219e+00 -1.008109524846076965e-01 -4.641201496124267578e-01 4.591980576515197754e-01 7.507109642028808594e-01
-7.967972755432128906e-02 7.598106861114501953e-01 1.151958584785461426e+00 -1.204107552766799927e-01 -4.568328261375427246e-01 4.435507059097290039e-01 7.616218328475952148e-01
-8.288133144378662109e-02 7.600438594818115234e-01 1.154124855995178223e+00 -1.399992704391479492e-01 -4.489265680313110352e-01 4.272292256355285645e-01 7.722308039665222168e-01
-8.584344387054443359e-02 7.594718933105468750e-01 1.156753301620483398e+00 -1.601922512054443359e-01 -4.409204721450805664e-01 4.090302586555480957e-01 7.827016711235046387e-01
-8.884263038635253906e-02 7.595251202583312988e-01 1.158945083618164062e+00 -1.801154315471649170e-01 -4.321216046810150146e-01 3.912877142429351807e-01 7.922899127006530762e-01
-9.161329269409179688e-02 7.595061659812927246e-01 1.161719202995300293e+00 -2.000893950462341309e-01 -4.235368371009826660e-01 3.728649616241455078e-01 8.009697198867797852e-01
-9.409964084625244141e-02 7.592074871063232422e-01 1.163923263549804688e+00 -2.196403592824935913e-01 -4.146046638488769531e-01 3.540543019771575928e-01 8.090159296989440918e-01
-9.634166955947875977e-02 7.587453722953796387e-01 1.165856361389160156e+00 -2.390698492527008057e-01 -4.052811563014984131e-01 3.353185057640075684e-01 8.161827921867370605e-01
-9.814375638961791992e-02 7.580352425575256348e-01 1.167029500007629395e+00 -2.572335600852966309e-01 -3.957290351390838623e-01 3.161358237266540527e-01 8.229748606681823730e-01
-1.004858016967773438e-01 7.575154900550842285e-01 1.168092966079711914e+00 -2.747537791728973389e-01 -3.865472376346588135e-01 2.976289987564086914e-01 8.285582065582275391e-01
-1.022221446037292480e-01 7.582045197486877441e-01 1.169326305389404297e+00 -2.908739447593688965e-01 -3.779723346233367920e-01 2.796483635902404785e-01 8.332623243331909180e-01
-1.035696864128112793e-01 7.581279277801513672e-01 1.170354366302490234e+00 -3.062640726566314697e-01 -3.698948621749877930e-01 2.623767256736755371e-01 8.369818329811096191e-01
-1.047272384166717529e-01 7.579377889633178711e-01 1.171057939529418945e+00 -3.206090331077575684e-01 -3.618747293949127197e-01 2.457487881183624268e-01 8.401572108268737793e-01
-1.054808795452117920e-01 7.580437064170837402e-01 1.171333074569702148e+00 -3.333056867122650146e-01 -3.545309901237487793e-01 2.306304574012756348e-01 8.426296710968017578e-01
-1.061846911907196045e-01 7.580857276916503906e-01 1.171820402145385742e+00 -3.448845446109771729e-01 -3.485949635505676270e-01 2.163023501634597778e-01 8.442450165748596191e-01
-1.064940690994262695e-01 7.580646872520446777e-01 1.171866059303283691e+00 -3.551318645477294922e-01 -3.429994881153106689e-01 2.033903300762176514e-01 8.454970121383666992e-01
-1.068508625030517578e-01 7.579897642135620117e-01 1.172108888626098633e+00 -3.636708259582519531e-01 -3.388671875000000000e-01 1.913012415170669556e-01 8.463548421859741211e-01
-1.073755025863647461e-01 7.583168745040893555e-01 1.172418594360351562e+00 -3.709767162799835205e-01 -3.355793952941894531e-01 1.813488155603408813e-01 8.466849327087402344e-01
-1.079450249671936035e-01 7.582646608352661133e-01 1.172632217407226562e+00 -3.773337006568908691e-01 -3.326942026615142822e-01 1.721920967102050781e-01 8.469260931015014648e-01
-1.085103452205657959e-01 7.581218481063842773e-01 1.173020124435424805e+00 -3.827236890792846680e-01 -3.306496441364288330e-01 1.640047878026962280e-01 8.469331860542297363e-01
-1.092368960380554199e-01 7.581224441528320312e-01 1.173507213592529297e+00 -3.871507048606872559e-01 -3.291790187358856201e-01 1.568277627229690552e-01 8.468533754348754883e-01
-1.100907921791076660e-01 7.578850388526916504e-01 1.174060106277465820e+00 -3.910767734050750732e-01 -3.277084529399871826e-01 1.501963287591934204e-01 8.468218445777893066e-01
-1.109385490417480469e-01 7.577100992202758789e-01 1.174639701843261719e+00 -3.943293392658233643e-01 -3.264626562595367432e-01 1.446586996316909790e-01 8.467588424682617188e-01
-1.121241450309753418e-01 7.575005292892456055e-01 1.175094366073608398e+00 -3.967892527580261230e-01 -3.248932659626007080e-01 1.394508779048919678e-01 8.470868468284606934e-01
-1.134150922298431396e-01 7.573478221893310547e-01 1.175837516784667969e+00 -3.991968035697937012e-01 -3.234930634498596191e-01 1.351767480373382568e-01 8.471844792366027832e-01
-1.147838532924652100e-01 7.570766210556030273e-01 1.176405072212219238e+00 -4.010024666786193848e-01 -3.215657472610473633e-01 1.308147609233856201e-01 8.477500081062316895e-01
-1.163247823715209961e-01 7.569749951362609863e-01 1.177087306976318359e+00 -4.024348556995391846e-01 -3.192403912544250488e-01 1.271489411592483521e-01 8.485075235366821289e-01
-1.177329719066619873e-01 7.565544247627258301e-01 1.177986621856689453e+00 -4.041709005832672119e-01 -3.164757192134857178e-01 1.233889311552047729e-01 8.492727875709533691e-01
-1.194275915622711182e-01 7.561859488487243652e-01 1.178699851036071777e+00 -4.055973291397094727e-01 -3.127547502517700195e-01 1.197475567460060120e-01 8.504915237426757812e-01
-1.211872100830078125e-01 7.559223175048828125e-01 1.179610252380371094e+00 -4.071202576160430908e-01 -3.082536160945892334e-01 1.163314357399940491e-01 8.518801927566528320e-01
-1.230732202529907227e-01 7.554378509521484375e-01 1.180562257766723633e+00 -4.091674089431762695e-01 -3.026129901409149170e-01 1.124642044305801392e-01 8.534396886825561523e-01
-1.253229975700378418e-01 7.548722028732299805e-01 1.181260585784912109e+00 -4.111267328262329102e-01 -2.952395975589752197e-01 1.077073737978935242e-01 8.556912541389465332e-01
-1.276568621397018433e-01 7.544362545013427734e-01 1.182351112365722656e+00 -4.134889245033264160e-01 -2.870115637779235840e-01 1.029958799481391907e-01 8.579295873641967773e-01
-1.300003230571746826e-01 7.534974813461303711e-01 1.183619976043701172e+00 -4.169733226299285889e-01 -2.768371701240539551e-01 9.794537723064422607e-02 8.601751327514648438e-01
-1.326184570789337158e-01 7.529261112213134766e-01 1.184503912925720215e+00 -4.207246303558349609e-01 -2.646422684192657471e-01 9.186375886201858521e-02 8.628535270690917969e-01
-1.351968497037887573e-01 7.521914839744567871e-01 1.185506343841552734e+00 -4.246336519718170166e-01 -2.508457303047180176e-01 8.541063219308853149e-02 8.657180666923522949e-01
-1.380645483732223511e-01 7.515763044357299805e-01 1.186550855636596680e+00 -4.289783537387847900e-01 -2.352928072214126587e-01 7.816229760646820068e-02 8.686228394508361816e-01
-1.408097892999649048e-01 7.505264282226562500e-01 1.187634229660034180e+00 -4.339518547058105469e-01 -2.182551771402359009e-01 7.011085748672485352e-02 8.712835907936096191e-01
-1.437672674655914307e-01 7.496331334114074707e-01 1.188597440719604492e+00 -4.386254549026489258e-01 -1.996459364891052246e-01 6.197636201977729797e-02 8.740184307098388672e-01
-1.468519568443298340e-01 7.486431002616882324e-01 1.189630746841430664e+00 -4.435557425022125244e-01 -1.802460104227066040e-01 5.313804373145103455e-02 8.763253688812255859e-01
-1.505251675844192505e-01 7.476508617401123047e-01 1.190618515014648438e+00 -4.481453001499176025e-01 -1.598535627126693726e-01 4.399167373776435852e-02 8.784517645835876465e-01
-1.538457870483398438e-01 7.464708089828491211e-01 1.191515326499938965e+00 -4.526301324367523193e-01 -1.389129608869552612e-01 3.533467650413513184e-02 8.801026940345764160e-01
-1.572459787130355835e-01 7.451508045196533203e-01 1.192537307739257812e+00 -4.568327665328979492e-01 -1.179638132452964783e-01 2.621383778750896454e-02 8.813065886497497559e-01
-1.608776301145553589e-01 7.440627813339233398e-01 1.193411707878112793e+00 -4.606829285621643066e-01 -9.671340137720108032e-02 1.767731644213199615e-02 8.821027874946594238e-01
-1.650058627128601074e-01 7.430397272109985352e-01 1.194134235382080078e+00 -4.635241627693176270e-01 -7.541660964488983154e-02 8.827764540910720825e-03 8.828248977661132812e-01
-1.687835752964019775e-01 7.417161464691162109e-01 1.194962501525878906e+00 -4.661814570426940918e-01 -5.489575117826461792e-02 8.062730776146054268e-04 8.829839825630187988e-01
-1.726023703813552856e-01 7.402427196502685547e-01 1.195817708969116211e+00 -4.683368504047393799e-01 -3.534669801592826843e-02 -6.560206878930330276e-03 8.828184008598327637e-01
-1.768145114183425903e-01 7.389863729476928711e-01 1.196393609046936035e+00 -4.695992469787597656e-01 -1.644987985491752625e-02 -1.357972994446754456e-02 8.826220035552978516e-01
-1.808070093393325806e-01 7.373772859573364258e-01 1.197124004364013672e+00 -4.702803492546081543e-01 1.007388345897197723e-03 -1.936507970094680786e-02 8.823040127754211426e-01
-1.851636767387390137e-01 7.355484962463378906e-01 1.197921872138977051e+00 -4.705446958541870117e-01 1.750234141945838928e-02 -2.376161515712738037e-02 8.818825483322143555e-01
-1.900392174720764160e-01 7.346159219741821289e-01 1.198270440101623535e+00 -4.692063331604003906e-01 3.313881903886795044e-02 -2.631315588951110840e-02 8.820741772651672363e-01
-1.941583752632141113e-01 7.328065633773803711e-01 1.198808908462524414e+00 -4.677096307277679443e-01 4.536089673638343811e-02 -2.809458598494529724e-02 8.822702765464782715e-01
-1.984858214855194092e-01 7.313571572303771973e-01 1.199411392211914062e+00 -4.654590487480163574e-01 5.480876937508583069e-02 -3.005165047943592072e-02 8.828594088554382324e-01
-2.035453319549560547e-01 7.293945550918579102e-01 1.199977993965148926e+00 -4.626677334308624268e-01 6.170324981212615967e-02 -3.161617740988731384e-02 8.838165402412414551e-01
-2.089890092611312866e-01 7.280573844909667969e-01 1.200467348098754883e+00 -4.589886069297790527e-01 6.498032063245773315e-02 -3.274703025817871094e-02 8.854573965072631836e-01
-2.138901352882385254e-01 7.261958122253417969e-01 1.200986623764038086e+00 -4.545150995254516602e-01 6.648157536983489990e-02 -2.950152195990085602e-02 8.877645730972290039e-01
-2.196417748928070068e-01 7.239598035812377930e-01 1.201726078987121582e+00 -4.494904279708862305e-01 6.560955941677093506e-02 -2.573208510875701904e-02 8.905008435249328613e-01
-2.249596863985061646e-01 7.220435738563537598e-01 1.202332973480224609e+00 -4.433743059635162354e-01 6.157217174768447876e-02 -1.960001885890960693e-02 8.940044641494750977e-01
-2.307566404342651367e-01 7.201920747756958008e-01 1.203008770942687988e+00 -4.363422691822052002e-01 5.558686703443527222e-02 -1.214778609573841095e-02 8.979799747467041016e-01
-2.356816977262496948e-01 7.178459167480468750e-01 1.203732728958129883e+00 -4.288528561592102051e-01 4.664025455713272095e-02 -3.185686189681291580e-03 9.021639227867126465e-01
-2.415841966867446899e-01 7.168332934379577637e-01 1.204396963119506836e+00 -4.196154177188873291e-01 3.674460574984550476e-02 6.484632845968008041e-03 9.069347977638244629e-01
-2.471676915884017944e-01 7.145515084266662598e-01 1.205242395401000977e+00 -4.103491902351379395e-01 2.482225373387336731e-02 1.782010868191719055e-02 9.114164113998413086e-01
-2.530434429645538330e-01 7.122905254364013672e-01 1.206244826316833496e+00 -4.002018868923187256e-01 1.157828979194164276e-02 2.967748977243900299e-02 9.158731698989868164e-01
-2.589213848114013672e-01 7.101109027862548828e-01 1.207135200500488281e+00 -3.889570832252502441e-01 -3.028563223779201508e-03 4.277531802654266357e-02 9.202573299407958984e-01
-2.655977308750152588e-01 7.074469327926635742e-01 1.208373308181762695e+00 -3.773885667324066162e-01 -1.797856204211711884e-02 5.651170760393142700e-02 9.241542816162109375e-01
-2.717150449752807617e-01 7.047716975212097168e-01 1.209768176078796387e+00 -3.649831712245941162e-01 -3.386984020471572876e-02 7.112297415733337402e-02 9.276754856109619141e-01
-2.778001427650451660e-01 7.023496627807617188e-01 1.211678981781005859e+00 -3.522285223007202148e-01 -5.028172209858894348e-02 8.625310659408569336e-02 9.305735826492309570e-01
-2.844860553741455078e-01 6.995586156845092773e-01 1.213365435600280762e+00 -3.385464847087860107e-01 -6.679900735616683960e-02 1.013078615069389343e-01 9.330921769142150879e-01
-2.908446192741394043e-01 6.965279579162597656e-01 1.215587377548217773e+00 -3.245238661766052246e-01 -8.335280418395996094e-02 1.172834187746047974e-01 9.348696470260620117e-01
-2.975201606750488281e-01 6.940836310386657715e-01 1.217740058898925781e+00 -3.095728158950805664e-01 -9.907174110412597656e-02 1.337281316518783569e-01 9.361977577209472656e-01
-3.038361072540283203e-01 6.910732388496398926e-01 1.220142126083374023e+00 -2.942681312561035156e-01 -1.146592795848846436e-01 1.501834541559219360e-01 9.368588924407958984e-01
-3.105821609497070312e-01 6.885316967964172363e-01 1.222704052925109863e+00 -2.784758806228637695e-01 -1.293472945690155029e-01 1.671060472726821899e-01 9.369077682495117188e-01
-3.167995810508728027e-01 6.856034398078918457e-01 1.225389599800109863e+00 -2.627207338809967041e-01 -1.434845626354217529e-01 1.836408525705337524e-01 9.363045096397399902e-01
-3.224550485610961914e-01 6.823582649230957031e-01 1.227932214736938477e+00 -2.469148039817810059e-01 -1.559183597564697266e-01 2.007977664470672607e-01 9.350950717926025391e-01
-3.278757929801940918e-01 6.796420216560363770e-01 1.230383157730102539e+00 -2.309816479682922363e-01 -1.668635457754135132e-01 2.173953205347061157e-01 9.335649013519287109e-01
-3.331162929534912109e-01 6.769663691520690918e-01 1.232478737831115723e+00 -2.149360477924346924e-01 -1.761428564786911011e-01 2.337684482336044312e-01 9.317341446876525879e-01
-3.370845019817352295e-01 6.745703220367431641e-01 1.234829664230346680e+00 -1.994262486696243286e-01 -1.843002885580062866e-01 2.501817047595977783e-01 9.293394684791564941e-01
-3.414398729801177979e-01 6.725623011589050293e-01 1.236661195755004883e+00 -1.837460100650787354e-01 -1.906492263078689575e-01 2.658099830150604248e-01 9.269495010375976562e-01
-3.449423611164093018e-01 6.705432534217834473e-01 1.238670349121093750e+00 -1.687041968107223511e-01 -1.956664621829986572e-01 2.815811932086944580e-01 9.241026043891906738e-01
-3.479861021041870117e-01 6.685065031051635742e-01 1.240200281143188477e+00 -1.538251936435699463e-01 -1.996826380491256714e-01 2.961920499801635742e-01 9.212681651115417480e-01
-3.509110212326049805e-01 6.673079729080200195e-01 1.241559863090515137e+00 -1.390397101640701294e-01 -2.021207958459854126e-01 3.111158609390258789e-01 9.181623458862304688e-01
-3.535151183605194092e-01 6.647609472274780273e-01 1.242086052894592285e+00 -1.252722293138504028e-01 -2.033570408821105957e-01 3.241866827011108398e-01 9.153446555137634277e-01
-3.563824295997619629e-01 6.628073453903198242e-01 1.243252158164978027e+00 -1.119791045784950256e-01 -2.036245614290237427e-01 3.371306061744689941e-01 9.123271107673645020e-01
-3.573956191539764404e-01 6.617197394371032715e-01 1.243820667266845703e+00 -9.905496239662170410e-02 -2.038718760013580322e-01 3.495384454727172852e-01 9.090914726257324219e-01
-3.572879433631896973e-01 6.609619855880737305e-01 1.245123744010925293e+00 -8.707339316606521606e-02 -2.042469233274459839e-01 3.619781732559204102e-01 9.053581357002258301e-01
-3.584107756614685059e-01 6.595644950866699219e-01 1.245402932167053223e+00 -7.566875219345092773e-02 -2.029815316200256348e-01 3.727035522460937500e-01 9.023108482360839844e-01
-3.579031825065612793e-01 6.588081121444702148e-01 1.245225548744201660e+00 -6.468269228935241699e-02 -2.019398659467697144e-01 3.828888833522796631e-01 8.991287946701049805e-01
-3.592764437198638916e-01 6.595352888107299805e-01 1.244616270065307617e+00 -5.355050414800643921e-02 -1.996150761842727661e-01 3.923223614692687988e-01 8.963087201118469238e-01
-3.591563999652862549e-01 6.586366891860961914e-01 1.246451973915100098e+00 -4.498829692602157593e-02 -1.982704848051071167e-01 4.004047811031341553e-01 8.934992551803588867e-01
-3.599605560302734375e-01 6.592350006103515625e-01 1.247237205505371094e+00 -3.601371124386787415e-02 -1.968291699886322021e-01 4.084004759788513184e-01 8.906010985374450684e-01
-3.604289889335632324e-01 6.593169569969177246e-01 1.248467206954956055e+00 -2.826519310474395752e-02 -1.956478953361511230e-01 4.149551987648010254e-01 8.881076574325561523e-01
-3.627119064331054688e-01 6.592198014259338379e-01 1.249434232711791992e+00 -2.138455398380756378e-02 -1.937692761421203613e-01 4.203152060508728027e-01 8.861892223358154297e-01
-3.643914461135864258e-01 6.598926782608032227e-01 1.250756978988647461e+00 -1.542833074927330017e-02 -1.932040154933929443e-01 4.247007369995117188e-01 8.843435645103454590e-01
-3.692239820957183838e-01 6.600708365440368652e-01 1.250895023345947266e+00 -9.732132777571678162e-03 -1.909719407558441162e-01 4.281736314296722412e-01 8.832340836524963379e-01
-3.738250732421875000e-01 6.581694483757019043e-01 1.252471089363098145e+00 -6.148768588900566101e-03 -1.898563206195831299e-01 4.293035864830017090e-01 8.829582333564758301e-01
-3.773932754993438721e-01 6.563258767127990723e-01 1.254336357116699219e+00 -6.350013893097639084e-03 -1.900501996278762817e-01 4.296796321868896484e-01 8.827321529388427734e-01
-3.819487392902374268e-01 6.534567475318908691e-01 1.255030870437622070e+00 -6.394071038812398911e-03 -1.902483701705932617e-01 4.280675649642944336e-01 8.834720253944396973e-01
-3.851851224899291992e-01 6.480822563171386719e-01 1.257234096527099609e+00 -7.916484959423542023e-03 -1.911162883043289185e-01 4.254082143306732178e-01 8.845562338829040527e-01
-3.887336552143096924e-01 6.449111104011535645e-01 1.259025454521179199e+00 -8.688195608556270599e-03 -1.930995136499404907e-01 4.227143228054046631e-01 8.854094147682189941e-01
-3.928393721580505371e-01 6.431924104690551758e-01 1.259840726852416992e+00 -1.059222593903541565e-02 -1.960430592298507690e-01 4.193312227725982666e-01 8.863499760627746582e-01
-3.971849679946899414e-01 6.414341926574707031e-01 1.261178970336914062e+00 -1.318466477096080780e-02 -1.997233331203460693e-01 4.152525961399078369e-01 8.874131441116333008e-01
-4.077937602996826172e-01 6.356658935546875000e-01 1.258886694908142090e+00 -1.695874147117137909e-02 -1.999899148941040039e-01 4.097562432289123535e-01 8.898406028747558594e-01
-4.143906235694885254e-01 6.321767568588256836e-01 1.255640029907226562e+00 -2.105467207729816437e-02 -2.027587294578552246e-01 4.033929705619812012e-01 8.920312523841857910e-01
-4.153183698654174805e-01 6.250009536743164062e-01 1.259253382682800293e+00 -2.979964204132556915e-02 -2.090469002723693848e-01 3.956195414066314697e-01 8.938101530075073242e-01
-4.230176210403442383e-01 6.216756105422973633e-01 1.257630228996276855e+00 -3.484122455120086670e-02 -2.125684171915054321e-01 3.882836997509002686e-01 8.960115313529968262e-01
-4.299122393131256104e-01 6.181617975234985352e-01 1.255146265029907227e+00 -4.054653644561767578e-02 -2.166821807622909546e-01 3.807550370693206787e-01 8.980147242546081543e-01
-4.367946982383728027e-01 6.151615977287292480e-01 1.254063606262207031e+00 -4.676751419901847839e-02 -2.211300134658813477e-01 3.731518983840942383e-01 8.998178243637084961e-01
-4.457978010177612305e-01 6.102728843688964844e-01 1.250162601470947266e+00 -5.338364094495773315e-02 -2.244807779788970947e-01 3.646999001502990723e-01 9.020823836326599121e-01
-4.543388485908508301e-01 6.054377555847167969e-01 1.248409390449523926e+00 -6.086564809083938599e-02 -2.282768189907073975e-01 3.561270833015441895e-01 9.040789008140563965e-01
-4.623349905014038086e-01 5.990079641342163086e-01 1.248212695121765137e+00 -6.989004462957382202e-02 -2.328277677297592163e-01 3.468012511730194092e-01 9.058893918991088867e-01
-4.746672809123992920e-01 5.964843034744262695e-01 1.243232727050781250e+00 -7.588459551334381104e-02 -2.352781146764755249e-01 3.379067778587341309e-01 9.081326127052307129e-01
-4.843060374259948730e-01 5.931050777435302734e-01 1.240346670150756836e+00 -8.335277438163757324e-02 -2.392599433660507202e-01 3.290764093399047852e-01 9.096789360046386719e-01
-4.956854581832885742e-01 5.896415710449218750e-01 1.237399816513061523e+00 -9.076836705207824707e-02 -2.426481246948242188e-01 3.201492428779602051e-01 9.112560153007507324e-01
-5.052398443222045898e-01 5.863878130912780762e-01 1.233970880508422852e+00 -9.826229512691497803e-02 -2.468497306108474731e-01 3.116350471973419189e-01 9.123011827468872070e-01
-5.173863768577575684e-01 5.808267593383789062e-01 1.229458093643188477e+00 -1.057946085929870605e-01 -2.494877725839614868e-01 3.027058541774749756e-01 9.137464165687561035e-01
-5.285781025886535645e-01 5.773690342903137207e-01 1.224708795547485352e+00 -1.124833747744560242e-01 -2.525514066219329834e-01 2.954120934009552002e-01 9.144927859306335449e-01
-5.374884605407714844e-01 5.752231478691101074e-01 1.220726728439331055e+00 -1.182386577129364014e-01 -2.570092976093292236e-01 2.881408929824829102e-01 9.148446917533874512e-01
-5.483434796333312988e-01 5.699003934860229492e-01 1.215869307518005371e+00 -1.249886602163314819e-01 -2.599208950996398926e-01 2.808840274810791016e-01 9.153814911842346191e-01
-5.608083009719848633e-01 5.656773447990417480e-01 1.209969401359558105e+00 -1.304029971361160278e-01 -2.620761394500732422e-01 2.744308412075042725e-01 9.159688949584960938e-01
-5.714266300201416016e-01 5.604036450386047363e-01 1.204703688621520996e+00 -1.364148408174514771e-01 -2.649629414081573486e-01 2.676561772823333740e-01 9.162673950195312500e-01
-5.843946337699890137e-01 5.543061494827270508e-01 1.198998928070068359e+00 -1.426745951175689697e-01 -2.663823068141937256e-01 2.611884474754333496e-01 9.167687892913818359e-01
-5.951496362686157227e-01 5.472724437713623047e-01 1.193262100219726562e+00 -1.494491249322891235e-01 -2.687482237815856934e-01 2.545126080513000488e-01 9.168766736984252930e-01
-6.073529124259948730e-01 5.423434972763061523e-01 1.186917304992675781e+00 -1.540132164955139160e-01 -2.713946700096130371e-01 2.485259920358657837e-01 9.169840216636657715e-01
-6.198563575744628906e-01 5.361341834068298340e-01 1.180426239967346191e+00 -1.593413501977920532e-01 -2.728608846664428711e-01 2.429077625274658203e-01 9.171440601348876953e-01
-6.314474344253540039e-01 5.283117294311523438e-01 1.173632383346557617e+00 -1.654531210660934448e-01 -2.743704020977020264e-01 2.371022999286651611e-01 9.171306490898132324e-01
-6.414207816123962402e-01 5.199798941612243652e-01 1.163537144660949707e+00 -1.706117838621139526e-01 -2.754057645797729492e-01 2.315014898777008057e-01 9.173060655593872070e-01
-6.492564082145690918e-01 5.108566284179687500e-01 1.152113318443298340e+00 -1.761016994714736938e-01 -2.764866352081298828e-01 2.256342619657516479e-01 9.174053668975830078e-01
-6.549144983291625977e-01 5.019947886466979980e-01 1.140926599502563477e+00 -1.819629818201065063e-01 -2.772725820541381836e-01 2.198038846254348755e-01 9.174397587776184082e-01
-6.578570604324340820e-01 4.932819604873657227e-01 1.129940509796142578e+00 -1.880379170179367065e-01 -2.803648412227630615e-01 2.146404236555099487e-01 9.164970517158508301e-01
-6.632339954376220703e-01 4.842610657215118408e-01 1.118484258651733398e+00 -1.936765611171722412e-01 -2.811984121799468994e-01 2.085795849561691284e-01 9.164668321609497070e-01
-6.675694584846496582e-01 4.751378893852233887e-01 1.107167243957519531e+00 -1.994172930717468262e-01 -2.820325195789337158e-01 2.030178904533386230e-01 9.162282347679138184e-01
-6.721311211585998535e-01 4.653005301952362061e-01 1.096283435821533203e+00 -2.056271731853485107e-01 -2.826302349567413330e-01 1.965424418449401855e-01 9.160833954811096191e-01
-6.763994693756103516e-01 4.550220668315887451e-01 1.085921406745910645e+00 -2.119502723217010498e-01 -2.830772995948791504e-01 1.903202533721923828e-01 9.158180356025695801e-01
-6.807445287704467773e-01 4.446768164634704590e-01 1.074969887733459473e+00 -2.179890573024749756e-01 -2.830870151519775391e-01 1.835219264030456543e-01 9.157850742340087891e-01
-6.835164427757263184e-01 4.343662261962890625e-01 1.065551519393920898e+00 -2.243803739547729492e-01 -2.842228412628173828e-01 1.765395849943161011e-01 9.152621030807495117e-01
-6.870969533920288086e-01 4.226127266883850098e-01 1.055127620697021484e+00 -2.308007925748825073e-01 -2.845008671283721924e-01 1.690079569816589355e-01 9.150009155273437500e-01
-6.904579401016235352e-01 4.110946655273437500e-01 1.045555949211120605e+00 -2.375031113624572754e-01 -2.849312722682952881e-01 1.618354469537734985e-01 9.144483208656311035e-01
-6.944625377655029297e-01 3.994262218475341797e-01 1.035325884819030762e+00 -2.440196126699447632e-01 -2.845749258995056152e-01 1.539819240570068359e-01 9.141997694969177246e-01
-6.970498561859130859e-01 3.874329924583435059e-01 1.026273608207702637e+00 -2.509666681289672852e-01 -2.848128378391265869e-01 1.463141590356826782e-01 9.135040640830993652e-01
-6.997178792953491211e-01 3.764057457447052002e-01 1.017371892929077148e+00 -2.575262486934661865e-01 -2.848067879676818848e-01 1.381321251392364502e-01 9.129539728164672852e-01
-7.025859355926513672e-01 3.642819821834564209e-01 1.008678436279296875e+00 -2.647881209850311279e-01 -2.844750583171844482e-01 1.297641098499298096e-01 9.122075438499450684e-01
-7.046350240707397461e-01 3.502037525177001953e-01 9.992756247520446777e-01 -2.726999521255493164e-01 -2.842526137828826904e-01 1.206106171011924744e-01 9.112015962600708008e-01
-7.077890634536743164e-01 3.379859626293182373e-01 9.906117916107177734e-01 -2.797211706638336182e-01 -2.834860384464263916e-01 1.114094257354736328e-01 9.104832410812377930e-01
-7.107545733451843262e-01 3.258889317512512207e-01 9.822118282318115234e-01 -2.870170772075653076e-01 -2.828046977519989014e-01 1.023111417889595032e-01 9.094916582107543945e-01
-7.128277420997619629e-01 3.132835626602172852e-01 9.739768505096435547e-01 -2.943852543830871582e-01 -2.824351191520690918e-01 9.332129359245300293e-02 9.082174897193908691e-01
-7.153497934341430664e-01 3.010993003845214844e-01 9.659037590026855469e-01 -3.016529381275177002e-01 -2.817540764808654785e-01 8.381191641092300415e-02 9.069706201553344727e-01
-7.166360020637512207e-01 2.884362041950225830e-01 9.582332372665405273e-01 -3.092529773712158203e-01 -2.818765342235565186e-01 7.481554895639419556e-02 9.051579833030700684e-01
-7.196820378303527832e-01 2.761313021183013916e-01 9.496597051620483398e-01 -3.164955973625183105e-01 -2.804945111274719238e-01 6.547943502664566040e-02 9.038062691688537598e-01
-7.219964265823364258e-01 2.641528248786926270e-01 9.417423009872436523e-01 -3.235890865325927734e-01 -2.797863781452178955e-01 5.610766634345054626e-02 9.021428227424621582e-01
-7.242590188980102539e-01 2.519023418426513672e-01 9.340116977691650391e-01 -3.308080434799194336e-01 -2.789777517318725586e-01 4.668673500418663025e-02 9.003098607063293457e-01
-7.265952825546264648e-01 2.403464317321777344e-01 9.261314868927001953e-01 -3.376250267028808594e-01 -2.781060338020324707e-01 3.723554313182830811e-02 8.984876275062561035e-01
-7.288213372230529785e-01 2.284597754478454590e-01 9.182624220848083496e-01 -3.443134427070617676e-01 -2.771343588829040527e-01 2.803797461092472076e-02 8.965817093849182129e-01
-7.306560873985290527e-01 2.175257354974746704e-01 9.111868739128112793e-01 -3.513080179691314697e-01 -2.763985991477966309e-01 1.889579184353351593e-02 8.943319320678710938e-01
