2.749595927090332381e+01
2.749595927090332381e+01
2.723123319504365014e+01
2.723123319504365014e+01
2.698835923174598150e+01
2.698835923174598150e+01
2.679279939433378388e+01
2.679279939433378388e+01
2.662438146934572458e+01
2.662438146934572458e+01
2.640889757799027393e+01
2.640889757799027393e+01
2.624121034771440364e+01
2.624121034771440364e+01
2.609607380725861958e+01
2.602394283348269255e+01
2.594672280692716626e+01
2.587359522813336810e+01
2.588347387843121794e+01
2.584812090340291846e+01
2.580564745071144017e+01
2.583228582345913793e+01
2.582995188218534821e+01
2.594438470700962895e+01
2.598753759247298234e+01
2.594916271242279748e+01
2.595072674469124507e+01
2.588159805115927625e+01
2.591748596101135504e+01
2.590901984927028678e+01
2.596590914845891263e+01
2.590323842673082666e+01
2.582092889277883074e+01
2.565954709128696720e+01
2.557049383133523079e+01
2.537247709099117188e+01
2.507406751724815663e+01
2.489078471874221776e+01
2.470893360020093965e+01
2.446936396168819883e+01
2.414984903177774811e+01
2.410302969216251867e+01
2.391608728600377987e+01
2.369552531297510711e+01
2.355971404086114163e+01
2.334216424684492353e+01
2.312439517960810775e+01
2.279567186847473792e+01
2.282384587116499119e+01
2.260950055848811147e+01
2.243431867996120488e+01
2.224756884848098082e+01
2.207392578047045717e+01
2.194303534511779930e+01
2.177310070216861959e+01
2.155523429838791216e+01
2.137137811174846647e+01
2.133332515766659299e+01
2.117960708122910773e+01
2.096960793546694291e+01
2.087745027255696328e+01
2.079772048594461609e+01
2.067782181182868584e+01
2.061145991187797222e+01
2.050781952990345403e+01
2.041036917460687761e+01
2.033358155985088445e+01
2.020841363934759727e+01
2.006481506037482276e+01
1.996943468848937542e+01
1.980430807214434452e+01
1.966238641911226637e+01
1.955598293281312294e+01
1.948904726736357773e+01
1.935159887647177968e+01
1.920202510350832625e+01
1.903137440058921825e+01
1.891631327301341514e+01
1.876237059008111885e+01
1.857805641566486443e+01
1.843233871649002253e+01
1.828608677374311142e+01
1.811161941667896613e+01
1.797337186505094309e+01
1.780199611864737719e+01
1.766366622348536808e+01
1.740632822477361685e+01
1.724273026982180212e+01
1.705218944205794429e+01
1.686240541444598051e+01
1.664771243198933348e+01
1.643090844436152764e+01
1.619822723337775372e+01
1.597414901863523440e+01
1.577001518049893747e+01
1.554913054565059483e+01
1.531960850163233978e+01
1.508573933512634824e+01
1.488215436171872419e+01
1.459681747063370416e+01
1.436472819860963845e+01
1.412005858073586140e+01
1.385876629429946227e+01
1.361626447269666151e+01
1.336627896944072447e+01
1.309331519347450445e+01
1.283228265585343664e+01
1.257050939639231402e+01
1.228087058382470431e+01
1.200818086544130203e+01
1.172450930923137591e+01
1.144569762654918321e+01
1.116087191233567033e+01
1.089287648519614216e+01
1.061831571346257164e+01
1.034334364064468481e+01
1.006931840327168715e+01
9.804755500571520344e+00
9.544427101571457683e+00
9.302877592764380310e+00
9.070152764987918559e+00
8.837831818288798047e+00
8.612547331204158496e+00
8.410478177148396739e+00
8.211446184319655117e+00
8.020931198051250988e+00
7.836267469190062229e+00
7.671082659694940631e+00
7.502206799586152997e+00
7.318927905786241084e+00
7.171144110208736322e+00
7.046044964743050087e+00
6.950086286934840984e+00
6.836627245520652707e+00
6.707635959500422018e+00
6.611952313927115910e+00
6.518378256530635184e+00
6.429947004809420719e+00
6.346203993872094884e+00
6.269664754766736792e+00
6.188032310960025484e+00
6.132298465162122625e+00
6.063357625393347661e+00
6.007782965289763411e+00
5.954770660121230463e+00
5.917586402060269535e+00
5.858774030712453396e+00
5.824417832079539892e+00
5.788500677491633439e+00
5.758566883103643619e+00
5.743361593396755893e+00
5.722587689957897794e+00
5.677354329676678191e+00
5.706910383237563167e+00
5.665394432533730651e+00
5.662916775373417977e+00
5.657419943392298478e+00
5.643365042761995909e+00
5.631712242489925302e+00
5.593437155954777751e+00
5.596518628842268583e+00
5.546240272165885443e+00
5.529814977472021553e+00
5.477483036284091611e+00
5.446218453468343768e+00
5.387643616771757848e+00
5.350435205100048108e+00
5.297854823362364129e+00
5.235175061518976491e+00
5.169390682835182105e+00
5.122316137058291474e+00
5.063714313704199554e+00
5.016965853046681190e+00
4.977609567439387206e+00
4.944665263843994296e+00
4.910004967998940373e+00
4.882584055183986749e+00
4.862031855591979479e+00
4.845633798324204378e+00
4.833920320030195228e+00
4.830372923025311849e+00
4.824539109090071776e+00
4.815907433078674416e+00
4.806342122973692454e+00
4.799334625470446980e+00
4.786575231674852660e+00
4.772756162848924788e+00
4.757312862790843866e+00
4.739689360919840055e+00
4.720857526293954720e+00
4.700502060550590500e+00
4.677666580428677889e+00
4.655194078107136590e+00
4.628348541192078613e+00
4.600537845845824592e+00
4.575862208673473930e+00
4.545131618272527874e+00
4.511558689809369582e+00
4.480746078683900180e+00
4.447863642405135209e+00
4.416270822941964269e+00
4.382040434066723833e+00
4.345599015378667218e+00
4.307123712847335639e+00
4.273048155033858819e+00
4.233692358548296397e+00
4.192068768291779435e+00
4.154352495352238606e+00
4.117530256641870778e+00
4.082524278527344563e+00
4.046652978718054072e+00
4.006382311436603061e+00
3.964808077992383772e+00
3.929179145257936767e+00
3.890095036566684428e+00
3.850471995796393543e+00
3.810909458750781909e+00
3.773283040976391334e+00
3.735040272792247151e+00
3.694274121996997451e+00
3.653816854999661246e+00
3.609337968037614530e+00
3.564742245088854844e+00
3.506586024891419129e+00
3.462041588256180802e+00
3.411504559637634770e+00
3.360947092213223186e+00
3.301102637562813413e+00
3.244474385321197474e+00
3.193203359329768176e+00
3.127226330374341501e+00
3.062369117054078771e+00
2.998878740241657681e+00
2.930637582895307958e+00
2.856194870095954741e+00
2.781064302603006411e+00
2.711368930618547779e+00
2.622455547489582983e+00
2.542947610241082401e+00
2.470302120905042642e+00
2.416825902368294976e+00
2.356494472696418541e+00
2.303537997324973219e+00
2.260179848163250682e+00
2.220924117460626235e+00
2.187553137374813161e+00
2.150786831366495733e+00
2.124453397532541032e+00
2.111784057429382244e+00
2.092989412609398414e+00
2.108079460917611669e+00
2.101846557143943528e+00
2.098214108703544412e+00
2.086131515078125886e+00
2.071667103424687184e+00
2.060609960959482123e+00
2.015809001064972961e+00
1.987168052280868125e+00
1.948116800174879870e+00
1.914084968512515417e+00
1.856142933147260976e+00
1.820203839069655771e+00
1.785277389731874109e+00
1.744386691377023624e+00
1.696224764459728362e+00
1.642306492049048217e+00
1.654315239156503026e+00
1.648359717648201439e+00
1.592501855050212356e+00
1.584874832909214604e+00
1.576822040869966912e+00
1.569992808966059528e+00
1.562058480344013844e+00
1.532716059888340254e+00
1.515510704186262103e+00
1.481124946011316723e+00
1.468518379198560098e+00
1.427523308385161727e+00
1.409441070580133015e+00
1.398395913736329987e+00
1.385465347905395106e+00
1.381767946182385742e+00
1.391808177835230254e+00
1.405815131869289303e+00
1.419568561675482954e+00
1.429937212054067430e+00
1.452966295374555017e+00
1.467515718207760500e+00
1.487844592480058736e+00
1.532817463552653692e+00
1.648084790406191047e+00
1.801355958049313699e+00
1.964020297196366727e+00
2.140836197623343651e+00
2.309148686824375574e+00
2.488916503868278340e+00
2.664883607985725433e+00
2.842860738035057011e+00
3.026645929414602421e+00
3.214141638400271006e+00
3.401886049614429197e+00
3.583586705400101380e+00
3.770009399477412870e+00
3.957724380353621285e+00
4.132198498920029550e+00
4.321627117907016924e+00
4.503502008517738631e+00
4.683583053712066402e+00
4.859959359151552860e+00
5.035388528952893239e+00
5.217815300739900408e+00
5.386838974044618311e+00
5.562553555852488785e+00
5.738126666697976219e+00
5.911930976556025286e+00
6.078938663835479872e+00
6.246315987405417047e+00
6.406586664056661107e+00
