2.702268003517264816e+01
2.702268003517264816e+01
2.680058559302314336e+01
2.680058559302314336e+01
2.653692221557094300e+01
2.653692221557094300e+01
2.637477067193190905e+01
2.637477067193190905e+01
2.624680115623904442e+01
2.624680115623904442e+01
2.607804034842765617e+01
2.607804034842765617e+01
2.595358790662354664e+01
2.595358790662354664e+01
2.578490980475352501e+01
2.572674444602883881e+01
2.567112610952189300e+01
2.559225309579518282e+01
2.567007663519047256e+01
2.563110439071681768e+01
2.558274267651029632e+01
2.560207892439735033e+01
2.563975511954298980e+01
2.566870951147926760e+01
2.563400874954151831e+01
2.565026604454756409e+01
2.558497739514464797e+01
2.560422607282099960e+01
2.562397366765463858e+01
2.564755004770215052e+01
2.562830661534092158e+01
2.563616238041548456e+01
2.554743647719773136e+01
2.537206956719881745e+01
2.516427819828206225e+01
2.507479399650868146e+01
2.488334587379960539e+01
2.466028130736787816e+01
2.450651829290211126e+01
2.431481663995608500e+01
2.403949470494100993e+01
2.393304777420537377e+01
2.378305574575151482e+01
2.366595539209438215e+01
2.352173527354586113e+01
2.334396743271151209e+01
2.318614311128388294e+01
2.300129410710861677e+01
2.283813603257835467e+01
2.272893221113047346e+01
2.261609496803576747e+01
2.248327154539076744e+01
2.232537286837603574e+01
2.215927996318826487e+01
2.199420754224836827e+01
2.183760873850821227e+01
2.176481297497995016e+01
2.165681859956094613e+01
2.152750855426079113e+01
2.147001901132855295e+01
2.135214281615347076e+01
2.127486177699907088e+01
2.118190797661509706e+01
2.109439802259935703e+01
2.098995030579156662e+01
2.086813506657578898e+01
2.079545874616107781e+01
2.063407749717146800e+01
2.053519675158509727e+01
2.040050830399856352e+01
2.031202825626855457e+01
2.023175228659155778e+01
2.005403124191352049e+01
1.995668471127125088e+01
1.984642646282760126e+01
1.970518028728276150e+01
1.959958329368252095e+01
1.953145915142050271e+01
1.942705580178697389e+01
1.934252950268496463e+01
1.919388578137675694e+01
1.908311293577277468e+01
1.895457636851213934e+01
1.879411215086692621e+01
1.870849177829654764e+01
1.856234919025153474e+01
1.832682005076634013e+01
1.804900945603731799e+01
1.788994861351363497e+01
1.772890467056224395e+01
1.753718781875359056e+01
1.720648536948174367e+01
1.698922490748640968e+01
1.674669225808176165e+01
1.648650087049013990e+01
1.630555241549848944e+01
1.607393053089399615e+01
1.582482432476626322e+01
1.557645122119261494e+01
1.534328997627895319e+01
1.509295176325126775e+01
1.484073725663465559e+01
1.460495277546469772e+01
1.433191056345754255e+01
1.408535614688653759e+01
1.382847258460731865e+01
1.355191755512796448e+01
1.326357586783131559e+01
1.299729880148970729e+01
1.271352049486712943e+01
1.240727235885456281e+01
1.211958310723466603e+01
1.181920756201547995e+01
1.153538645088110037e+01
1.124048955882645195e+01
1.095578768930206692e+01
1.066356305538100990e+01
1.038423824429483489e+01
1.011756669065832348e+01
9.865205201457902362e+00
9.604442180627243530e+00
9.377479559944964294e+00
9.146705267038848675e+00
8.919630735829327861e+00
8.703727360017309067e+00
8.505136521475716194e+00
8.311118151899869133e+00
8.127523661138615907e+00
7.931788045677498289e+00
7.763131936499211960e+00
7.600190129615651102e+00
7.464383585777682129e+00
7.331328617581625906e+00
7.190824398535449191e+00
7.083402651269516070e+00
6.976123214831634556e+00
6.875300679281291849e+00
6.784236230102418830e+00
6.695806894124498143e+00
6.581608654940106717e+00
6.495161574677062788e+00
6.434644417822319440e+00
6.343158695199452524e+00
6.268056599593720080e+00
6.243454331801853385e+00
6.195364540040014134e+00
6.154659409599727127e+00
6.119030713982315461e+00
6.070192547680218098e+00
6.037529209371037098e+00
6.036686118277792445e+00
6.003514684303098647e+00
5.988020272693290735e+00
5.970091654441684881e+00
5.968013112466021397e+00
5.940434237197298017e+00
5.956451832341937092e+00
5.926168612784454837e+00
5.935612064027566248e+00
5.896886216721505036e+00
5.854433231854649478e+00
5.822399320251932409e+00
5.793013487759878899e+00
5.738436546493748125e+00
5.692439155312552401e+00
5.643094109973869621e+00
5.586394391741990262e+00
5.542563024033228203e+00
5.464833547404225556e+00
5.402529124929081661e+00
5.336049501248904647e+00
5.291994334516115117e+00
5.236454329580755740e+00
5.192618128079498518e+00
5.158822296945238861e+00
5.125658414585195999e+00
5.099649008658705185e+00
5.076475485099269491e+00
5.059114117709025749e+00
5.047442200479114405e+00
5.042933883185529709e+00
5.031801115909331656e+00
5.020164510691454751e+00
5.013955870111232116e+00
5.002188596625501305e+00
4.987505830335411616e+00
4.977681868264074438e+00
4.959165478201736477e+00
4.941297845924815135e+00
4.918967014516017144e+00
4.895282977134904456e+00
4.872178871635714614e+00
4.846838007551614425e+00
4.817321427534352551e+00
4.785197417359814409e+00
4.753708190977175008e+00
4.721455942504963588e+00
4.685057777471207885e+00
4.645889693855604463e+00
4.606462828882140315e+00
4.570226719213529520e+00
4.528784049544629653e+00
4.487137581177126577e+00
4.445827538044504479e+00
4.403186375088587567e+00
4.359110958048084683e+00
4.313848636529638014e+00
4.270615908723243592e+00
4.225203862884296058e+00
4.177356089669817862e+00
4.131799281806014079e+00
4.086178156169488318e+00
4.039277863650664102e+00
3.991901684440907871e+00
3.943876380494348410e+00
3.894392622739221821e+00
3.844706719574123355e+00
3.796503606195226865e+00
3.748058126373813081e+00
3.693816851379139621e+00
3.640209003902516116e+00
3.584488075175229937e+00
3.530403620793375552e+00
3.481428933812040327e+00
3.420200864594175272e+00
3.352622737133419406e+00
3.289614677535638521e+00
3.219683411111056159e+00
3.152888558997716473e+00
3.091396165047619604e+00
3.016626161368140657e+00
2.936166548755963390e+00
2.857224877702474686e+00
2.772730023999301352e+00
2.688246451746358900e+00
2.601396004099562731e+00
2.506798569550873879e+00
2.405517173923069407e+00
2.325050554154927340e+00
2.242706689756737148e+00
2.172828353820367653e+00
2.106206959542785029e+00
2.052727845841388898e+00
1.983456194462657862e+00
1.938155871889943427e+00
1.895557316990704066e+00
1.868461531025442213e+00
1.841045318604418668e+00
1.838215815192654645e+00
1.818266540088519179e+00
1.792243278214673552e+00
1.797355688398820206e+00
1.790423640609155598e+00
1.776936237439500132e+00
1.759866990019737898e+00
1.749205780081549477e+00
1.704758568554588294e+00
1.662062505727853079e+00
1.600719793879811448e+00
1.539711129700950920e+00
1.482003865532011133e+00
1.434355455510445410e+00
1.380446164413179133e+00
1.345498517633661351e+00
1.300527042266384825e+00
1.245172967509819983e+00
1.216842456790935501e+00
1.181433581630052743e+00
1.144915975331215918e+00
1.114162130024972441e+00
1.084629793102006801e+00
1.066229578684890100e+00
1.022532527156169380e+00
1.009182098994603649e+00
9.591622723812349705e-01
9.212748781547155374e-01
8.827131782240797975e-01
8.294447140794716233e-01
8.006099891528606349e-01
7.692855912719984701e-01
7.236637744347618195e-01
7.057432325305583731e-01
6.978646395680421222e-01
6.753304737966914217e-01
6.715586524902832366e-01
6.551299338060871946e-01
6.432847758340756172e-01
6.335089532064550610e-01
6.184212961675683573e-01
6.720652973745764314e-01
7.567324831871822255e-01
8.999777928198788857e-01
1.038784779132335245e+00
1.199633755263235457e+00
1.353691162108876966e+00
1.550548549661243669e+00
1.720790176653039794e+00
1.884269168236865966e+00
2.053686788517968154e+00
2.216508051821477920e+00
2.394854453944034844e+00
2.580170015724668531e+00
2.752914205528064429e+00
2.927495427118355309e+00
3.099533834720912040e+00
3.259395595095782028e+00
3.436284285818771878e+00
3.603826025069690075e+00
3.770018317986057355e+00
3.933657317508107099e+00
4.099653368690919564e+00
4.259096688683918330e+00
4.434709743782260460e+00
4.597526070372545348e+00
4.753203462578476035e+00
4.909506396000640649e+00
5.071566744849331343e+00
5.220045887302227072e+00
