2.752953600935304479e+01
2.752953600935304479e+01
2.727530478304669970e+01
2.727530478304669970e+01
2.704968764814983473e+01
2.704968764814983473e+01
2.684962165881355034e+01
2.684962165881355034e+01
2.669039271282461456e+01
2.669039271282461456e+01
2.649199408093725694e+01
2.649199408093725694e+01
2.632492439462134826e+01
2.632492439462134826e+01
2.618774643806355584e+01
2.611110519469640678e+01
2.603044029353711153e+01
2.599447130156701746e+01
2.597033908647505385e+01
2.604179541583518898e+01
2.605331449601125371e+01
2.605132450664929422e+01
2.612113888933114936e+01
2.620903677440545820e+01
2.627492718476868561e+01
2.622972226064582202e+01
2.617753535882553351e+01
2.619866865464792127e+01
2.624121298688799797e+01
2.624670390176341428e+01
2.631703011827403671e+01
2.629139526413714734e+01
2.618650065702763996e+01
2.594688201800440908e+01
2.572462726048148340e+01
2.551400939828327097e+01
2.526595044260572465e+01
2.506421989766955960e+01
2.484317657771874366e+01
2.458441417513392935e+01
2.436336560634598314e+01
2.418035389680739655e+01
2.399041301672129123e+01
2.380663895407031916e+01
2.355116169311848395e+01
2.336790611222021852e+01
2.310212025893896026e+01
2.303005536163281519e+01
2.286248643473511777e+01
2.269277218746782410e+01
2.252056472630528461e+01
2.233833595815490014e+01
2.216633938238483381e+01
2.201326639779184546e+01
2.184492581702891556e+01
2.169502774575050097e+01
2.156171677378462448e+01
2.141047975639488499e+01
2.123091649226013544e+01
2.112964924274746537e+01
2.102980362518283641e+01
2.094196456536596784e+01
2.089181255973973350e+01
2.075121463610630101e+01
2.054304530705691079e+01
2.039317048247557196e+01
2.028286448986538204e+01
2.001782027001768327e+01
2.010736836958484020e+01
1.996935894089388697e+01
1.986135184864114223e+01
1.969031812785012647e+01
1.955292173440168213e+01
1.941045595863323925e+01
1.925785165364321116e+01
1.911305566829046398e+01
1.898075291407455722e+01
1.882778631217568588e+01
1.866126446119431037e+01
1.850563490848431059e+01
1.834230087483380700e+01
1.819878069880654436e+01
1.802117494959531641e+01
1.786752346283806148e+01
1.766517151955283538e+01
1.741618897578085878e+01
1.724577634541056526e+01
1.705023998083396819e+01
1.685042895118886719e+01
1.662950768061393703e+01
1.646709103622274739e+01
1.624871669643606964e+01
1.600328984107397545e+01
1.576182646882364935e+01
1.558623406185159510e+01
1.534817638837767007e+01
1.510607718129838695e+01
1.486625974219375479e+01
1.468236299535825573e+01
1.443808697414147879e+01
1.419163248749648609e+01
1.395446026507445225e+01
1.370294155974896455e+01
1.347293802136435481e+01
1.322107899481792082e+01
1.297007773926033281e+01
1.271217859593311950e+01
1.243591438206164312e+01
1.216760002714234545e+01
1.189387157899056824e+01
1.160934524743239571e+01
1.133784806381063426e+01
1.106864008294886936e+01
1.079619413525186644e+01
1.052625504698272607e+01
1.025799471850858424e+01
9.991329471352017322e+00
9.726832121946356935e+00
9.478605281160787044e+00
9.244140550088630448e+00
9.006624785883555973e+00
8.791759849387059234e+00
8.576397592462100761e+00
8.375498530897502292e+00
8.172721989286202415e+00
7.985776903323033693e+00
7.797747039751142140e+00
7.627793506962127879e+00
7.465740817405171370e+00
7.309274052981104219e+00
7.173916570857304720e+00
7.019528629657592944e+00
6.905782507179743845e+00
6.785826899340126062e+00
6.696696895596762289e+00
6.600121621805385530e+00
6.516845273148760498e+00
6.415962830420756546e+00
6.333011222096299520e+00
6.232247032711718759e+00
6.161883776445083782e+00
6.124581217662033339e+00
6.061751625246916575e+00
5.997444118703644023e+00
5.961916272289933261e+00
5.910813967758329568e+00
5.877948799136301972e+00
5.845088626644901808e+00
5.797102227707679134e+00
5.770489334421352368e+00
5.745908172688430682e+00
5.731079621450426487e+00
5.714408702982652244e+00
5.708489799854014279e+00
5.698216842079418143e+00
5.699029956508088191e+00
5.671438099148677026e+00
5.662295671503095207e+00
5.629763621561647113e+00
5.630602088806405447e+00
5.600210348248651826e+00
5.564373995022464214e+00
5.540686510533465281e+00
5.502078761134910678e+00
5.433008225340365982e+00
5.386074962854429771e+00
5.340166518879318147e+00
5.278237759281743990e+00
5.211955547783027498e+00
5.149819586306801256e+00
5.093309708571034378e+00
5.042626827012686164e+00
4.992999332151754288e+00
4.949909989026469503e+00
4.915027028153026833e+00
4.883633780700780136e+00
4.857679676532182356e+00
4.839777402866776157e+00
4.825912682978316326e+00
4.816278472216708906e+00
4.809830893797236939e+00
4.801104013634404311e+00
4.797461606191802730e+00
4.788557300597002353e+00
4.776446666414901898e+00
4.765322628064645016e+00
4.751470250145157337e+00
4.732734377802245263e+00
4.718352756744888410e+00
4.697990470988401057e+00
4.675031472812140265e+00
4.653744627582295124e+00
4.631280460068023075e+00
4.605123300938323894e+00
4.580044002173387696e+00
4.551136971544814003e+00
4.521872509531434048e+00
4.492535991928257033e+00
4.461248233916627726e+00
4.429528111506630950e+00
4.397785245527007447e+00
4.356428427216442856e+00
4.320395288074706741e+00
4.284982040347621535e+00
4.249092480190363119e+00
4.210614112946124976e+00
4.173683428308493149e+00
4.133230050182380211e+00
4.097716043588800261e+00
4.059271225326231303e+00
4.021150826440642589e+00
3.982166437558603889e+00
3.942877173143941150e+00
3.900818817528975302e+00
3.863073023140795925e+00
3.824049674421239331e+00
3.786429767420294468e+00
3.749457790231172538e+00
3.709262636128684676e+00
3.669999384662535391e+00
3.631274608673528803e+00
3.589925733588664514e+00
3.541897400569602894e+00
3.483985805605847474e+00
3.441183195694549113e+00
3.392352804061953719e+00
3.345704942702877105e+00
3.282216752313225072e+00
3.224429673291027143e+00
3.173568331516360530e+00
3.113306220221101484e+00
3.046286218761512288e+00
2.982909608870890850e+00
2.899100911785684076e+00
2.826711388853627938e+00
2.747331385901407685e+00
2.672179915922402671e+00
2.590429797808830870e+00
2.514758608846722865e+00
2.449018485153327873e+00
2.394148245326839231e+00
2.337518141332040500e+00
2.288473934222196249e+00
2.245569680764504028e+00
2.205353111101526764e+00
2.177494424181606547e+00
2.154257575335609687e+00
2.127035863277320971e+00
2.122736864752322816e+00
2.110635847817224686e+00
2.103039952342662389e+00
2.101329513179575059e+00
2.099192240110124175e+00
2.093869885532487984e+00
2.058620366502879051e+00
2.011187219933258774e+00
1.979269662350127135e+00
1.950345554949262095e+00
1.911368861079232317e+00
1.881889981987448834e+00
1.827022157277490066e+00
1.784567203147584991e+00
1.739132181455424586e+00
1.706677367939622769e+00
1.643740145030079702e+00
1.595867141973212000e+00
1.570801533318110899e+00
1.561819699970946829e+00
1.566801233814853589e+00
1.538425493574344216e+00
1.541411141678739938e+00
1.543652843285862275e+00
1.523551468863860947e+00
1.509055528489021469e+00
1.499914143828537050e+00
1.458393928534750472e+00
1.438064807509793042e+00
1.422167746271323807e+00
1.409501603312101281e+00
1.407446174380524440e+00
1.395485671708993181e+00
1.395465261871862594e+00
1.392039772305086132e+00
1.401282306301713021e+00
1.428364632447546967e+00
1.440426626362516060e+00
1.453148756041336753e+00
1.473931732189154076e+00
1.497974113620472281e+00
1.545489625167803638e+00
1.673483161244490702e+00
1.830319950170217425e+00
1.998301436061133529e+00
2.174324307139304580e+00
2.339927047018328210e+00
2.516451632978718322e+00
2.701903235868666542e+00
2.875865400222558321e+00
3.054111462100980390e+00
3.235092764120640396e+00
3.427061832285225762e+00
3.603343924206775739e+00
3.786491390900238230e+00
3.971593649722610309e+00
4.153081299278365890e+00
4.327365130364682955e+00
4.505020349085018694e+00
4.692051662582283456e+00
4.847951774193177243e+00
5.019160727455119542e+00
5.206627686230113738e+00
5.377074482103886055e+00
5.545292568252595089e+00
5.712336405974031805e+00
5.887275384247253385e+00
6.051509944189994883e+00
6.218624702600134668e+00
6.370947408602120277e+00
