2.813379684037273165e+01
2.813379684037273165e+01
2.778050375130049332e+01
2.778050375130049332e+01
2.749160189895634332e+01
2.749160189895634332e+01
2.724091873968698252e+01
2.724091873968698252e+01
2.704091557533133994e+01
2.704091557533133994e+01
2.682261047863147141e+01
2.682261047863147141e+01
2.664093835333111926e+01
2.664093835333111926e+01
2.647548768549905063e+01
2.637933267339463939e+01
2.634043081202659309e+01
2.621961280193373156e+01
2.627334153362557956e+01
2.624050062822886886e+01
2.619488566889355852e+01
2.618523849233158529e+01
2.624838752197528180e+01
2.627133322257397907e+01
2.629402613664574773e+01
2.634852584949391741e+01
2.633757996342877306e+01
2.613515642603912426e+01
2.615611758973772893e+01
2.619280399014012772e+01
2.618947367802289250e+01
2.623633031936755344e+01
2.609642511598891446e+01
2.587010785185274031e+01
2.564558908672356807e+01
2.531552631854352597e+01
2.520749821879314112e+01
2.494274438318650766e+01
2.468792664714197471e+01
2.448272648439625598e+01
2.420708870054403761e+01
2.405468287097205859e+01
2.383353920757971167e+01
2.363221104572971143e+01
2.350280693057133163e+01
2.328791447413541249e+01
2.309860293286881827e+01
2.290418830567006836e+01
2.268677695377896342e+01
2.254634341475905046e+01
2.237978527313512700e+01
2.225795900227801383e+01
2.210501873807088913e+01
2.193520973638128169e+01
2.173921843986591185e+01
2.160040894712805937e+01
2.139011613905035958e+01
2.130755027670846502e+01
2.116223048820679153e+01
2.113500293080700487e+01
2.100272483272542345e+01
2.088612604665992478e+01
2.073077555422256069e+01
2.058228389547506509e+01
2.059604157587825313e+01
2.045970706398237127e+01
2.047459858602670124e+01
2.026747216861383549e+01
2.023214793373937681e+01
2.001407354936262806e+01
1.990184169291984873e+01
1.977468040354615297e+01
1.964174856588926588e+01
1.951229690162551123e+01
1.937750130942873739e+01
1.927224851584812981e+01
1.913329018821860927e+01
1.898966373520238093e+01
1.883470052696450381e+01
1.869212834256755684e+01
1.854284896360329071e+01
1.836608246380863108e+01
1.820369124912197023e+01
1.805603419660574716e+01
1.791265280750143063e+01
1.774288157918788755e+01
1.741440145255248595e+01
1.722743034046038701e+01
1.702527516319032941e+01
1.685069750542805522e+01
1.662246978760824945e+01
1.638521388857841288e+01
1.618836074742837994e+01
1.594790121176942321e+01
1.572040391165898043e+01
1.549723388221607401e+01
1.525379233530940759e+01
1.502399444700075470e+01
1.479373135909742132e+01
1.454413991183352550e+01
1.431920888858893903e+01
1.408278463767869582e+01
1.384299166220910493e+01
1.356447131201015921e+01
1.330796303112490797e+01
1.306074085803216356e+01
1.277773027838130204e+01
1.252448305165265552e+01
1.224314032059093371e+01
1.195596846990288142e+01
1.168268501278114613e+01
1.139213102495863161e+01
1.111002484899195508e+01
1.083995587928743376e+01
1.057768880407714818e+01
1.029295236555974569e+01
1.001743815955126138e+01
9.749889233338132399e+00
9.498968378924146805e+00
9.253135995977386230e+00
9.009884657810989239e+00
8.794005091952609376e+00
8.577542428925008622e+00
8.357396250057874454e+00
8.164879135393467990e+00
7.977580582000308951e+00
7.797864246185850945e+00
7.630383706218994533e+00
7.444124149928830647e+00
7.290915209639251771e+00
7.151755314694334231e+00
7.022384155431382169e+00
6.908845003377216187e+00
6.786949781446413255e+00
6.691017093326486531e+00
6.578213596578937228e+00
6.467874235131308325e+00
6.383072492210828841e+00
6.292115660084704132e+00
6.228929388932886724e+00
6.150339668417743155e+00
6.088491129342944674e+00
6.002852204565218841e+00
5.964378995070333644e+00
5.892718015549352373e+00
5.839159889941264225e+00
5.808752905477511774e+00
5.773606118169702484e+00
5.742247237362128942e+00
5.726745119515321392e+00
5.725611654398974792e+00
5.695295725697263833e+00
5.689141383749849012e+00
5.674692918186991619e+00
5.654155847825840908e+00
5.626440083906231848e+00
5.600033114074463469e+00
5.625805806786267738e+00
5.616161951140146158e+00
5.576929956269353283e+00
5.537327307556616063e+00
5.522010802970406473e+00
5.497676100402049570e+00
5.463026878268781417e+00
5.413876618094231929e+00
5.368842758424968054e+00
5.322049706853629658e+00
5.271899742583649129e+00
5.204698844551909787e+00
5.147184011636156242e+00
5.089005530905239993e+00
5.032764034872872827e+00
4.981174772623013780e+00
4.940853954051902974e+00
4.903469955013449066e+00
4.868990625661709259e+00
4.850474918767130106e+00
4.838127652294204495e+00
4.820443152496988404e+00
4.810205733538968076e+00
4.803581160044899434e+00
4.795554360992912990e+00
4.789458237726673673e+00
4.780699389901243990e+00
4.769467933889789180e+00
4.754312939528066551e+00
4.743408507060618007e+00
4.727656310887155655e+00
4.710757706178632986e+00
4.695054818224988935e+00
4.671446312356962949e+00
4.649739958299203835e+00
4.625729380420800396e+00
4.600514087473801084e+00
4.576539352658343773e+00
4.548009929312222255e+00
4.519904112298867460e+00
4.488054051010411882e+00
4.454902210677097685e+00
4.423295263932811139e+00
4.388133271087287568e+00
4.348591535904759553e+00
4.312093946701295977e+00
4.276835708111132561e+00
4.240668903674190915e+00
4.201976219799679058e+00
4.165441009133850514e+00
4.127322012370758131e+00
4.087352023548234570e+00
4.052768474238245489e+00
4.014118564100922271e+00
3.974975074799068864e+00
3.930624009246368900e+00
3.891876046541138834e+00
3.852634456375628957e+00
3.814089640555405225e+00
3.777103962077482890e+00
3.734681674135249096e+00
3.690530319263920944e+00
3.651455455528331839e+00
3.610876060317071534e+00
3.564568026018665847e+00
3.518753603093049520e+00
3.474161619617092356e+00
3.416994057177003441e+00
3.368441399231322464e+00
3.314055578987556316e+00
3.262965645464532827e+00
3.207958630386833931e+00
3.152183761618857716e+00
3.094267975546529215e+00
3.017504972258315377e+00
2.958355703187777408e+00
2.883215311528729785e+00
2.818478827168267031e+00
2.741686950445984650e+00
2.663917372263490790e+00
2.583454002627078694e+00
2.512448003859493184e+00
2.436616748787468367e+00
2.375564712620267471e+00
2.309437469644521457e+00
2.253819998272582836e+00
2.212009894052599179e+00
2.171437713534604796e+00
2.130897215070444162e+00
2.103587913250610342e+00
2.079104034772683463e+00
2.054157546421766511e+00
2.032339790060316176e+00
2.028593836570578901e+00
2.028674229710421884e+00
2.027641596052148998e+00
2.034333993961155329e+00
2.005887770147140259e+00
1.998874047899388273e+00
1.968738381297672646e+00
1.933254449675342102e+00
1.885608958510498923e+00
1.858920089539569886e+00
1.806905253307245829e+00
1.783565667603660643e+00
1.714810435910941067e+00
1.684877825547214769e+00
1.631728000447974836e+00
1.575991224679839320e+00
1.577949582758410685e+00
1.562657489487577323e+00
1.543327333410456248e+00
1.522008204785436192e+00
1.504881630974267637e+00
1.493149727206432686e+00
1.485253947280622100e+00
1.473924586483693844e+00
1.455839634682597250e+00
1.423672839071858931e+00
1.391965210842506906e+00
1.358076390377533471e+00
1.328906586052497119e+00
1.308495183740628676e+00
1.312298788254341986e+00
1.305355402698513245e+00
1.306421199405406242e+00
1.317468589295998527e+00
1.334186251248908661e+00
1.347700930211399140e+00
1.349760810405658873e+00
1.354826007412199829e+00
1.377431390410485790e+00
1.414564895265190358e+00
1.512984659209784866e+00
1.664809430360755016e+00
1.822228523276383072e+00
1.994179092531616959e+00
2.162600922456885399e+00
2.330245719174154573e+00
2.500632678668676334e+00
2.669964215583974010e+00
2.846702393405177389e+00
3.024428629106697741e+00
3.201509452967318481e+00
3.388029984467543443e+00
3.557203708083672922e+00
3.737604932160447646e+00
3.915044510142379863e+00
4.088415213401198400e+00
4.259788160126547041e+00
4.420321583846838820e+00
4.591168748685753087e+00
4.756993241934093675e+00
4.937680945380112263e+00
5.096971284688361692e+00
5.258114726680684470e+00
5.418884379828504905e+00
5.581619163069557743e+00
5.750242564535806622e+00
5.913804387233177806e+00
6.062041691842633639e+00
