9.741037186328551201e+00
9.741037186328551201e+00
9.301286840437457570e+00
9.301286840437457570e+00
8.922925005744492211e+00
8.922925005744492211e+00
8.568568272478593428e+00
8.568568272478593428e+00
8.231650138839686548e+00
8.231650138839686548e+00
7.882059318339715404e+00
7.882059318339715404e+00
7.585825421650172373e+00
7.585825421650172373e+00
7.285157267487162080e+00
7.146164485297379798e+00
6.910026128703464110e+00
6.771883293108857060e+00
6.579659546244373658e+00
6.356192687373660277e+00
6.162644350755568823e+00
5.871904978496073291e+00
5.607762087506782400e+00
5.318289598415168129e+00
5.041003621059214623e+00
4.834518959772749369e+00
4.582900205981492725e+00
4.522343504904100975e+00
4.267036512551700689e+00
4.004055948716369606e+00
3.733000843034417038e+00
3.384515401490372888e+00
3.094949891710017553e+00
2.828961518652354457e+00
2.807693942891815730e+00
2.628230720481798954e+00
2.457059836599237101e+00
2.297432955207725946e+00
2.086663470424960920e+00
1.918532347932990767e+00
1.645900974439181930e+00
1.573933654827261108e+00
1.394304734853403005e+00
1.196777640153783295e+00
9.560297951148459816e-01
8.448389012723032110e-01
6.129269933991832175e-01
3.666517969214568851e-01
3.534284126512936552e-01
2.024860977741287371e-01
3.334113367727020716e-02
-8.917404003015949598e-02
-2.046638128326945250e-01
-3.132401233664010576e-01
-4.291195905798108612e-01
-5.584395217715636406e-01
-5.915985584418441690e-01
-6.827517989837605938e-01
-7.480142378656697844e-01
-8.738922147786789552e-01
-9.038212819140341026e-01
-1.082343435570257029e+00
-1.146128558031516143e+00
-1.201211610010190611e+00
-1.270028397811447718e+00
-1.333913356286376306e+00
-1.431791654386476154e+00
-1.512717317431699904e+00
-1.624278056372238765e+00
-1.708531876168002839e+00
-1.819937048729014073e+00
-1.906012997553248489e+00
-2.000241328477041947e+00
-2.058138559191694306e+00
-2.157526066926484631e+00
-2.268420296111047563e+00
-2.385921087241570149e+00
-2.476373561002435331e+00
-2.585837605105143489e+00
-2.696461136225016375e+00
-2.812465541248323042e+00
-2.926511219946539732e+00
-3.052470429589218881e+00
-3.177716137125755402e+00
-3.279882765867614403e+00
-3.406591866404830249e+00
-3.482985010211216981e+00
-3.585624817178124424e+00
-3.663820519350375449e+00
-3.738769033704787859e+00
-3.827468977642328518e+00
-3.903347168847652426e+00
-3.974280945443282143e+00
-4.034602351497512451e+00
-4.084559127109607779e+00
-4.145199436800036885e+00
-4.190518592696831135e+00
-4.266094759592545138e+00
-4.298834587382907024e+00
-4.369875091270849055e+00
-4.421654858640366115e+00
-4.481927876970628333e+00
-4.536889341158301114e+00
-4.587148452528186482e+00
-4.634376478671518029e+00
-4.695100763777695363e+00
-4.729599401838341599e+00
-4.764502669707058935e+00
-4.783098603377087699e+00
-4.785427064074450954e+00
-4.778238069679497713e+00
-4.744638816564463291e+00
-4.679859409835189332e+00
-4.585990767797835765e+00
-4.502679491252374433e+00
-4.466127640720912062e+00
-4.400620456540180747e+00
-4.330500027600342250e+00
-4.251462594182098265e+00
-4.163935493643257324e+00
-4.079294670085378272e+00
-3.997711092537934441e+00
-3.916890230158945663e+00
-3.835223745325224698e+00
-3.752702158563477219e+00
-3.666737883154550737e+00
-3.582920570593461029e+00
-3.500851240263427755e+00
-3.416573593761252248e+00
-3.378021418802719111e+00
-3.296142955643360573e+00
-3.204508552442500324e+00
-3.116633479729177481e+00
-3.026156010779905259e+00
-2.932686727974024521e+00
-2.850340934761359080e+00
-2.796021356856005724e+00
-2.720647000081904743e+00
-2.673702530018403856e+00
-2.581892820574083203e+00
-2.544629800443353851e+00
-2.496600010815190451e+00
-2.452573540641584948e+00
-2.410977979214874445e+00
-2.385347252945125618e+00
-2.339893377698609278e+00
-2.328636791473167378e+00
-2.299389023359024620e+00
-2.278012854071291393e+00
-2.279341414991715276e+00
-2.248155272432635243e+00
-2.227063769296679041e+00
-2.248565139705048566e+00
-2.231670042345930582e+00
-2.230102609739552655e+00
-2.234981438247755747e+00
-2.244812359238339994e+00
-2.231477181051389813e+00
-2.223348064155849180e+00
-2.213832087401106818e+00
-2.214812335265259335e+00
-2.189510435527374455e+00
-2.164637889933720416e+00
-2.158432847467811833e+00
-2.144293564477008474e+00
-2.101286647268510777e+00
-2.069702738299186606e+00
-2.046000077139545681e+00
-2.021963572481588756e+00
-1.981055680079033543e+00
-1.946374760932231496e+00
-1.933356968450360647e+00
-1.901597852474282035e+00
-1.873879502142407283e+00
-1.858277018868210284e+00
-1.827156378017761540e+00
-1.815082939966172759e+00
-1.802451058996568989e+00
-1.790171430234517302e+00
-1.780852630163605177e+00
-1.775322883824118847e+00
-1.773495921661880637e+00
-1.768728065354383538e+00
-1.759651212448567037e+00
-1.751971678205806349e+00
-1.744173593972567993e+00
-1.732092702846641963e+00
-1.718427723123445716e+00
-1.704207715641597787e+00
-1.687952343395437538e+00
-1.668574359937531781e+00
-1.649012207580335954e+00
-1.626142979909187325e+00
-1.599387935037468900e+00
-1.573780301895992828e+00
-1.544022824945112227e+00
-1.514564009315799709e+00
-1.475971747793560773e+00
-1.443271153677874175e+00
-1.405097714436061906e+00
-1.366860387917857800e+00
-1.323818895755529468e+00
-1.277601681216582463e+00
-1.229600017799516110e+00
-1.177269145644570969e+00
-1.124449197961804536e+00
-1.068767197738964114e+00
-1.011214050873993742e+00
-9.500448921498447774e-01
-8.888528183993997800e-01
-8.244641008897213297e-01
-7.552554539924800636e-01
-6.868578076834683799e-01
-6.147019172311547486e-01
-5.386368769557217107e-01
-4.627878033197649899e-01
-3.832173968443157719e-01
-3.016097369476251622e-01
-2.224375551978705623e-01
-1.365267705960211408e-01
-4.773377113143073558e-02
5.022349427906291908e-02
1.401160554146336779e-01
2.341217448706585103e-01
3.259937322407147064e-01
4.284340891625317838e-01
5.263394087988007009e-01
6.388049192878546556e-01
7.461460670255650740e-01
8.465315201055516603e-01
9.609044008869260800e-01
1.071548370867569044e+00
1.179017102333524747e+00
1.292325941804250977e+00
1.403656480654596805e+00
1.518794163105650963e+00
1.618255570239271357e+00
1.734222659197957039e+00
1.832553557363808761e+00
1.940618460471196460e+00
2.020025982452992253e+00
2.099294009871814470e+00
2.171050853239378853e+00
2.223597022724714822e+00
2.288927903297325983e+00
2.345947230616936885e+00
2.392328613815628557e+00
2.432621844602950389e+00
2.445583841564373806e+00
2.452062187512976443e+00
2.460434889998256658e+00
2.500624793691917702e+00
2.520330819886765994e+00
2.505278376670020180e+00
2.515629553733285562e+00
2.533419993727560549e+00
2.555036182422570690e+00
2.590858679504581374e+00
2.633029888859030887e+00
2.683889031942225056e+00
2.745911296062042428e+00
2.833486240678764645e+00
2.948569972740484602e+00
3.026612133944612815e+00
3.132204892903776905e+00
3.229515163643410958e+00
3.366711517091918182e+00
3.502522269992539350e+00
3.636388397748653301e+00
3.812103296307278288e+00
3.942503807871807098e+00
4.109131976940312292e+00
4.283284654390432600e+00
4.465585184781657446e+00
4.661463652521208978e+00
4.827688687798302070e+00
5.004045738930429366e+00
5.226011391984735965e+00
5.423433984617114234e+00
5.641316959545587650e+00
5.871746972951637389e+00
6.143356167984194371e+00
6.352732583848880843e+00
6.614846421000112997e+00
6.867464886276916758e+00
7.116187402828932917e+00
7.372980414078919686e+00
7.650702552285850722e+00
7.938741684503549223e+00
8.233686924553191844e+00
8.508907428622691782e+00
8.728403617269275827e+00
8.970423781282640618e+00
9.185698716575831924e+00
9.395767699441679000e+00
9.603014653048855820e+00
9.806363233838816029e+00
1.001606274232777949e+01
1.022665640697028522e+01
1.043191294110092571e+01
1.064237429402578528e+01
1.084468709755794613e+01
1.105218987379467599e+01
1.125812077653328913e+01
1.145398060145137542e+01
1.165572943898053282e+01
1.184930168915063220e+01
1.204462675083015100e+01
1.223466102647241449e+01
1.242069934983584290e+01
1.261050211720354142e+01
1.280622524023904063e+01
1.298659501854902132e+01
1.317035316127029887e+01
1.333833479156056612e+01
1.351674987183489662e+01
1.369867065594301536e+01
1.386063737565788045e+01
