9.830394592182072344e+00
9.830394592182072344e+00
9.400337929733046494e+00
9.400337929733046494e+00
9.018317325633207204e+00
9.018317325633207204e+00
8.665417451971796581e+00
8.665417451971796581e+00
8.316337083641995420e+00
8.316337083641995420e+00
8.000883340443090574e+00
8.000883340443090574e+00
7.725109124664412796e+00
7.725109124664412796e+00
7.443409395094098713e+00
7.290516794429105829e+00
7.075406803045314774e+00
6.901382802654334014e+00
6.715630669877208803e+00
6.330554497823926319e+00
6.070862410773542273e+00
5.756193512654300903e+00
5.515973342294538284e+00
5.230755981795864429e+00
4.964646288334604307e+00
4.733227521386804248e+00
4.557837693675501178e+00
4.301441439945903333e+00
4.017413818901108158e+00
3.735014173888629330e+00
3.392569164181550079e+00
3.149608612771277905e+00
2.936288324057243493e+00
2.742185897474926470e+00
2.598314895097312061e+00
2.438422658349444383e+00
2.287213733546301420e+00
2.124055792675562770e+00
1.953385905517277088e+00
1.748669203675416561e+00
1.578125258268282316e+00
1.402713748011348294e+00
1.246817923383277460e+00
1.036802489879489642e+00
8.657679617443045927e-01
6.734616228426286710e-01
4.728497306016334889e-01
4.021914009105271859e-01
2.627230181554365274e-01
1.289775141194349217e-01
7.706096522951177974e-03
-1.306425851087764656e-01
-2.507343955233958255e-01
-3.480276819869150273e-01
-4.209185200386267312e-01
-5.140911241569527945e-01
-5.968099477180173196e-01
-6.519764258805862411e-01
-7.125208923481203271e-01
-7.478586603466679250e-01
-7.563806804486414848e-01
-7.705979915968672600e-01
-7.540839623279174120e-01
-7.808784327103008849e-01
-1.292202399594824413e+00
-1.312635821082690946e+00
-1.337529733108564045e+00
-1.412600039407482022e+00
-1.707899416138086934e+00
-1.741317137874368370e+00
-1.796304742494111650e+00
-1.864529167879380722e+00
-1.957792663314355863e+00
-2.052207422524568337e+00
-2.181020993526392893e+00
-2.276500013761310726e+00
-2.345128339260163841e+00
-2.457142422809137194e+00
-2.567553647140580431e+00
-2.667934160243621733e+00
-2.787699534827079439e+00
-2.914078624949665297e+00
-2.992189779368914060e+00
-3.100344136558059738e+00
-3.169440726329677993e+00
-3.230644905646319565e+00
-3.384853106733516803e+00
-3.458870953737437581e+00
-3.548167886919322278e+00
-3.619046059076484134e+00
-3.724853884663985149e+00
-3.790544814616786162e+00
-3.856278240419507952e+00
-3.912984858108091935e+00
-3.935844229416120221e+00
-4.001379690336212214e+00
-4.068207697019637692e+00
-4.124656390819075646e+00
-4.180487714166126523e+00
-4.235185585006649767e+00
-4.294701492449697788e+00
-4.352426619001589003e+00
-4.412356456339941779e+00
-4.459730002747301469e+00
-4.503942235084016588e+00
-4.551807177777810409e+00
-4.595078709770120007e+00
-4.625117608247076184e+00
-4.652623672628722673e+00
-4.657106814635768366e+00
-4.644409864122796883e+00
-4.612101999173586542e+00
-4.552411472525601965e+00
-4.476432191904480717e+00
-4.392889058505045519e+00
-4.359202758128057020e+00
-4.296542173879363880e+00
-4.220566658884082223e+00
-4.147118537190676690e+00
-4.056542723207842371e+00
-3.977510684247619999e+00
-3.895583416087885276e+00
-3.816254140112556037e+00
-3.737702393288246050e+00
-3.659598847349085027e+00
-3.587464139510888828e+00
-3.493464817935488576e+00
-3.418028616433280931e+00
-3.329741190657354188e+00
-3.262740289944600747e+00
-3.183815058253113506e+00
-3.110395552391157281e+00
-3.022847065670637434e+00
-2.934618864072483291e+00
-2.837402662474896253e+00
-2.758985060110272336e+00
-2.727410803895298663e+00
-2.670956793019395370e+00
-2.609767314345930345e+00
-2.535613465640591535e+00
-2.516951849267061725e+00
-2.441659863363098815e+00
-2.420132354323119905e+00
-2.369343924044808425e+00
-2.343755313307313237e+00
-2.301750489036514580e+00
-2.280553077554810848e+00
-2.269455535804434376e+00
-2.242633768196025557e+00
-2.222403463701271065e+00
-2.196398802598686473e+00
-2.213954307685494172e+00
-2.200226822712186170e+00
-2.174564449178741476e+00
-2.155986411389602786e+00
-2.178905560035945932e+00
-2.176549824133146238e+00
-2.175248425668407926e+00
-2.160904540001207685e+00
-2.132061659523097674e+00
-2.140501203658770280e+00
-2.123706746866853123e+00
-2.076618768834851636e+00
-2.102871070866747516e+00
-2.055467290030438932e+00
-2.020874963785969314e+00
-2.005522478662943087e+00
-1.965706095768167572e+00
-1.957134023698311687e+00
-1.927866730197298928e+00
-1.901360664527407707e+00
-1.857046297555238645e+00
-1.842065259939681177e+00
-1.812086516294721505e+00
-1.792572919353688121e+00
-1.765584253498062139e+00
-1.749696428314617691e+00
-1.740583905002641707e+00
-1.731556589200264895e+00
-1.723412786253451401e+00
-1.718301399723809908e+00
-1.714542171331975950e+00
-1.710778966298688530e+00
-1.702902032741684835e+00
-1.695010787984964296e+00
-1.687682204842589684e+00
-1.674502459491374218e+00
-1.662312104003742519e+00
-1.647083361654662070e+00
-1.629815321559905605e+00
-1.609373864739586324e+00
-1.589327876567795172e+00
-1.569058714159586643e+00
-1.542207817187470908e+00
-1.517856683946447127e+00
-1.487920498376424483e+00
-1.458045262263083508e+00
-1.427239158342323400e+00
-1.391217343017938646e+00
-1.355905240336111817e+00
-1.319178795926976733e+00
-1.270451669429349728e+00
-1.225046712281200101e+00
-1.179344152057513639e+00
-1.130174539565594216e+00
-1.076268268640148129e+00
-1.019474285214754694e+00
-9.653799827919318233e-01
-9.081671842279028795e-01
-8.443572562997712083e-01
-7.807938690929425718e-01
-7.121882306674649499e-01
-6.437333277080785621e-01
-5.729168968710860455e-01
-4.993691086834086690e-01
-4.244367752789930393e-01
-3.503517675512188845e-01
-2.710052848307458184e-01
-1.870534448622667156e-01
-1.008880297541625559e-01
-1.572261255721096873e-02
7.138633935105254125e-02
1.624037463093261913e-01
2.609821624336916557e-01
3.560673415515007711e-01
4.534482446997230021e-01
5.564826898711547898e-01
6.566128492417173668e-01
7.613260187097523612e-01
8.664682133260153130e-01
9.680879329729270566e-01
1.072333222724282997e+00
1.177215820964780946e+00
1.281982965571496713e+00
1.381743587293789322e+00
1.502604106647613236e+00
1.602515466072929051e+00
1.707125125546832489e+00
1.799274636942346461e+00
1.895992608568544568e+00
1.980689096593696519e+00
2.056442760171396600e+00
2.136809415448099880e+00
2.193290399931790091e+00
2.241643824142184549e+00
2.276868136487888883e+00
2.323133643423342498e+00
2.370879739529712538e+00
2.414416928717218802e+00
2.417341158703661286e+00
2.439827003211879397e+00
2.457448396622662123e+00
2.474094207297838466e+00
2.467430579816339176e+00
2.464545305806575382e+00
2.469234168120974626e+00
2.515857702643758742e+00
2.590826817307516627e+00
2.648338847400797835e+00
2.641294390049127028e+00
2.725246128181788130e+00
2.812773745294794736e+00
2.855870512302749908e+00
2.994165604030874839e+00
3.037050793952053240e+00
3.130250343652527967e+00
3.255774958767944760e+00
3.400037055278309239e+00
3.577661054528980422e+00
3.691040320610572412e+00
3.835268200897988589e+00
3.981724828059792110e+00
4.154723354592256612e+00
4.343607677721508686e+00
4.511564396653124476e+00
4.722330088345600529e+00
4.903990432206274619e+00
5.098835387843195122e+00
5.282030710066622170e+00
5.516162289189198376e+00
5.740884902683256463e+00
5.976654895419372338e+00
6.214134365369646140e+00
6.474646904318707819e+00
6.677437387173884353e+00
6.938076625130778829e+00
7.199997217084529666e+00
7.478705143434303260e+00
7.764131043895936557e+00
8.048630292093482907e+00
8.291605192415575587e+00
8.542293556515719644e+00
8.775326533670540385e+00
8.986507957253870416e+00
9.200775978519969200e+00
9.422149410662546742e+00
9.610147468551270222e+00
9.822218116324499704e+00
1.002386557537343847e+01
1.022892641921556489e+01
1.044374717873256131e+01
1.065602309266888881e+01
1.086531439507337637e+01
1.105394278822281251e+01
1.124773579197435680e+01
1.144039708696300650e+01
1.164405653009560382e+01
1.182499504876035346e+01
1.201720775426961296e+01
1.220507863907236157e+01
1.238883527046549915e+01
1.256616962542220861e+01
1.275366190516981391e+01
1.293539959050082899e+01
1.312072490029058969e+01
1.329118748267898553e+01
1.346853168154899905e+01
1.363286749356056227e+01
