9.588099705613339907e+00
9.588099705613339907e+00
9.064566053104927690e+00
8.800902758574734364e+00
8.800902758574734364e+00
8.394620931685045306e+00
8.394620931685045306e+00
8.010311267184377471e+00
8.010311267184377471e+00
7.578055030749359489e+00
7.578055030749359489e+00
7.171928226838415021e+00
7.171928226838415021e+00
6.826572024577972186e+00
6.652132313891991444e+00
6.440870629308204087e+00
6.228219612764102742e+00
6.190289489959770464e+00
5.935322489519727185e+00
5.666098522786319869e+00
5.411743030468592508e+00
5.099411641810601026e+00
4.795414005692994586e+00
4.539648117502355973e+00
4.333932290604403548e+00
4.102753559919302795e+00
4.053818202872344401e+00
3.821803889590499992e+00
3.567899893188275939e+00
3.345079586489184464e+00
3.080597536253240953e+00
2.803941995303828705e+00
2.538976134757614744e+00
2.353205630656415082e+00
2.169667566189035668e+00
2.040389423826953319e+00
2.057483988518852946e+00
1.900342845260355240e+00
1.728958246796381992e+00
1.622970142386288117e+00
1.372957722088154142e+00
1.159241575648235489e+00
9.637669825705259541e-01
8.466064945447691059e-01
8.238356150072299044e-01
6.614280415780298128e-01
5.081897025158257364e-01
3.489901978855138864e-01
2.051880054808457032e-01
8.610284401512124930e-02
3.029784161514115226e-03
-1.006518298395384647e-01
-2.086708992691166387e-01
-3.006222537446756604e-01
-3.955368406576846851e-01
-4.778940994835645384e-01
-5.351955312205349813e-01
-5.926736982643943108e-01
-6.579122151168341759e-01
-7.035215510998602539e-01
-7.255649887812634091e-01
-7.520341883221774992e-01
-7.557060331795248942e-01
-7.498484163710203987e-01
-7.170766483324912954e-01
-7.374934463495161907e-01
-7.212212294144197955e-01
-7.479052092264648621e-01
-7.268325901211154516e-01
-8.343182361822734094e-01
-8.580109819927601578e-01
-8.317019267091652068e-01
-1.733235009397701809e+00
-1.776873905790483654e+00
-1.840623587162932395e+00
-1.876075344504233300e+00
-1.933893799109303480e+00
-2.221979987088638531e+00
-2.321558057230353356e+00
-2.393343424878739967e+00
-2.453858021354180963e+00
-2.585500708698439176e+00
-2.676633401492817477e+00
-2.847148108389101928e+00
-2.951383627307668789e+00
-3.129796610188718020e+00
-3.218652893364101431e+00
-3.282963030095792156e+00
-3.417367598717878430e+00
-3.501470487962849099e+00
-3.603941176961573234e+00
-3.693344852135806988e+00
-3.763870988062466338e+00
-3.839925561595321390e+00
-3.910779741198117776e+00
-3.971288590822640074e+00
-4.032036620210097233e+00
-4.102116591902935205e+00
-4.170963038601998463e+00
-4.234127089174677394e+00
-4.309911356672949445e+00
-4.373797287535070133e+00
-4.433909112062996094e+00
-4.499178862918022048e+00
-4.557822641539931219e+00
-4.607034505250641843e+00
-4.660675777232419215e+00
-4.697694872890550322e+00
-4.733064827492740712e+00
-4.741433944824358981e+00
-4.723657328994731230e+00
-4.694580832421294758e+00
-4.636811130097501454e+00
-4.553961700636645737e+00
-4.484199481319930847e+00
-4.454734444659423254e+00
-4.385957207021666804e+00
-4.309676605578225406e+00
-4.240544402268654700e+00
-4.152902908545539340e+00
-4.069999399341839741e+00
-3.988846629189719550e+00
-3.918108898149614383e+00
-3.838413250462220816e+00
-3.760785320632900941e+00
-3.682643587087129688e+00
-3.601131519830025773e+00
-3.526282973429538004e+00
-3.459074275624007377e+00
-3.388856464504837795e+00
-3.320899153615389565e+00
-3.228148352392834930e+00
-3.132616387995445173e+00
-3.037528642681959212e+00
-2.957967731398720268e+00
-2.868528953781756208e+00
-2.850663875300936567e+00
-2.789057395144741491e+00
-2.728464015559232791e+00
-2.650347666703986249e+00
-2.599836450029662238e+00
-2.560419437781374263e+00
-2.514462121118826055e+00
-2.502513161074240600e+00
-2.428542932995595649e+00
-2.436716622177100611e+00
-2.387100096909592573e+00
-2.383978127104652955e+00
-2.362191309115339699e+00
-2.335373333320140965e+00
-2.312380481592519743e+00
-2.311581263951949516e+00
-2.330006113687963953e+00
-2.310417651249158766e+00
-2.305746338068081158e+00
-2.301016849502449446e+00
-2.309450169151473276e+00
-2.306437997222990255e+00
-2.293083907603115534e+00
-2.281651738255289885e+00
-2.250090384304042956e+00
-2.251884597003161126e+00
-2.223894895925503157e+00
-2.213632997445674100e+00
-2.175650911724889447e+00
-2.134704601254061807e+00
-2.122628393918073009e+00
-2.085289426469801199e+00
-2.064914261623796321e+00
-2.037879364155622319e+00
-2.000289169478771001e+00
-1.970012194515270210e+00
-1.936795267089177486e+00
-1.905846895975645161e+00
-1.878825783480964517e+00
-1.856412805524278120e+00
-1.840793138307041943e+00
-1.829571521897174868e+00
-1.818491546716534124e+00
-1.810171058335888539e+00
-1.809053346411843677e+00
-1.802098856255561543e+00
-1.796762158528066422e+00
-1.789347202168540818e+00
-1.781750936467464186e+00
-1.772140176620553120e+00
-1.760704971928223728e+00
-1.748516644873632231e+00
-1.734833030598093018e+00
-1.715683947955546351e+00
-1.699198555171811620e+00
-1.679947914704938761e+00
-1.655469973295608632e+00
-1.631424924486226224e+00
-1.603480055256876646e+00
-1.576007729238971145e+00
-1.543808377895611095e+00
-1.509403484926081340e+00
-1.473858616709050828e+00
-1.435318626068887049e+00
-1.397185549324316156e+00
-1.353701683200341677e+00
-1.307473842973754685e+00
-1.259469047967696653e+00
-1.208030809601319255e+00
-1.152514888044052555e+00
-1.100005806998465729e+00
-1.041443379252410040e+00
-9.806473119069014643e-01
-9.169257677548117158e-01
-8.483434335601955922e-01
-7.795964360270657423e-01
-7.149302639198227283e-01
-6.406613390362636551e-01
-5.655676881165834224e-01
-4.892041316623254588e-01
-4.056791034920137484e-01
-3.225455313640321897e-01
-2.371399585567410817e-01
-1.506634650493525740e-01
-5.923501217271409658e-02
3.566063679067132952e-02
1.248710101632748426e-01
2.186089383744160841e-01
3.155523895051266514e-01
4.153833314375159347e-01
5.195371605622089994e-01
6.294021867107746360e-01
7.278413795490670246e-01
8.341437622240888139e-01
9.401302857834745730e-01
1.054292999759715244e+00
1.157187175781093647e+00
1.265938743549295697e+00
1.366489521874493018e+00
1.477571961392911692e+00
1.589297109699797428e+00
1.706732939875102772e+00
1.808960329182963012e+00
1.892477170945036535e+00
1.985886725147351761e+00
2.064705790851991019e+00
2.133469974026750204e+00
2.191115348052461442e+00
2.255023860675606784e+00
2.300998857690656152e+00
2.347823429606921142e+00
2.374806821426020065e+00
2.398531791725513784e+00
2.415529055379111778e+00
2.430055151890338827e+00
2.439663942553836229e+00
2.451652990685440514e+00
2.452987724192071894e+00
2.483677891826409301e+00
2.504255087154853676e+00
2.535452020231671710e+00
2.580403931082813074e+00
2.592871735718621728e+00
2.643568399697159066e+00
2.688113475957019993e+00
2.789897756922268712e+00
2.876751738006659842e+00
2.980002484167182608e+00
3.086411465195025627e+00
3.201016283847940791e+00
3.324251829024553295e+00
3.486494985702204286e+00
3.621318193992061563e+00
3.779393768358331407e+00
3.998380262530322860e+00
4.114283068388742137e+00
4.297109363537829907e+00
4.496084509201090817e+00
4.700524864878416587e+00
4.889570576688770487e+00
5.054249118083133929e+00
5.331983880252662011e+00
5.534710069728598469e+00
5.760401662779523591e+00
6.001316849512353002e+00
6.228450500342900931e+00
6.497126505621076298e+00
6.747098767232587946e+00
6.975393653762463231e+00
7.246088770535498824e+00
7.520908570012782235e+00
7.824284171173333746e+00
8.103151361045163981e+00
8.405061595579825351e+00
8.677630310445231032e+00
8.945714162334233777e+00
9.175507978332376524e+00
9.400639595989016328e+00
9.614849818773054224e+00
9.842963489463301130e+00
1.009710463237252931e+01
1.031466274728398957e+01
1.054194354207041329e+01
1.075047730138563296e+01
1.098044012519136103e+01
1.118876131333103707e+01
1.141265609469761522e+01
1.161954138430789385e+01
1.183957311153213432e+01
1.205263414695287594e+01
1.224773930889414686e+01
1.245830196251386113e+01
1.266422932191384731e+01
1.286830215463026406e+01
1.306510451418215624e+01
1.326446773094324882e+01
1.346420509242019037e+01
1.366442223172076709e+01
1.385974173739060689e+01
1.405331107543791092e+01
1.424379640401095770e+01
1.441775304279016545e+01
