9.121324220306142649e+00
9.121324220306142649e+00
8.746369032993840165e+00
8.746369032993840165e+00
8.373652801208606888e+00
8.373652801208606888e+00
8.045299854872054013e+00
8.045299854872054013e+00
7.730685300317467146e+00
7.730685300317467146e+00
7.407016055503957475e+00
7.407016055503957475e+00
7.091359093335921848e+00
7.091359093335921848e+00
6.776568243592343777e+00
6.596901130297069038e+00
6.455496510835666335e+00
6.251172965419822702e+00
6.438881716131858113e+00
6.214446770198257752e+00
5.965865664242779864e+00
5.749918182316772430e+00
5.497250654718897955e+00
5.244034799878346753e+00
4.872296402614544775e+00
4.644673902492719719e+00
4.386290809313846850e+00
4.153344843174979317e+00
3.882682258857766300e+00
3.582495601760931514e+00
3.273914933998986143e+00
2.956070709883680259e+00
2.705160890370701843e+00
2.464531492827686243e+00
2.254780766914861623e+00
1.987782880287601195e+00
2.174588850740347468e+00
2.012631045029548815e+00
1.876552055632910943e+00
1.736032191166011707e+00
1.583912877633874672e+00
1.436099830544593559e+00
1.219059134151588175e+00
1.051996476197268215e+00
9.030670747395790343e-01
7.439622529393465911e-01
5.920866566141302911e-01
4.399711962293180179e-01
2.935232768409523629e-01
1.407784206480231504e-01
6.080200169259697418e-03
-1.704636853270802277e-02
-1.250202824892001630e-01
-2.246698956550021720e-01
-3.275866552436612622e-01
-3.949631864229612432e-01
-4.891239841522354581e-01
-5.311644248958264924e-01
-5.683460113247260637e-01
-5.802567421855355789e-01
-6.036303413844894550e-01
-6.126365336682271234e-01
-6.119345575218098077e-01
-6.289174374904797915e-01
-8.013891546445952585e-01
-9.394228803340798351e-01
-1.022811062970638396e+00
-1.149870530327934404e+00
-1.189889669885284107e+00
-1.325912667785248189e+00
-1.400597433107214407e+00
-1.486816077337914876e+00
-1.579032133418669659e+00
-1.680681748992842728e+00
-1.774584705985893684e+00
-1.882667554138808264e+00
-1.985965225786460842e+00
-2.082269299235280258e+00
-2.181983435531122950e+00
-2.306608556720942005e+00
-2.406213786381011133e+00
-2.500759387053753002e+00
-2.605416745642982868e+00
-2.727232085256629190e+00
-2.843557509106716452e+00
-2.937351490043900171e+00
-2.998971770290041583e+00
-3.091173757698999047e+00
-3.188102910674263768e+00
-3.263964981419578137e+00
-3.339579980835260642e+00
-3.425441544044248054e+00
-3.489478680255490239e+00
-3.539719520460383073e+00
-3.614782760495988789e+00
-3.678487807811406718e+00
-3.750023099688057471e+00
-3.828602568789888139e+00
-3.884297870414668452e+00
-3.948368691573602263e+00
-4.014340480541632061e+00
-4.076088638782113804e+00
-4.135969924364368389e+00
-4.213758675334395853e+00
-4.267265640457299725e+00
-4.323436374245630098e+00
-4.373513401063619632e+00
-4.417802295660336220e+00
-4.452150077872802925e+00
-4.454665363252762411e+00
-4.449167131783673845e+00
-4.432330455669322156e+00
-4.377623331301766285e+00
-4.293404631634440527e+00
-4.216100746699623869e+00
-4.195672137509386168e+00
-4.147856579751973527e+00
-4.073652229266794045e+00
-3.997948453538593405e+00
-3.921344162966978075e+00
-3.852675241818926288e+00
-3.773976377132863824e+00
-3.696510092075954823e+00
-3.628186157321676042e+00
-3.546978115824280131e+00
-3.474865020987635056e+00
-3.403714398618914672e+00
-3.330340019926500972e+00
-3.254159434691882957e+00
-3.189098172680220777e+00
-3.111241465033223186e+00
-3.017306494873578160e+00
-2.931072578020814667e+00
-2.851224976755518448e+00
-2.793794757955955887e+00
-2.735934049862946082e+00
-2.678205504747771748e+00
-2.601518942623996189e+00
-2.552012232882836962e+00
-2.504287651642576051e+00
-2.434943698870217332e+00
-2.371780394673224990e+00
-2.362890689420664714e+00
-2.322193249580757346e+00
-2.297791818579520751e+00
-2.243538381300626661e+00
-2.264187675879280270e+00
-2.211986085508132582e+00
-2.171186255200545645e+00
-2.203562575743958085e+00
-2.192378551845248325e+00
-2.177434708726006640e+00
-2.168116879604089497e+00
-2.162609670582371635e+00
-2.141980291958896387e+00
-2.175838498824622214e+00
-2.190221073493194837e+00
-2.178649672749314981e+00
-2.157611901174200320e+00
-2.112386554675948602e+00
-2.113841373066420282e+00
-2.094435138921578066e+00
-2.069614931415085124e+00
-2.073632169246239165e+00
-2.046803101410004544e+00
-2.017743363779094246e+00
-1.997092316867627559e+00
-1.929400259313855948e+00
-1.918723342249754715e+00
-1.889246828431629055e+00
-1.856640666518898364e+00
-1.818751360585922683e+00
-1.809406939596710728e+00
-1.781093008507268038e+00
-1.759196907301902257e+00
-1.738754545848233413e+00
-1.720786525785586996e+00
-1.714013527505218626e+00
-1.702071229495540017e+00
-1.696986789156811781e+00
-1.693999696574290503e+00
-1.688980432313533342e+00
-1.683071156763953802e+00
-1.675131084304584128e+00
-1.668117619527603956e+00
-1.657964513087222258e+00
-1.645270589751911317e+00
-1.635897636881240125e+00
-1.621835351925240865e+00
-1.605063334092323046e+00
-1.590187225079046307e+00
-1.571376784039701491e+00
-1.548124321800517400e+00
-1.525050623739838684e+00
-1.500228160109227993e+00
-1.475149590871124516e+00
-1.446249363766725970e+00
-1.412425975670555722e+00
-1.382661536571005101e+00
-1.343472664828674112e+00
-1.302580800200802358e+00
-1.258509799117335959e+00
-1.214108571204467246e+00
-1.170962559862598340e+00
-1.121993573491563367e+00
-1.073882836637447546e+00
-1.017794379338156752e+00
-9.635575760380383770e-01
-9.047336956848641698e-01
-8.491101428447862531e-01
-7.851154965608224678e-01
-7.148588973755556353e-01
-6.529324570004626516e-01
-5.828674477961164335e-01
-5.101198142099772070e-01
-4.379975580605619534e-01
-3.625156650505223510e-01
-2.796279463489943495e-01
-1.950910544062147700e-01
-1.128203168857466743e-01
-3.065582852862602792e-02
5.876826143930324875e-02
1.479434638200478602e-01
2.327835322827427333e-01
3.255472212335779325e-01
4.202038420543434682e-01
5.209379671716107829e-01
6.146906468875168450e-01
7.200736848900479714e-01
8.185755461269343947e-01
9.192179809866130036e-01
1.034310431712750056e+00
1.133346851376479059e+00
1.236097760442745663e+00
1.326136025570884280e+00
1.434722041058264175e+00
1.538917399294199129e+00
1.644903448233376864e+00
1.741308584909943447e+00
1.833126597548399905e+00
1.906127307071921573e+00
1.984090932489860792e+00
2.050083235794545544e+00
2.115147511905361988e+00
2.154873389624397895e+00
2.192947003053183685e+00
2.223574629774788480e+00
2.234566014051716287e+00
2.254316716983185032e+00
2.277363951508411866e+00
2.301065021026949431e+00
2.322587677117916805e+00
2.320117162669223632e+00
2.329926259079156736e+00
2.363226897459767439e+00
2.409803296205236478e+00
2.434832322233378754e+00
2.483752909258504893e+00
2.537508769504344563e+00
2.570212094077696907e+00
2.630830343948898253e+00
2.651864418511346688e+00
2.716379856109744306e+00
2.816096902057881657e+00
2.925422164985451268e+00
3.040831067479749628e+00
3.153670484915906513e+00
3.295884696496099941e+00
3.429186284648840566e+00
3.570483162398145893e+00
3.730908737661112973e+00
3.872678945844576504e+00
4.074810351330327762e+00
4.228909855264920914e+00
4.397532872638612034e+00
4.601244182341293509e+00
4.756077011730648785e+00
4.963289584321914916e+00
5.204404594456292443e+00
5.414941293614532469e+00
5.637164708381891209e+00
5.850497981201369768e+00
6.103394263625977700e+00
6.358479643635669198e+00
6.587866436340612530e+00
6.843199922381575817e+00
7.104137442997300766e+00
7.378831238949678628e+00
7.660797560995691313e+00
7.933872717225433746e+00
8.208871309676634809e+00
8.460940396197258906e+00
8.695727325389912110e+00
8.906334772659345589e+00
9.128183605403350498e+00
9.341823152967521082e+00
9.553347077289576106e+00
9.767485080917783336e+00
9.963741484419056604e+00
1.018054457985859074e+01
1.038599063831745895e+01
1.059971316625994220e+01
1.081055576530145146e+01
1.098744725207973083e+01
1.118959218956490176e+01
1.138100319977522901e+01
1.158148775248616147e+01
1.175660877072461119e+01
1.196816974190265448e+01
1.216938781859522933e+01
1.236984333031042205e+01
1.255889296028333035e+01
1.273760674897178902e+01
1.292683534453436245e+01
1.311194691293660242e+01
1.328800687389236224e+01
1.346556375510618864e+01
1.362937242776016156e+01
