9.674033820173969289e+00
9.674033820173969289e+00
9.258228689688136726e+00
9.258228689688136726e+00
8.869343904848056681e+00
8.869343904848056681e+00
8.515096838682719493e+00
8.515096838682719493e+00
8.182634359957773995e+00
8.182634359957773995e+00
7.853180738180380871e+00
7.853180738180380871e+00
7.524941442114455370e+00
7.524941442114455370e+00
7.205081287886056174e+00
7.053053358341939472e+00
6.853928785225772202e+00
6.654063318658711701e+00
6.419964216768150322e+00
6.193485916797305535e+00
5.980634702422536364e+00
5.750455603417014672e+00
5.497483178610975685e+00
5.199169982766720821e+00
4.933739006811988403e+00
4.726324741454575928e+00
4.416378059719002103e+00
4.153438458615260842e+00
3.910045062410768324e+00
3.651482715197523099e+00
3.368486996806673517e+00
3.077881332501683609e+00
2.862259794796202961e+00
2.634991793988428199e+00
2.473046630619398556e+00
2.328673659562570109e+00
2.290149299871756305e+00
2.112714374124214700e+00
1.940406885131882753e+00
1.758745598706656921e+00
1.539258507093245854e+00
1.341987985538129813e+00
1.171945879930039958e+00
9.617422630401613048e-01
8.986845266938292554e-01
7.217526617109850662e-01
5.469742550711123030e-01
3.927129676582552520e-01
2.304254952004471946e-01
1.081339487279313616e-01
-3.519762358380962297e-02
-9.951351429936039494e-02
-2.179678746288136182e-01
-3.197974072263143341e-01
-4.185069104132539408e-01
-5.074533703263748308e-01
-5.852555047164722524e-01
-6.579039217352447011e-01
-7.079996212478638640e-01
-7.351105376362703225e-01
-7.516840134019941999e-01
-7.700425877328544999e-01
-7.545434085960431858e-01
-7.768207714437744826e-01
-7.608143327478069651e-01
-7.487530991347419729e-01
-7.671125850613309538e-01
-7.877015849422219773e-01
-8.726696767653514542e-01
-1.571234391593550939e+00
-1.595376915475449131e+00
-1.649241192281451163e+00
-1.666482494437397044e+00
-1.719938136765253311e+00
-1.764502341821037490e+00
-1.861061810695651353e+00
-2.252279905841662710e+00
-2.365925433238872166e+00
-2.532263449182998727e+00
-2.685117723115562072e+00
-2.662822053809026812e+00
-2.800390450225908268e+00
-2.895624319232283916e+00
-3.015645144106071207e+00
-3.116502133728260127e+00
-3.216552886292192603e+00
-3.370152026856183092e+00
-3.455749383325073865e+00
-3.525561232072028872e+00
-3.607752980714626467e+00
-3.687669823016594073e+00
-3.752000274928504631e+00
-3.838323580631100462e+00
-3.909291463623800311e+00
-3.972587959316702388e+00
-4.041661564549034580e+00
-4.084706011601292985e+00
-4.144518401812280928e+00
-4.204034966382195648e+00
-4.260077970165919936e+00
-4.333675833325357551e+00
-4.387354917726958625e+00
-4.443098976244599818e+00
-4.496172353723707715e+00
-4.553606507526403391e+00
-4.605934963410286187e+00
-4.643340222560078168e+00
-4.680131215926832233e+00
-4.700680194653661381e+00
-4.707254518996447423e+00
-4.692169185648753960e+00
-4.664748358816167340e+00
-4.602913388287567464e+00
-4.519338415386007668e+00
-4.431027950663632531e+00
-4.395428654454760498e+00
-4.339228818584335734e+00
-4.268289763672937553e+00
-4.180418786836079370e+00
-4.104853068933925542e+00
-4.016757843043785137e+00
-3.933176242536131184e+00
-3.848740130471299814e+00
-3.765278105371455908e+00
-3.686658900916431669e+00
-3.601328203287490481e+00
-3.522746668859164210e+00
-3.457964044254490332e+00
-3.381423190738511053e+00
-3.316099485361570842e+00
-3.244996300598743666e+00
-3.147343412084550707e+00
-3.080610995017011966e+00
-3.001538842941216423e+00
-2.929512394830521060e+00
-2.858279290669182515e+00
-2.759000306553965665e+00
-2.701681480221969522e+00
-2.631946479470204991e+00
-2.561029225886303884e+00
-2.557817206636881835e+00
-2.505699516601281651e+00
-2.478245671563914954e+00
-2.426192970448728836e+00
-2.402431658135763648e+00
-2.369850553532343973e+00
-2.357036982740841502e+00
-2.342854119901483401e+00
-2.308556473415324994e+00
-2.320484936292626976e+00
-2.308949297603802187e+00
-2.270236229859913912e+00
-2.270445422363640553e+00
-2.283249803550671864e+00
-2.270118683625386602e+00
-2.279633176135781980e+00
-2.291256510190955886e+00
-2.271681265031427976e+00
-2.233448040557032499e+00
-2.259485521864265323e+00
-2.255213818532436854e+00
-2.185477522479904344e+00
-2.166366928208247167e+00
-2.132644769908112359e+00
-2.115633708419013992e+00
-2.086623914073475916e+00
-2.056663224843056526e+00
-2.022567170722027186e+00
-1.987762690085753903e+00
-1.955314852111643020e+00
-1.928936974198859566e+00
-1.901263004561189796e+00
-1.874355044382594926e+00
-1.847704782825520198e+00
-1.813946740465974372e+00
-1.800596354901355056e+00
-1.785398780598406177e+00
-1.770278023134540746e+00
-1.761378788055993461e+00
-1.753866367685494865e+00
-1.749285524499273770e+00
-1.744630062748409927e+00
-1.741262767952129309e+00
-1.733437591566707070e+00
-1.725872601599784062e+00
-1.717662136152628527e+00
-1.705865578118500814e+00
-1.694844993301745539e+00
-1.677747246916312385e+00
-1.661160334689739670e+00
-1.641408694069737884e+00
-1.621157397687044366e+00
-1.601384978185980579e+00
-1.576710043948907014e+00
-1.553054364042586677e+00
-1.525838847744234172e+00
-1.491039313660635912e+00
-1.458272584639503044e+00
-1.422052983679822802e+00
-1.382697002987239188e+00
-1.343202900152910217e+00
-1.300612408978396140e+00
-1.256361117383470116e+00
-1.209585799214174529e+00
-1.160459348428093840e+00
-1.102203941079769933e+00
-1.047139436151581116e+00
-9.903780914518200973e-01
-9.312958031230849087e-01
-8.644497284740122467e-01
-8.008961191816679204e-01
-7.355921542711332251e-01
-6.646687516320559652e-01
-5.948935359779992105e-01
-5.181344368426490377e-01
-4.387309497146714143e-01
-3.642649660166061842e-01
-2.901024740938438207e-01
-2.003315634609319495e-01
-1.097015244354184738e-01
-2.291459775394200094e-02
7.864700094776422290e-02
1.716846347357519065e-01
2.709924493034274740e-01
3.611448776087584633e-01
4.549259203794693285e-01
5.537578132024449928e-01
6.559336152403925091e-01
7.580712309667996252e-01
8.744284198259877350e-01
9.815951763636565630e-01
1.083231668162315309e+00
1.198319041954585717e+00
1.307543672934111001e+00
1.416906455122659558e+00
1.524311407402037410e+00
1.633284053800529989e+00
1.736921876764965678e+00
1.835613252766580050e+00
1.926757120372719179e+00
2.016823887570888374e+00
2.083927723163355950e+00
2.156434366871735619e+00
2.215210304430477617e+00
2.269908175525132688e+00
2.316594517708736589e+00
2.374643815802334856e+00
2.428004980231611043e+00
2.449387887259494967e+00
2.446982850436729251e+00
2.474281944457623617e+00
2.474106861970776006e+00
2.491947263057967099e+00
2.487589971009525058e+00
2.490189326938986092e+00
2.489674562674368374e+00
2.519464108524229751e+00
2.531599158959761287e+00
2.602023841471037713e+00
2.678740709841700429e+00
2.737806446587377707e+00
2.827037383331961973e+00
2.909443800866159169e+00
2.979987941319350853e+00
3.051931453747745326e+00
3.124905158109393621e+00
3.346702175342590291e+00
3.493946423252808131e+00
3.549161967728609479e+00
3.702535327202877369e+00
3.850216187543884061e+00
3.985500318483758075e+00
4.184582353459038728e+00
4.364270094090641372e+00
4.540722122745856737e+00
4.775679833754160164e+00
4.965745709728374813e+00
5.183065469019866534e+00
5.373816698841295647e+00
5.629368217464446822e+00
5.853870063688899172e+00
6.028534258845615668e+00
6.264534445414897235e+00
6.521163090465398327e+00
6.755459644812601638e+00
7.034613852639718168e+00
7.288658454697670486e+00
7.549874886822205866e+00
7.827382309685708250e+00
8.106655842925556854e+00
8.384364136695158010e+00
8.644089940659545945e+00
8.867488096804118314e+00
9.047628564221016134e+00
9.269660935497654464e+00
9.476119885659668896e+00
9.689678105747590919e+00
9.899686693304699858e+00
1.011471003463482887e+01
1.029721059681679485e+01
1.050983792825961771e+01
1.071239223621292425e+01
1.092959182735459223e+01
1.112167301583568779e+01
1.130586128764854159e+01
1.150128228669513675e+01
1.170506436719630372e+01
1.190542826861024750e+01
1.210044952630354942e+01
1.228547304906973636e+01
1.247274410234271791e+01
1.264327042271649759e+01
1.284225084680722517e+01
1.302376720700065604e+01
1.320578992125068751e+01
1.338381140912744272e+01
1.356294298640612617e+01
1.372360618526391818e+01
