-0.000000000000000000e+00 -0.000000000000000000e+00 -0.000000000000000000e+00 -0.000000000000000000e+00 -0.000000000000000000e+00 -0.000000000000000000e+00 1.000000000000000000e+00
-0.000000000000000000e+00 -0.000000000000000000e+00 -0.000000000000000000e+00 -0.000000000000000000e+00 -0.000000000000000000e+00 -0.000000000000000000e+00 1.000000000000000000e+00
1.975488103926181793e-02 2.156146056950092316e-02 2.383014000952243805e-02 -2.554940525442361832e-03 1.567325853102374822e-05 -2.446662168949842453e-03 9.999938011169433594e-01
2.845988236367702484e-02 3.253741189837455750e-02 3.543062508106231689e-02 -3.628669306635856628e-03 1.190717797726392746e-03 -2.848826581612229347e-03 9.999886751174926758e-01
2.845988236367702484e-02 3.253741189837455750e-02 3.543062508106231689e-02 -3.628669306635856628e-03 1.190717797726392746e-03 -2.848826581612229347e-03 9.999886751174926758e-01
4.463278874754905701e-02 4.862801730632781982e-02 6.028671935200691223e-02 -7.459919899702072144e-03 6.335259880870580673e-03 -6.529133301228284836e-03 9.999307990074157715e-01
4.463278874754905701e-02 4.862801730632781982e-02 6.028671935200691223e-02 -7.459919899702072144e-03 6.335259880870580673e-03 -6.529133301228284836e-03 9.999307990074157715e-01
6.334141641855239868e-02 5.854216217994689941e-02 7.963830232620239258e-02 -1.191798876971006393e-02 1.343960408121347427e-02 -1.144275721162557602e-02 9.997732043266296387e-01
6.334141641855239868e-02 5.854216217994689941e-02 7.963830232620239258e-02 -1.191798876971006393e-02 1.343960408121347427e-02 -1.144275721162557602e-02 9.997732043266296387e-01
8.549930900335311890e-02 6.945562362670898438e-02 1.019584238529205322e-01 -1.723920740187168121e-02 2.183922939002513885e-02 -1.701573468744754791e-02 9.994680285453796387e-01
8.549930900335311890e-02 6.945562362670898438e-02 1.019584238529205322e-01 -1.723920740187168121e-02 2.183922939002513885e-02 -1.701573468744754791e-02 9.994680285453796387e-01
1.023954972624778748e-01 7.983549684286117554e-02 1.203504279255867004e-01 -2.203497104346752167e-02 3.233348578214645386e-02 -2.365439757704734802e-02 9.989542365074157715e-01
1.023954972624778748e-01 7.983549684286117554e-02 1.203504279255867004e-01 -2.203497104346752167e-02 3.233348578214645386e-02 -2.365439757704734802e-02 9.989542365074157715e-01
1.194444671273231506e-01 9.193002432584762573e-02 1.366118490695953369e-01 -2.585211209952831268e-02 4.302581027150154114e-02 -3.051888942718505859e-02 9.982730746269226074e-01
1.306298673152923584e-01 9.616252034902572632e-02 1.455695331096649170e-01 -2.843452058732509613e-02 4.704421758651733398e-02 -3.299915790557861328e-02 9.979426264762878418e-01
1.420739144086837769e-01 1.028525158762931824e-01 1.540065854787826538e-01 -2.979562059044837952e-02 5.029936879873275757e-02 -3.620943054556846619e-02 9.976327419281005859e-01
1.537704318761825562e-01 1.086971759796142578e-01 1.585513204336166382e-01 -3.076058067381381989e-02 5.471518263220787048e-02 -3.858896717429161072e-02 9.972817897796630859e-01
1.506725847721099854e-01 1.118051558732986450e-01 1.573558449745178223e-01 -2.901744656264781952e-02 5.844859778881072998e-02 -4.337883368134498596e-02 9.969252943992614746e-01
1.655971854925155640e-01 1.191321089863777161e-01 1.655210256576538086e-01 -2.938459441065788269e-02 6.133464723825454712e-02 -4.525523632764816284e-02 9.966577291488647461e-01
1.805818974971771240e-01 1.274608224630355835e-01 1.747211217880249023e-01 -2.984558977186679840e-02 6.433475017547607422e-02 -4.658656194806098938e-02 9.963935017585754395e-01
1.955351829528808594e-01 1.336034983396530151e-01 1.845481246709823608e-01 -3.011366538703441620e-02 6.689867377281188965e-02 -4.575488343834877014e-02 9.962551593780517578e-01
2.166727930307388306e-01 1.403002589941024780e-01 1.888129711151123047e-01 -2.939390577375888824e-02 6.764305382966995239e-02 -4.323861002922058105e-02 9.963387250900268555e-01
2.303427606821060181e-01 1.484680473804473877e-01 1.903654932975769043e-01 -2.740680240094661713e-02 7.120864093303680420e-02 -4.150251671671867371e-02 9.962207078933715820e-01
2.514642179012298584e-01 1.551951766014099121e-01 1.965705901384353638e-01 -2.668666653335094452e-02 7.069908827543258667e-02 -3.872013837099075317e-02 9.963886737823486328e-01
2.764440774917602539e-01 1.555259227752685547e-01 2.035916745662689209e-01 -2.698986418545246124e-02 6.689033657312393188e-02 -3.762501850724220276e-02 9.966853260993957520e-01
3.005183041095733643e-01 1.549073755741119385e-01 2.068984359502792358e-01 -2.596141025424003601e-02 6.550528854131698608e-02 -3.500298410654067993e-02 9.969001412391662598e-01
2.897840440273284912e-01 1.572093814611434937e-01 2.363337576389312744e-01 -2.521040104329586029e-02 6.735374033451080322e-02 -3.928360715508460999e-02 9.966367483139038086e-01
3.096353411674499512e-01 1.579078286886215210e-01 2.449448853731155396e-01 -2.474179118871688843e-02 6.733796000480651855e-02 -3.856237977743148804e-02 9.966777563095092773e-01
3.288257122039794922e-01 1.611637026071548462e-01 2.538587450981140137e-01 -2.345855720341205597e-02 6.743183732032775879e-02 -3.735870495438575745e-02 9.967482686042785645e-01
3.474632799625396729e-01 1.668311208486557007e-01 2.611042857170104980e-01 -2.260805293917655945e-02 6.779077649116516113e-02 -3.559752553701400757e-02 9.968079924583435059e-01
3.648360073566436768e-01 1.736618131399154663e-01 2.716903388500213623e-01 -2.226464822888374329e-02 6.793641299009323120e-02 -3.456102311611175537e-02 9.968423247337341309e-01
3.841786384582519531e-01 1.765045523643493652e-01 2.837049961090087891e-01 -2.275696396827697754e-02 6.757679581642150879e-02 -3.537528961896896362e-02 9.968270659446716309e-01
3.961004316806793213e-01 1.827310919761657715e-01 2.999731302261352539e-01 -2.352189272642135620e-02 6.795859336853027344e-02 -3.728398308157920837e-02 9.967138171195983887e-01
4.073094725608825684e-01 1.929477453231811523e-01 3.123114407062530518e-01 -2.404235489666461945e-02 6.723193079233169556e-02 -3.571996465325355530e-02 9.968079328536987305e-01
4.109097421169281006e-01 1.989162117242813110e-01 3.253262341022491455e-01 -2.583334222435951233e-02 6.592573225498199463e-02 -3.721042349934577942e-02 9.967957735061645508e-01
4.103536009788513184e-01 2.162033617496490479e-01 3.436230719089508057e-01 -2.490410581231117249e-02 6.638506054878234863e-02 -3.784143552184104919e-02 9.967651963233947754e-01
3.941181600093841553e-01 2.270774543285369873e-01 3.551415503025054932e-01 -2.432790771126747131e-02 6.572375446557998657e-02 -3.995662182569503784e-02 9.967407584190368652e-01
3.953009843826293945e-01 2.397782653570175171e-01 3.695038259029388428e-01 -2.440777979791164398e-02 6.564701348543167114e-02 -4.080624133348464966e-02 9.967093467712402344e-01
3.958632946014404297e-01 2.541648149490356445e-01 3.852103650569915771e-01 -2.423106878995895386e-02 6.608928740024566650e-02 -4.069774970412254333e-02 9.966889619827270508e-01
3.981325924396514893e-01 2.693438231945037842e-01 4.023071825504302979e-01 -2.389796636998653412e-02 6.540451198816299438e-02 -3.963049873709678650e-02 9.967851638793945312e-01
3.982923030853271484e-01 2.842905521392822266e-01 4.175786077976226807e-01 -2.336548455059528351e-02 6.638106703758239746e-02 -4.006062075495719910e-02 9.967160224914550781e-01
3.993330895900726318e-01 2.990626692771911621e-01 4.323349297046661377e-01 -2.291018702089786530e-02 6.741756200790405273e-02 -4.157152026891708374e-02 9.965951442718505859e-01
4.032394886016845703e-01 3.117129206657409668e-01 4.465389549732208252e-01 -2.391384914517402649e-02 6.620127707719802856e-02 -4.178860411047935486e-02 9.966440200805664062e-01
4.053145051002502441e-01 3.225113153457641602e-01 4.563689827919006348e-01 -2.362573146820068359e-02 6.700008362531661987e-02 -4.209075868129730225e-02 9.965848326683044434e-01
4.124541282653808594e-01 3.299881815910339355e-01 4.703003466129302979e-01 -2.415366284549236298e-02 6.252103298902511597e-02 -4.005762189626693726e-02 9.969469308853149414e-01
4.141282737255096436e-01 3.430172801017761230e-01 4.840992987155914307e-01 -2.477635070681571960e-02 6.250086426734924316e-02 -4.086415842175483704e-02 9.969001412391662598e-01
4.179869890213012695e-01 3.552558422088623047e-01 4.958666265010833740e-01 -2.518223971128463745e-02 6.177968904376029968e-02 -4.167822375893592834e-02 9.969012737274169922e-01
4.179965257644653320e-01 3.669393658638000488e-01 5.084633827209472656e-01 -2.528761886060237885e-02 6.315988302230834961e-02 -4.070392996072769165e-02 9.968523979187011719e-01
4.194132387638092041e-01 3.802177011966705322e-01 5.229882597923278809e-01 -2.445866912603378296e-02 6.290654093027114868e-02 -4.061599820852279663e-02 9.968926906585693359e-01
4.197772443294525146e-01 3.921071588993072510e-01 5.381904840469360352e-01 -2.472630515694618225e-02 6.256670504808425903e-02 -4.154172167181968689e-02 9.968693256378173828e-01
4.208401441574096680e-01 4.038121700286865234e-01 5.522317886352539062e-01 -2.495350502431392670e-02 6.184190884232521057e-02 -4.178627952933311462e-02 9.968985915184020996e-01
4.192731678485870361e-01 4.050912261009216309e-01 5.555173158645629883e-01 -2.467511408030986786e-02 6.410558521747589111e-02 -3.666247054934501648e-02 9.969641566276550293e-01
4.195234179496765137e-01 4.134630560874938965e-01 5.660518407821655273e-01 -2.507833950221538544e-02 6.418833881616592407e-02 -3.661431744694709778e-02 9.969505071640014648e-01
4.188003540039062500e-01 4.221917390823364258e-01 5.780582427978515625e-01 -2.529624849557876587e-02 6.434763967990875244e-02 -3.690596297383308411e-02 9.969239830970764160e-01
4.191652536392211914e-01 4.284452795982360840e-01 5.875856280326843262e-01 -2.568986266851425171e-02 6.411883234977722168e-02 -3.777477517724037170e-02 9.968961477279663086e-01
4.183063507080078125e-01 4.376241564750671387e-01 5.997158288955688477e-01 -2.506752498447895050e-02 6.438542157411575317e-02 -3.642658889293670654e-02 9.969449639320373535e-01
4.177068471908569336e-01 4.425076842308044434e-01 6.092558503150939941e-01 -2.461213991045951843e-02 6.314594298601150513e-02 -3.694358095526695251e-02 9.970166087150573730e-01
4.156776070594787598e-01 4.481196999549865723e-01 6.180083155632019043e-01 -2.422216348350048065e-02 6.426712125539779663e-02 -3.907024115324020386e-02 9.968733787536621094e-01
4.146737754344940186e-01 4.510021805763244629e-01 6.293778419494628906e-01 -2.696365490555763245e-02 6.130150705575942993e-02 -3.833508864045143127e-02 9.970183372497558594e-01
4.100031554698944092e-01 4.563730657100677490e-01 6.394687294960021973e-01 -2.608032897114753723e-02 6.285548210144042969e-02 -3.905164450407028198e-02 9.969172477722167969e-01
4.162851274013519287e-01 4.660201966762542725e-01 6.420201063156127930e-01 -8.698550984263420105e-03 5.343615636229515076e-02 -1.219396758824586868e-02 9.984589815139770508e-01
4.127917289733886719e-01 4.689699709415435791e-01 6.482765078544616699e-01 -7.582735735923051834e-03 5.417500063776969910e-02 -9.903425350785255432e-03 9.984535574913024902e-01
4.067401289939880371e-01 4.723125696182250977e-01 6.553030014038085938e-01 -6.587900221347808838e-03 5.569501966238021851e-02 -7.890759035944938660e-03 9.983949661254882812e-01
3.994179368019104004e-01 4.778168201446533203e-01 6.614775061607360840e-01 -4.377244971692562103e-03 6.209142506122589111e-02 -3.729823511093854904e-03 9.980539083480834961e-01
3.947536349296569824e-01 4.856321811676025391e-01 6.770083308219909668e-01 -4.604957997798919678e-03 5.639072135090827942e-02 -2.099707257002592087e-03 9.983960390090942383e-01
3.930895626544952393e-01 4.899356365203857422e-01 6.848945021629333496e-01 -1.271126209758222103e-03 5.411431193351745605e-02 1.474246755242347717e-02 9.984251856803894043e-01
4.003079235553741455e-01 4.981670975685119629e-01 6.913691163063049316e-01 6.534850224852561951e-03 4.075657948851585388e-02 4.369293153285980225e-02 9.981919527053833008e-01
4.094626903533935547e-01 4.990831911563873291e-01 6.999861598014831543e-01 1.683268230408430099e-03 3.494495060294866562e-03 5.346813052892684937e-02 9.985620975494384766e-01
4.082775413990020752e-01 5.083156824111938477e-01 7.092663049697875977e-01 1.080759055912494659e-02 -1.334350323304533958e-03 7.599489390850067139e-02 9.970487356185913086e-01
4.050590693950653076e-01 5.102110505104064941e-01 7.068873047828674316e-01 1.018753275275230408e-02 2.344598295167088509e-03 7.156634330749511719e-02 9.973810911178588867e-01
4.151183664798736572e-01 5.194829702377319336e-01 7.162831425666809082e-01 1.610345207154750824e-02 -1.738065294921398163e-02 1.043625846505165100e-01 9.942570924758911133e-01
4.155130684375762939e-01 5.262169241905212402e-01 7.239002585411071777e-01 1.819806918501853943e-02 -2.475317381322383881e-02 1.157766878604888916e-01 9.928000569343566895e-01
4.159497618675231934e-01 5.337566137313842773e-01 7.347288131713867188e-01 2.047462202608585358e-02 -3.435000777244567871e-02 1.271827220916748047e-01 9.910728931427001953e-01
4.149544239044189453e-01 5.405268073081970215e-01 7.438966035842895508e-01 2.276293374598026276e-02 -4.066726565361022949e-02 1.352624148130416870e-01 9.897131323814392090e-01
4.156652688980102539e-01 5.460361838340759277e-01 7.515357732772827148e-01 2.244425378739833832e-02 -4.788194596767425537e-02 1.408749073743820190e-01 9.886141419410705566e-01
4.162532687187194824e-01 5.531095266342163086e-01 7.605047225952148438e-01 2.485228702425956726e-02 -5.509247258305549622e-02 1.486503034830093384e-01 9.870411753654479980e-01
4.160722196102142334e-01 5.602760314941406250e-01 7.705540060997009277e-01 2.553897723555564880e-02 -6.047343835234642029e-02 1.544314622879028320e-01 9.858202934265136719e-01
4.156747460365295410e-01 5.678493380546569824e-01 7.808654904365539551e-01 2.698160707950592041e-02 -6.476986408233642578e-02 1.595409065485000610e-01 9.846946597099304199e-01
4.162358641624450684e-01 5.748470425605773926e-01 7.908241748809814453e-01 2.774951048195362091e-02 -6.935515999794006348e-02 1.594103574752807617e-01 9.843821525573730469e-01
4.154561460018157959e-01 5.803355574607849121e-01 8.034690618515014648e-01 2.805167064070701599e-02 -7.349894195795059204e-02 1.611855626106262207e-01 9.837836623191833496e-01
4.149330556392669678e-01 5.880185365676879883e-01 8.138759732246398926e-01 1.323321275413036346e-02 -7.981439679861068726e-02 1.582628041505813599e-01 9.840769171714782715e-01
4.139207601547241211e-01 5.955589413642883301e-01 8.243981599807739258e-01 -4.545674193650484085e-03 -8.534350991249084473e-02 1.537102311849594116e-01 9.844130277633666992e-01
4.146021008491516113e-01 6.029060482978820801e-01 8.383531570434570312e-01 -2.434092573821544647e-02 -9.116668999195098877e-02 1.484030485153198242e-01 9.844149351119995117e-01
4.144864678382873535e-01 6.099467873573303223e-01 8.486321568489074707e-01 -4.609131440520286560e-02 -9.683437645435333252e-02 1.401794850826263428e-01 9.843009710311889648e-01
4.123054444789886475e-01 6.187108755111694336e-01 8.597211837768554688e-01 -6.955531239509582520e-02 -1.016022190451622009e-01 1.319651156663894653e-01 9.835773110389709473e-01
4.088214039802551270e-01 6.301035284996032715e-01 8.768998384475708008e-01 -9.490395337343215942e-02 -1.060757562518119812e-01 1.218089982867240906e-01 9.822951555252075195e-01
4.055827856063842773e-01 6.387474536895751953e-01 8.890975713729858398e-01 -1.208821088075637817e-01 -1.100852712988853455e-01 1.103462651371955872e-01 9.803532958030700684e-01
4.026609957218170166e-01 6.460043191909790039e-01 9.004085063934326172e-01 -1.482674479484558105e-01 -1.143560111522674561e-01 9.897392988204956055e-02 9.773145318031311035e-01
3.964621722698211670e-01 6.529613733291625977e-01 9.128403663635253906e-01 -1.747613549232482910e-01 -1.186408102512359619e-01 8.623955398797988892e-02 9.736249446868896484e-01
3.945894837379455566e-01 6.641037464141845703e-01 9.329628944396972656e-01 -2.029847204685211182e-01 -1.243296116590499878e-01 7.426027208566665649e-02 9.684135913848876953e-01
3.912475407123565674e-01 6.713154315948486328e-01 9.455157518386840820e-01 -2.307283878326416016e-01 -1.288769245147705078e-01 6.195252388715744019e-02 9.624536633491516113e-01
3.867869973182678223e-01 6.788339614868164062e-01 9.593656063079833984e-01 -2.575504779815673828e-01 -1.334707587957382202e-01 5.047636851668357849e-02 9.556702375411987305e-01
3.833411335945129395e-01 6.877070665359497070e-01 9.753555655479431152e-01 -2.840714454650878906e-01 -1.385693699121475220e-01 3.965718299150466919e-02 9.479078650474548340e-01
3.788681030273437500e-01 6.957168579101562500e-01 9.897763729095458984e-01 -3.094494938850402832e-01 -1.437100172042846680e-01 2.981582283973693848e-02 9.395208954811096191e-01
3.746919929981231689e-01 7.020072340965270996e-01 1.002604722976684570e+00 -3.339039385318756104e-01 -1.491737216711044312e-01 2.041213773190975189e-02 9.305046200752258301e-01
3.698667585849761963e-01 7.101454734802246094e-01 1.016173958778381348e+00 -3.564769029617309570e-01 -1.546797603368759155e-01 1.312265358865261078e-02 9.213176369667053223e-01
3.625211417675018311e-01 7.204018831253051758e-01 1.034440755844116211e+00 -3.776036202907562256e-01 -1.596248894929885864e-01 6.726619321852922440e-03 9.120801687240600586e-01
3.570826351642608643e-01 7.282208800315856934e-01 1.049062848091125488e+00 -3.970529139041900635e-01 -1.654563993215560913e-01 2.429248299449682236e-03 9.027554392814636230e-01
3.518562912940979004e-01 7.353372573852539062e-01 1.063942551612854004e+00 -4.148056507110595703e-01 -1.718655228614807129e-01 -2.674233473953790963e-05 8.935315608978271484e-01
3.458075523376464844e-01 7.435404658317565918e-01 1.079110026359558105e+00 -4.297416210174560547e-01 -1.784808486700057983e-01 -1.337980938842520118e-04 8.851366043090820312e-01
3.404442369937896729e-01 7.515298128128051758e-01 1.095544934272766113e+00 -4.428189098834991455e-01 -1.862653940916061401e-01 2.353369724005460739e-03 8.770467638969421387e-01
3.338202536106109619e-01 7.590410113334655762e-01 1.112743139266967773e+00 -4.539848566055297852e-01 -1.940299570560455322e-01 6.756206974387168884e-03 8.696002364158630371e-01
3.275490999221801758e-01 7.668930292129516602e-01 1.128371477127075195e+00 -4.623458683490753174e-01 -2.024281471967697144e-01 1.375352125614881516e-02 8.631743788719177246e-01
3.214011788368225098e-01 7.746247053146362305e-01 1.144498705863952637e+00 -4.687675833702087402e-01 -2.117239534854888916e-01 2.252257801592350006e-02 8.572762608528137207e-01
3.141677677631378174e-01 7.824923992156982422e-01 1.162003993988037109e+00 -4.733035564422607422e-01 -2.211695313453674316e-01 3.374760970473289490e-02 8.520146012306213379e-01
3.074257969856262207e-01 7.905883789062500000e-01 1.178510665893554688e+00 -4.757536649703979492e-01 -2.310243099927902222e-01 4.663951694965362549e-02 8.474143147468566895e-01
2.996995747089385986e-01 7.980899214744567871e-01 1.194530248641967773e+00 -4.760232567787170410e-01 -2.412667274475097656e-01 6.054553017020225525e-02 8.435203433036804199e-01
2.904666960239410400e-01 8.066184520721435547e-01 1.212240695953369141e+00 -4.742076992988586426e-01 -2.517662644386291504e-01 7.597936689853668213e-02 8.402190208435058594e-01
2.818760573863983154e-01 8.135880827903747559e-01 1.229193687438964844e+00 -4.713333845138549805e-01 -2.625942230224609375e-01 9.258115291595458984e-02 8.368499875068664551e-01
2.717206180095672607e-01 8.205456733703613281e-01 1.246032953262329102e+00 -4.668526649475097656e-01 -2.731443643569946289e-01 1.105789542198181152e-01 8.337944149971008301e-01
2.599923908710479736e-01 8.271098732948303223e-01 1.262311697006225586e+00 -4.603072106838226318e-01 -2.839906513690948486e-01 1.294631063938140869e-01 8.310871720314025879e-01
2.474817633628845215e-01 8.332945108413696289e-01 1.277899265289306641e+00 -4.523844122886657715e-01 -2.948639094829559326e-01 1.490285694599151611e-01 8.283683657646179199e-01
2.331274151802062988e-01 8.392317891120910645e-01 1.292533636093139648e+00 -4.424580037593841553e-01 -3.060124814510345459e-01 1.690828055143356323e-01 8.258319497108459473e-01
2.170528769493103027e-01 8.438246250152587891e-01 1.305556058883666992e+00 -4.315658509731292725e-01 -3.167016208171844482e-01 1.893099546432495117e-01 8.231723904609680176e-01
2.002698779106140137e-01 8.501412868499755859e-01 1.317138314247131348e+00 -4.189793765544891357e-01 -3.270767629146575928e-01 2.096871137619018555e-01 8.206756114959716797e-01
1.855927705764770508e-01 8.613356351852416992e-01 1.330072045326232910e+00 -4.057208001613616943e-01 -3.375511169433593750e-01 2.305458933115005493e-01 8.174952268600463867e-01
1.705281734466552734e-01 8.678418397903442383e-01 1.343619585037231445e+00 -3.909005224704742432e-01 -3.475452363491058350e-01 2.508462369441986084e-01 8.145460486412048340e-01
1.552403569221496582e-01 8.728321790695190430e-01 1.356447577476501465e+00 -3.753280043601989746e-01 -3.573327660560607910e-01 2.710126042366027832e-01 8.111684918403625488e-01
1.401146650314331055e-01 8.774243593215942383e-01 1.369660377502441406e+00 -3.590134382247924805e-01 -3.671720921993255615e-01 2.909971475601196289e-01 8.072265982627868652e-01
1.253697276115417480e-01 8.815101981163024902e-01 1.381191730499267578e+00 -3.418962955474853516e-01 -3.759351074695587158e-01 3.103933036327362061e-01 8.033902049064636230e-01
1.114923357963562012e-01 8.842105865478515625e-01 1.391671419143676758e+00 -3.243143260478973389e-01 -3.842366039752960205e-01 3.282340466976165771e-01 7.996530532836914062e-01
9.642028808593750000e-02 8.878199458122253418e-01 1.403067469596862793e+00 -3.062561750411987305e-01 -3.926026523113250732e-01 3.453369140625000000e-01 7.954953312873840332e-01
8.216023445129394531e-02 8.926164507865905762e-01 1.413110971450805664e+00 -2.869049310684204102e-01 -4.006063938140869141e-01 3.620617687702178955e-01 7.912719845771789551e-01
6.913650035858154297e-02 8.962444067001342773e-01 1.422758460044860840e+00 -2.678368091583251953e-01 -4.079070687294006348e-01 3.779154121875762939e-01 7.868006825447082520e-01
5.502331256866455078e-02 9.000537395477294922e-01 1.432117938995361328e+00 -2.471719980239868164e-01 -4.157692193984985352e-01 3.906918466091156006e-01 7.831998467445373535e-01
4.252111911773681641e-02 9.036006927490234375e-01 1.440490365028381348e+00 -2.259952276945114136e-01 -4.230086207389831543e-01 4.023190736770629883e-01 7.798265218734741211e-01
2.963280677795410156e-02 9.071461558341979980e-01 1.447981119155883789e+00 -2.050677239894866943e-01 -4.293350875377655029e-01 4.136940836906433105e-01 7.761932015419006348e-01
1.832747459411621094e-02 9.103027582168579102e-01 1.455449581146240234e+00 -1.849962174892425537e-01 -4.352833628654479980e-01 4.254078567028045654e-01 7.715781927108764648e-01
6.330132484436035156e-03 9.130053520202636719e-01 1.462127447128295898e+00 -1.647929698228836060e-01 -4.404404461383819580e-01 4.365542531013488770e-01 7.669914960861206055e-01
-4.446387290954589844e-03 9.179368019104003906e-01 1.469356060028076172e+00 -1.448951065540313721e-01 -4.460033178329467773e-01 4.480366110801696777e-01 7.611501216888427734e-01
-1.519978046417236328e-02 9.210236668586730957e-01 1.474982142448425293e+00 -1.260372996330261230e-01 -4.503945708274841309e-01 4.590488076210021973e-01 7.553367018699645996e-01
-2.627635002136230469e-02 9.230049848556518555e-01 1.478629350662231445e+00 -1.080173403024673462e-01 -4.544804394245147705e-01 4.696062505245208740e-01 7.491660714149475098e-01
-3.625869750976562500e-02 9.247348308563232422e-01 1.482855677604675293e+00 -9.093154221773147583e-02 -4.588014781475067139e-01 4.797537326812744141e-01 7.423402667045593262e-01
-4.669213294982910156e-02 9.258960485458374023e-01 1.485538363456726074e+00 -7.440625876188278198e-02 -4.617368876934051514e-01 4.897362589836120605e-01 7.358133196830749512e-01
-5.651044845581054688e-02 9.271631836891174316e-01 1.489041566848754883e+00 -5.887978151440620422e-02 -4.654590189456939697e-01 4.991180002689361572e-01 7.285344004631042480e-01
-6.690061092376708984e-02 9.294900298118591309e-01 1.491320967674255371e+00 -4.350391402840614319e-02 -4.681065380573272705e-01 5.089163184165954590e-01 7.211018800735473633e-01
-7.439363002777099609e-02 9.317568540573120117e-01 1.494299650192260742e+00 -2.840411104261875153e-02 -4.717305302619934082e-01 5.163062214851379395e-01 7.142069339752197266e-01
-8.349621295928955078e-02 9.330120682716369629e-01 1.495752334594726562e+00 -1.348773017525672913e-02 -4.742722809314727783e-01 5.228587985038757324e-01 7.081685662269592285e-01
-9.081840515136718750e-02 9.349475502967834473e-01 1.498737812042236328e+00 5.824035615660250187e-04 -4.777966141700744629e-01 5.286262631416320801e-01 7.016155123710632324e-01
-9.994590282440185547e-02 9.372316002845764160e-01 1.502150177955627441e+00 1.352486945688724518e-02 -4.808805286884307861e-01 5.346440076828002930e-01 6.947855353355407715e-01
-1.063015460968017578e-01 9.377974867820739746e-01 1.503313422203063965e+00 1.497758179903030396e-02 -4.870204031467437744e-01 5.344352722167968750e-01 6.906270980834960938e-01
-1.136318445205688477e-01 9.399124383926391602e-01 1.504696846008300781e+00 1.692696101963520050e-02 -4.926356971263885498e-01 5.350511074066162109e-01 6.861078739166259766e-01
-1.183916330337524414e-01 9.405274987220764160e-01 1.505849361419677734e+00 1.802929304540157318e-02 -4.982636868953704834e-01 5.347438454627990723e-01 6.822443604469299316e-01
-1.218190193176269531e-01 9.415661692619323730e-01 1.507920742034912109e+00 1.956059224903583527e-02 -5.044091343879699707e-01 5.344637036323547363e-01 6.778918504714965820e-01
-1.279296875000000000e-01 9.410912990570068359e-01 1.511404991149902344e+00 2.059208042919635773e-02 -5.099397301673889160e-01 5.337548255920410156e-01 6.742724776268005371e-01
-1.305698156356811523e-01 9.416389465332031250e-01 1.513144969940185547e+00 2.174517139792442322e-02 -5.148445367813110352e-01 5.338917970657348633e-01 6.703892946243286133e-01
-1.337145566940307617e-01 9.426283836364746094e-01 1.515316843986511230e+00 2.248274534940719604e-02 -5.187761187553405762e-01 5.340974926948547363e-01 6.671624779701232910e-01
-1.385655403137207031e-01 9.423094391822814941e-01 1.517619729042053223e+00 2.296941913664340973e-02 -5.224969387054443359e-01 5.340451002120971680e-01 6.642779707908630371e-01
-1.420049667358398438e-01 9.419137835502624512e-01 1.518701314926147461e+00 2.322584576904773712e-02 -5.251744985580444336e-01 5.343839526176452637e-01 6.618807911872863770e-01
-1.425681114196777344e-01 9.421451091766357422e-01 1.519391417503356934e+00 2.354780957102775574e-02 -5.274906754493713379e-01 5.344797372817993164e-01 6.599473357200622559e-01
-1.441340446472167969e-01 9.421697854995727539e-01 1.520704030990600586e+00 2.339004725217819214e-02 -5.290604233741760254e-01 5.348083376884460449e-01 6.584284305572509766e-01
-1.439058780670166016e-01 9.419097900390625000e-01 1.521234989166259766e+00 2.330661565065383911e-02 -5.296112298965454102e-01 5.346817970275878906e-01 6.580913662910461426e-01
-1.467235088348388672e-01 9.429852962493896484e-01 1.520788192749023438e+00 2.343458123505115509e-02 -5.286558866500854492e-01 5.357761979103088379e-01 6.579647660255432129e-01
-1.479465961456298828e-01 9.433563947677612305e-01 1.521383047103881836e+00 2.310307510197162628e-02 -5.276726484298706055e-01 5.365914106369018555e-01 6.581014990806579590e-01
-1.477967500686645508e-01 9.433040618896484375e-01 1.523127794265747070e+00 2.238596044480800629e-02 -5.264783501625061035e-01 5.365844368934631348e-01 6.590877771377563477e-01
-1.458585262298583984e-01 9.433985352516174316e-01 1.522786378860473633e+00 2.089966274797916412e-02 -5.237889885902404785e-01 5.372694134712219238e-01 6.607192754745483398e-01
-1.484186649322509766e-01 9.432387948036193848e-01 1.523779392242431641e+00 1.998821273446083069e-02 -5.201103687286376953e-01 5.375998020172119141e-01 6.633794307708740234e-01
-1.479579210281372070e-01 9.430165886878967285e-01 1.524037837982177734e+00 1.878165826201438904e-02 -5.150370597839355469e-01 5.377158522605895996e-01 6.672674417495727539e-01
-1.463878154754638672e-01 9.433077573776245117e-01 1.524821400642395020e+00 1.738973893225193024e-02 -5.099235177040100098e-01 5.374620556831359863e-01 6.714240908622741699e-01
-1.477364301681518555e-01 9.440218806266784668e-01 1.524910330772399902e+00 1.731665059924125671e-02 -5.030187368392944336e-01 5.365443229675292969e-01 6.773422360420227051e-01
-1.500959396362304688e-01 9.449568390846252441e-01 1.526994347572326660e+00 3.713175887241959572e-03 -5.002319216728210449e-01 5.278069972991943359e-01 6.864212155342102051e-01
-1.529459953308105469e-01 9.448688030242919922e-01 1.526966094970703125e+00 -1.128733344376087189e-02 -4.965288043022155762e-01 5.176367163658142090e-01 6.966950297355651855e-01
-1.541597843170166016e-01 9.455669522285461426e-01 1.529455542564392090e+00 -2.762009203433990479e-02 -4.925439655780792236e-01 5.064278841018676758e-01 7.072258591651916504e-01
-1.547694206237792969e-01 9.442336559295654297e-01 1.531024456024169922e+00 -4.577976465225219727e-02 -4.875542223453521729e-01 4.935211539268493652e-01 7.187712192535400391e-01
-1.569766998291015625e-01 9.443206191062927246e-01 1.533626675605773926e+00 -6.399465352296829224e-02 -4.819805324077606201e-01 4.798682034015655518e-01 7.302917242050170898e-01
-1.611523628234863281e-01 9.443711638450622559e-01 1.536663532257080078e+00 -8.350157737731933594e-02 -4.759330153465270996e-01 4.653814733028411865e-01 7.415763139724731445e-01
-1.654767990112304688e-01 9.425495862960815430e-01 1.538721561431884766e+00 -1.033866852521896362e-01 -4.683393239974975586e-01 4.491515755653381348e-01 7.538118958473205566e-01
-1.691474914550781250e-01 9.417777061462402344e-01 1.541939496994018555e+00 -1.229841411113739014e-01 -4.609988629817962646e-01 4.321322441101074219e-01 7.652559876441955566e-01
-1.737213134765625000e-01 9.410788416862487793e-01 1.545005679130554199e+00 -1.433189213275909424e-01 -4.526839256286621094e-01 4.151975810527801514e-01 7.759819626808166504e-01
-1.772319078445434570e-01 9.421269893646240234e-01 1.548588514328002930e+00 -1.629444211721420288e-01 -4.445275366306304932e-01 3.976448774337768555e-01 7.859535217285156250e-01
-1.806632280349731445e-01 9.415336251258850098e-01 1.551590085029602051e+00 -1.828874498605728149e-01 -4.356991946697235107e-01 3.795906007289886475e-01 7.953801155090332031e-01
-1.843302845954895020e-01 9.408196210861206055e-01 1.554131269454956055e+00 -2.023549824953079224e-01 -4.264589846134185791e-01 3.608217537403106689e-01 8.043586611747741699e-01
-1.883701086044311523e-01 9.407050013542175293e-01 1.556458711624145508e+00 -2.209698110818862915e-01 -4.172243475914001465e-01 3.426199257373809814e-01 8.122240304946899414e-01
-1.907783150672912598e-01 9.406302571296691895e-01 1.559057235717773438e+00 -2.394596934318542480e-01 -4.083060026168823242e-01 3.243574798107147217e-01 8.189857006072998047e-01
-1.935508847236633301e-01 9.402788281440734863e-01 1.560922145843505859e+00 -2.570128142833709717e-01 -3.993526995182037354e-01 3.061085939407348633e-01 8.250815272331237793e-01
-1.957748532295227051e-01 9.396464228630065918e-01 1.562278151512145996e+00 -2.733217775821685791e-01 -3.906899392604827881e-01 2.876900434494018555e-01 8.305968642234802246e-01
-1.975957751274108887e-01 9.393566250801086426e-01 1.563333749771118164e+00 -2.887482941150665283e-01 -3.821709454059600830e-01 2.704613506793975830e-01 8.351171016693115234e-01
-1.993484497070312500e-01 9.394851922988891602e-01 1.564274430274963379e+00 -3.028596043586730957e-01 -3.743929266929626465e-01 2.541241049766540527e-01 8.387652039527893066e-01
-2.001189589500427246e-01 9.395122528076171875e-01 1.564847707748413086e+00 -3.156841993331909180e-01 -3.674214780330657959e-01 2.388879060745239258e-01 8.415923118591308594e-01
-2.011211514472961426e-01 9.394571781158447266e-01 1.565216422080993652e+00 -3.272960484027862549e-01 -3.611478805541992188e-01 2.244404107332229614e-01 8.438460230827331543e-01
-2.016075551509857178e-01 9.397310018539428711e-01 1.565479397773742676e+00 -3.373659849166870117e-01 -3.560125529766082764e-01 2.117443829774856567e-01 8.453423380851745605e-01
-2.018340826034545898e-01 9.396098852157592773e-01 1.565780639648437500e+00 -3.461056649684906006e-01 -3.517790138721466064e-01 2.001832127571105957e-01 8.463977575302124023e-01
-2.024986445903778076e-01 9.394561052322387695e-01 1.565963506698608398e+00 -3.534976541996002197e-01 -3.482931554317474365e-01 1.897464096546173096e-01 8.471880555152893066e-01
-2.033776938915252686e-01 9.395321011543273926e-01 1.566365003585815430e+00 -3.596394658088684082e-01 -3.455146849155426025e-01 1.805339455604553223e-01 8.477538824081420898e-01
-2.042022049427032471e-01 9.393537640571594238e-01 1.566981077194213867e+00 -3.651521801948547363e-01 -3.435513377189636230e-01 1.725048869848251343e-01 8.478670716285705566e-01
-2.052845954895019531e-01 9.392178058624267578e-01 1.567509174346923828e+00 -3.696523308753967285e-01 -3.415852189064025879e-01 1.655157953500747681e-01 8.481045365333557129e-01
-2.063735425472259521e-01 9.387303590774536133e-01 1.568194031715393066e+00 -3.735109269618988037e-01 -3.401576280593872070e-01 1.586617082357406616e-01 8.482976555824279785e-01
-2.080171406269073486e-01 9.386932849884033203e-01 1.568706631660461426e+00 -3.762392103672027588e-01 -3.387044072151184082e-01 1.528325527906417847e-01 8.487436175346374512e-01
-2.095843255519866943e-01 9.385522603988647461e-01 1.569481492042541504e+00 -3.789372444152832031e-01 -3.374198377132415771e-01 1.478812843561172485e-01 8.489320278167724609e-01
-2.113422751426696777e-01 9.381239414215087891e-01 1.570456504821777344e+00 -3.813679218292236328e-01 -3.358644843101501465e-01 1.433203220367431641e-01 8.492425084114074707e-01
-2.129018902778625488e-01 9.374170303344726562e-01 1.571416616439819336e+00 -3.834702372550964355e-01 -3.339156210422515869e-01 1.392887234687805176e-01 8.497349619865417480e-01
-2.144955098628997803e-01 9.370900392532348633e-01 1.572352409362792969e+00 -3.850965201854705811e-01 -3.320090472698211670e-01 1.354891955852508545e-01 8.503606915473937988e-01
-2.167306840419769287e-01 9.366279244422912598e-01 1.573315143585205078e+00 -3.866573870182037354e-01 -3.288406431674957275e-01 1.317673027515411377e-01 8.514677882194519043e-01
-2.190153896808624268e-01 9.360172748565673828e-01 1.574428319931030273e+00 -3.882867693901062012e-01 -3.254421651363372803e-01 1.283483058214187622e-01 8.525536060333251953e-01
-2.214221656322479248e-01 9.352919459342956543e-01 1.575602173805236816e+00 -3.901230990886688232e-01 -3.208222091197967529e-01 1.246470659971237183e-01 8.540142178535461426e-01
-2.240357995033264160e-01 9.344055652618408203e-01 1.576761484146118164e+00 -3.920297026634216309e-01 -3.149996995925903320e-01 1.206637322902679443e-01 8.558786511421203613e-01
-2.270708978176116943e-01 9.336658120155334473e-01 1.577891707420349121e+00 -3.941699564456939697e-01 -3.078168034553527832e-01 1.164643317461013794e-01 8.580879569053649902e-01
-2.300119102001190186e-01 9.329708814620971680e-01 1.579137563705444336e+00 -3.965834677219390869e-01 -2.994369864463806152e-01 1.121158525347709656e-01 8.605167865753173828e-01
-2.330067753791809082e-01 9.318298101425170898e-01 1.580538749694824219e+00 -3.997592926025390625e-01 -2.894198894500732422e-01 1.069809272885322571e-01 8.631244301795959473e-01
-2.365825623273849487e-01 9.307486414909362793e-01 1.581770300865173340e+00 -4.034229516983032227e-01 -2.774479091167449951e-01 1.012178137898445129e-01 8.660413026809692383e-01
-2.401062995195388794e-01 9.296320676803588867e-01 1.583232998847961426e+00 -4.076669812202453613e-01 -2.636545896530151367e-01 9.494262933731079102e-02 8.690683841705322266e-01
-2.436041831970214844e-01 9.282577037811279297e-01 1.584516048431396484e+00 -4.122948944568634033e-01 -2.480339854955673218e-01 8.831442147493362427e-02 8.721770048141479492e-01
-2.474506199359893799e-01 9.271495342254638672e-01 1.585857152938842773e+00 -4.174451231956481934e-01 -2.305679023265838623e-01 8.028791099786758423e-02 8.752896189689636230e-01
-2.515343427658081055e-01 9.258459806442260742e-01 1.587196588516235352e+00 -4.224730134010314941e-01 -2.121269106864929199e-01 7.225071638822555542e-02 8.782361149787902832e-01
-2.556835711002349854e-01 9.243329763412475586e-01 1.588459730148315430e+00 -4.275364875793457031e-01 -1.926613897085189819e-01 6.407456845045089722e-02 8.809021711349487305e-01
-2.600819468498229980e-01 9.227752089500427246e-01 1.589750409126281738e+00 -4.325266480445861816e-01 -1.725481450557708740e-01 5.522556602954864502e-02 8.832316398620605469e-01
-2.643622159957885742e-01 9.212163090705871582e-01 1.590809822082519531e+00 -4.371633827686309814e-01 -1.517416089773178101e-01 4.688898846507072449e-02 8.852481245994567871e-01
-2.692065238952636719e-01 9.197460412979125977e-01 1.591932773590087891e+00 -4.414635896682739258e-01 -1.304433196783065796e-01 3.839384764432907104e-02 8.869162201881408691e-01
-2.741678953170776367e-01 9.182488918304443359e-01 1.592972993850708008e+00 -4.454846978187561035e-01 -1.087364777922630310e-01 2.953715994954109192e-02 8.881707787513732910e-01
-2.790440022945404053e-01 9.163188934326171875e-01 1.594045639038085938e+00 -4.490748941898345947e-01 -8.773370087146759033e-02 2.140887081623077393e-02 8.889185786247253418e-01
-2.841612696647644043e-01 9.142713546752929688e-01 1.594900131225585938e+00 -4.518190622329711914e-01 -6.724447757005691528e-02 1.342624798417091370e-02 8.894703984260559082e-01
-2.894508242607116699e-01 9.127125144004821777e-01 1.595868825912475586e+00 -4.540256857872009277e-01 -4.730504751205444336e-02 6.385819520801305771e-03 8.897090554237365723e-01
-2.946820855140686035e-01 9.105416536331176758e-01 1.596654176712036133e+00 -4.558403491973876953e-01 -2.857890911400318146e-02 -2.660165773704648018e-05 8.896026611328125000e-01
-2.999204695224761963e-01 9.084851741790771484e-01 1.597481131553649902e+00 -4.567232728004455566e-01 -1.137482933700084686e-02 -5.582066718488931656e-03 8.895186185836791992e-01
-3.058970272541046143e-01 9.064726829528808594e-01 1.598626375198364258e+00 -4.574562609195709229e-01 5.545914638787508011e-03 -9.707527235150337219e-03 8.891618847846984863e-01
-3.116543292999267578e-01 9.041150212287902832e-01 1.599311828613281250e+00 -4.568505287170410156e-01 2.059286646544933319e-02 -1.149812340736389160e-02 8.892308473587036133e-01
-3.174836039543151855e-01 9.018377065658569336e-01 1.599995851516723633e+00 -4.554282426834106445e-01 3.291426226496696472e-02 -1.322189439088106155e-02 8.895655870437622070e-01
-3.238433897495269775e-01 8.991198539733886719e-01 1.600578904151916504e+00 -4.532834887504577637e-01 4.251241311430931091e-02 -1.505395304411649704e-02 8.902248740196228027e-01
-3.302156925201416016e-01 8.963419198989868164e-01 1.601134777069091797e+00 -4.505288898944854736e-01 4.915162920951843262e-02 -1.634426601231098175e-02 8.912579417228698730e-01
-3.363158702850341797e-01 8.934139013290405273e-01 1.601817011833190918e+00 -4.474003314971923828e-01 5.204989388585090637e-02 -1.697008498013019562e-02 8.926566243171691895e-01
-3.429450988769531250e-01 8.910593986511230469e-01 1.602272391319274902e+00 -4.427932500839233398e-01 5.371518805623054504e-02 -1.397991925477981567e-02 8.949041962623596191e-01
-3.495992124080657959e-01 8.884278535842895508e-01 1.602829813957214355e+00 -4.370951354503631592e-01 5.206773057579994202e-02 -9.180915541946887970e-03 8.978599905967712402e-01
-3.567897081375122070e-01 8.855921030044555664e-01 1.603356957435607910e+00 -4.306782186031341553e-01 4.819860681891441345e-02 -3.394975559785962105e-03 9.012112617492675781e-01
-3.641681969165802002e-01 8.823021650314331055e-01 1.603826761245727539e+00 -4.234742820262908936e-01 4.191672801971435547e-02 4.190976731479167938e-03 9.049281477928161621e-01
-3.716823458671569824e-01 8.818343877792358398e-01 1.605234146118164062e+00 -4.153462350368499756e-01 3.423486649990081787e-02 1.231338083744049072e-02 9.089356064796447754e-01
-3.796415328979492188e-01 8.786140680313110352e-01 1.606089949607849121e+00 -4.065053462982177734e-01 2.403753064572811127e-02 2.171136066317558289e-02 9.130740761756896973e-01
-3.872036337852478027e-01 8.756626248359680176e-01 1.606806516647338867e+00 -3.966245651245117188e-01 1.230160240083932877e-02 3.285636752843856812e-02 9.173102378845214844e-01
-3.949536681175231934e-01 8.721257448196411133e-01 1.608171820640563965e+00 -3.865067660808563232e-01 -1.024106750264763832e-03 4.517941176891326904e-02 9.211788177490234375e-01
-4.023801386356353760e-01 8.684039115905761719e-01 1.609463453292846680e+00 -3.754876852035522461e-01 -1.542148552834987640e-02 5.789202451705932617e-02 9.248890876770019531e-01
-4.104000329971313477e-01 8.647806048393249512e-01 1.611028790473937988e+00 -3.634434938430786133e-01 -3.091412596404552460e-02 7.140772044658660889e-02 9.283610582351684570e-01
-4.185491800308227539e-01 8.611059188842773438e-01 1.612634897232055664e+00 -3.506751358509063721e-01 -4.681397601962089539e-02 8.603933453559875488e-02 9.313606619834899902e-01
-4.265085458755493164e-01 8.569290041923522949e-01 1.614774227142333984e+00 -3.379502296447753906e-01 -6.313861161470413208e-02 1.009932979941368103e-01 9.335971474647521973e-01
-4.355273544788360596e-01 8.524856567382812500e-01 1.616679310798645020e+00 -3.239903450012207031e-01 -7.942660152912139893e-02 1.162675619125366211e-01 9.355231523513793945e-01
-4.427696466445922852e-01 8.487325906753540039e-01 1.619221568107604980e+00 -3.091479241847991943e-01 -9.626734256744384766e-02 1.327664256095886230e-01 9.367674589157104492e-01
-4.514929056167602539e-01 8.451464176177978516e-01 1.622221946716308594e+00 -2.942189574241638184e-01 -1.124002635478973389e-01 1.488009244203567505e-01 9.373685121536254883e-01
-4.599804282188415527e-01 8.405250906944274902e-01 1.625509977340698242e+00 -2.790960669517517090e-01 -1.279635876417160034e-01 1.650432199239730835e-01 9.372788071632385254e-01
-4.684709906578063965e-01 8.363129496574401855e-01 1.628945589065551758e+00 -2.633374631404876709e-01 -1.427644044160842896e-01 1.819274425506591797e-01 9.365757703781127930e-01
-4.771855473518371582e-01 8.316170573234558105e-01 1.632068157196044922e+00 -2.473815083503723145e-01 -1.564646810293197632e-01 1.983684152364730835e-01 9.353989362716674805e-01
-4.851830005645751953e-01 8.279174566268920898e-01 1.635280489921569824e+00 -2.311007380485534668e-01 -1.689357757568359375e-01 2.150775641202926636e-01 9.336995482444763184e-01
-4.908511936664581299e-01 8.230822682380676270e-01 1.638515949249267578e+00 -2.156544178724288940e-01 -1.805160343647003174e-01 2.317707240581512451e-01 9.312301278114318848e-01
-4.978051185607910156e-01 8.195734620094299316e-01 1.641099929809570312e+00 -1.994279474020004272e-01 -1.892217993736267090e-01 2.481255829334259033e-01 9.289011359214782715e-01
-5.058911442756652832e-01 8.180944919586181641e-01 1.644040584564208984e+00 -1.826273351907730103e-01 -1.969296485185623169e-01 2.638880014419555664e-01 9.264065623283386230e-01
-5.118635892868041992e-01 8.149957060813903809e-01 1.646417140960693359e+00 -1.668581664562225342e-01 -2.029618471860885620e-01 2.796069979667663574e-01 9.234635233879089355e-01
-5.156073570251464844e-01 8.118324279785156250e-01 1.648751735687255859e+00 -1.521161049604415894e-01 -2.080730050802230835e-01 2.952707707881927490e-01 9.199900031089782715e-01
-5.194773077964782715e-01 8.085761070251464844e-01 1.650761246681213379e+00 -1.372822374105453491e-01 -2.121010422706604004e-01 3.103579878807067871e-01 9.164304733276367188e-01
-5.229377150535583496e-01 8.069335222244262695e-01 1.651866555213928223e+00 -1.225353032350540161e-01 -2.145602554082870483e-01 3.249004781246185303e-01 9.129012823104858398e-01
-5.254048109054565430e-01 8.027093410491943359e-01 1.653399705886840820e+00 -1.094789728522300720e-01 -2.160847783088684082e-01 3.382367491722106934e-01 9.093501567840576172e-01
-5.272046327590942383e-01 8.013867139816284180e-01 1.655608415603637695e+00 -9.644817560911178589e-02 -2.174072265625000000e-01 3.514052331447601318e-01 9.055088162422180176e-01
-5.293991565704345703e-01 7.992363572120666504e-01 1.656430602073669434e+00 -8.375415951013565063e-02 -2.171634137630462646e-01 3.636963963508605957e-01 9.019702076911926270e-01
-5.310771465301513672e-01 7.973389029502868652e-01 1.657673716545104980e+00 -7.187854498624801636e-02 -2.165560722351074219e-01 3.755618631839752197e-01 8.982707262039184570e-01
-5.314739346504211426e-01 7.958163022994995117e-01 1.658189892768859863e+00 -6.063793599605560303e-02 -2.154138535261154175e-01 3.862192630767822266e-01 8.948489427566528320e-01
-5.325536131858825684e-01 7.933919429779052734e-01 1.657998919486999512e+00 -5.014965310692787170e-02 -2.135045528411865234e-01 3.962149024009704590e-01 8.915798664093017578e-01
-5.340551137924194336e-01 7.922651767730712891e-01 1.658062100410461426e+00 -4.011968523263931274e-02 -2.111532241106033325e-01 4.056113362312316895e-01 8.884167075157165527e-01
-5.342254638671875000e-01 7.912228107452392578e-01 1.658382058143615723e+00 -3.092238493263721466e-02 -2.093059420585632324e-01 4.137398302555084229e-01 8.854683637619018555e-01
-5.338175892829895020e-01 7.898541688919067383e-01 1.659459829330444336e+00 -2.268263138830661774e-02 -2.081729322671890259e-01 4.211388230323791504e-01 8.824917078018188477e-01
-5.360602140426635742e-01 7.873888611793518066e-01 1.661013722419738770e+00 -1.564089395105838776e-02 -2.062718421220779419e-01 4.268040657043457031e-01 8.803668022155761719e-01
-5.398259758949279785e-01 7.840281128883361816e-01 1.662096261978149414e+00 -9.801955893635749817e-03 -2.039035260677337646e-01 4.315606355667114258e-01 8.786823749542236328e-01
-5.463790893554687500e-01 7.820721268653869629e-01 1.664013981819152832e+00 -4.397097509354352951e-03 -2.015474438667297363e-01 4.359432756900787354e-01 8.771048188209533691e-01
-5.523196458816528320e-01 7.812805771827697754e-01 1.665275096893310547e+00 8.006689604371786118e-04 -1.993469297885894775e-01 4.392894506454467773e-01 8.759480118751525879e-01
-5.517816543579101562e-01 7.828449606895446777e-01 1.667982101440429688e+00 4.254344850778579712e-03 -2.011532187461853027e-01 4.410663843154907227e-01 8.746312260627746582e-01
-5.575092434883117676e-01 7.804232239723205566e-01 1.670081615447998047e+00 4.377185832709074020e-03 -2.008615583181381226e-01 4.415217339992523193e-01 8.744679093360900879e-01
-5.626040697097778320e-01 7.766204476356506348e-01 1.672034144401550293e+00 4.203247372061014175e-03 -2.014459520578384399e-01 4.407091438770294189e-01 8.747442364692687988e-01
-5.682977437973022461e-01 7.725909948348999023e-01 1.675566077232360840e+00 4.455065820366144180e-03 -2.028068602085113525e-01 4.388630986213684082e-01 8.753563761711120605e-01
-5.756978392601013184e-01 7.685070037841796875e-01 1.674741029739379883e+00 4.585916642099618912e-03 -2.031440734863281250e-01 4.365365207195281982e-01 8.764402270317077637e-01
-5.812529921531677246e-01 7.661907076835632324e-01 1.677112817764282227e+00 2.598292427137494087e-03 -2.061093449592590332e-01 4.326985776424407959e-01 8.776583671569824219e-01
-5.881156325340270996e-01 7.610552906990051270e-01 1.676590561866760254e+00 -3.954068233724683523e-04 -2.089244425296783447e-01 4.278948903083801270e-01 8.793500661849975586e-01
-5.958740711212158203e-01 7.560890316963195801e-01 1.676452755928039551e+00 -4.432898946106433868e-03 -2.121356278657913208e-01 4.225495755672454834e-01 8.811531066894531250e-01
-6.058040857315063477e-01 7.498251199722290039e-01 1.673752069473266602e+00 -8.976032026112079620e-03 -2.140799164772033691e-01 4.167172610759735107e-01 8.834229111671447754e-01
-6.184742450714111328e-01 7.418520450592041016e-01 1.670352697372436523e+00 -1.411581225693225861e-02 -2.161487638950347900e-01 4.093764722347259521e-01 8.862795829772949219e-01
-6.277297735214233398e-01 7.440868616104125977e-01 1.666186809539794922e+00 -1.645296253263950348e-02 -2.203395813703536987e-01 4.038572609424591064e-01 8.877382278442382812e-01
-6.377491950988769531e-01 7.393620014190673828e-01 1.662313103675842285e+00 -2.149336598813533783e-02 -2.237602174282073975e-01 3.959487676620483398e-01 8.903337121009826660e-01
-6.396920680999755859e-01 7.262114882469177246e-01 1.664040088653564453e+00 -3.220755979418754578e-02 -2.304770648479461670e-01 3.865051865577697754e-01 8.924442529678344727e-01
-6.512181758880615234e-01 7.213270664215087891e-01 1.659989953041076660e+00 -3.790824860334396362e-02 -2.344760894775390625e-01 3.778809607028961182e-01 8.948686718940734863e-01
-6.619762182235717773e-01 7.152248620986938477e-01 1.657355904579162598e+00 -4.487981274724006653e-02 -2.388269007205963135e-01 3.692448437213897705e-01 8.969982862472534180e-01
-6.730121374130249023e-01 7.098048925399780273e-01 1.653440237045288086e+00 -5.205208063125610352e-02 -2.431149631738662720e-01 3.605481982231140137e-01 8.989942669868469238e-01
-6.850255727767944336e-01 7.038307785987854004e-01 1.650821566581726074e+00 -5.990958586335182190e-02 -2.473248243331909180e-01 3.516270220279693604e-01 9.008883237838745117e-01
-6.996290683746337891e-01 6.989814043045043945e-01 1.646403074264526367e+00 -6.673286855220794678e-02 -2.509372532367706299e-01 3.423555493354797363e-01 9.029784202575683594e-01
-7.171869874000549316e-01 6.931145787239074707e-01 1.639848947525024414e+00 -7.381312549114227295e-02 -2.529835999011993408e-01 3.333011269569396973e-01 9.052410721778869629e-01
-7.307158708572387695e-01 6.886981725692749023e-01 1.634537220001220703e+00 -8.103303611278533936e-02 -2.567039132118225098e-01 3.251718878746032715e-01 9.065319299697875977e-01
-7.444031834602355957e-01 6.834846735000610352e-01 1.628734827041625977e+00 -8.791469782590866089e-02 -2.602649629116058350e-01 3.166259527206420898e-01 9.078993797302246094e-01
-7.593264579772949219e-01 6.787884235382080078e-01 1.622337222099304199e+00 -9.416894614696502686e-02 -2.635036110877990723e-01 3.089928030967712402e-01 9.089673161506652832e-01
-7.736752033233642578e-01 6.721230745315551758e-01 1.616751432418823242e+00 -1.010460034012794495e-01 -2.665177881717681885e-01 3.017401993274688721e-01 9.097861647605895996e-01
-7.887200713157653809e-01 6.649753451347351074e-01 1.608934879302978516e+00 -1.072345748543739319e-01 -2.693559825420379639e-01 2.943940162658691406e-01 9.106483459472656250e-01
-8.031063079833984375e-01 6.562297344207763672e-01 1.601323366165161133e+00 -1.139179840683937073e-01 -2.722675502300262451e-01 2.868284583091735840e-01 9.113849997520446777e-01
-8.177156448364257812e-01 6.464673280715942383e-01 1.592887401580810547e+00 -1.210752800107002258e-01 -2.741840779781341553e-01 2.792666554450988770e-01 9.122357368469238281e-01
-8.335549831390380859e-01 6.389644145965576172e-01 1.584787607192993164e+00 -1.266977638006210327e-01 -2.764567732810974121e-01 2.727445960044860840e-01 9.127594232559204102e-01
-8.487810492515563965e-01 6.311025619506835938e-01 1.577049016952514648e+00 -1.325237452983856201e-01 -2.789088785648345947e-01 2.664914727210998535e-01 9.130331873893737793e-01
-8.652482628822326660e-01 6.217457652091979980e-01 1.568518996238708496e+00 -1.383465528488159180e-01 -2.805587053298950195e-01 2.602515816688537598e-01 9.134638309478759766e-01
-8.807325363159179688e-01 6.117712259292602539e-01 1.559639453887939453e+00 -1.443666517734527588e-01 -2.824409902095794678e-01 2.540521621704101562e-01 9.136974215507507324e-01
-8.962274789810180664e-01 6.012709736824035645e-01 1.550031065940856934e+00 -1.502328217029571533e-01 -2.843089997768402100e-01 2.484632879495620728e-01 9.137092232704162598e-01
-9.079739451408386230e-01 5.903837680816650391e-01 1.535572528839111328e+00 -1.552668511867523193e-01 -2.855628430843353271e-01 2.429507821798324585e-01 9.139589667320251465e-01
-9.174032807350158691e-01 5.777269005775451660e-01 1.519436240196228027e+00 -1.607792675495147705e-01 -2.864714860916137695e-01 2.368999272584915161e-01 9.143098592758178711e-01
-9.243089556694030762e-01 5.667589306831359863e-01 1.503624320030212402e+00 -1.659995019435882568e-01 -2.879549562931060791e-01 2.314402461051940918e-01 9.143093824386596680e-01
-9.319563508033752441e-01 5.551295280456542969e-01 1.487992286682128906e+00 -1.718120425939559937e-01 -2.889980375766754150e-01 2.262065410614013672e-01 9.142163395881652832e-01
-9.383302330970764160e-01 5.434222221374511719e-01 1.471927165985107422e+00 -1.774060428142547607e-01 -2.898203432559967041e-01 2.203410118818283081e-01 9.143200516700744629e-01
-9.445561766624450684e-01 5.297568440437316895e-01 1.455822348594665527e+00 -1.834770292043685913e-01 -2.905611097812652588e-01 2.143291682004928589e-01 9.143158197402954102e-01
-9.507359862327575684e-01 5.208585262298583984e-01 1.440078616142272949e+00 -1.877098381519317627e-01 -2.909632921218872070e-01 2.089960724115371704e-01 9.145632982254028320e-01
-9.558613300323486328e-01 5.075948238372802734e-01 1.425312638282775879e+00 -1.937639564275741577e-01 -2.914892733097076416e-01 2.024433314800262451e-01 9.146072268486022949e-01
-9.613111615180969238e-01 4.938751161098480225e-01 1.410869598388671875e+00 -1.999376416206359863e-01 -2.918395102024078369e-01 1.958218514919281006e-01 9.146084189414978027e-01
-9.656384587287902832e-01 4.794635474681854248e-01 1.396591424942016602e+00 -2.061367183923721313e-01 -2.924893200397491455e-01 1.891709119081497192e-01 9.144244790077209473e-01
-9.703303575515747070e-01 4.633109569549560547e-01 1.381940603256225586e+00 -2.129475325345993042e-01 -2.924817800521850586e-01 1.817411780357360840e-01 9.143729805946350098e-01
-9.754379987716674805e-01 4.473996162414550781e-01 1.367491483688354492e+00 -2.196093201637268066e-01 -2.921310067176818848e-01 1.740925610065460205e-01 9.143976569175720215e-01
-9.781587719917297363e-01 4.315879642963409424e-01 1.354032993316650391e+00 -2.265373617410659790e-01 -2.926770448684692383e-01 1.663670390844345093e-01 9.139710664749145508e-01
-9.816004037857055664e-01 4.156777262687683105e-01 1.340723276138305664e+00 -2.332278192043304443e-01 -2.928038239479064941e-01 1.581880152225494385e-01 9.136997461318969727e-01
-9.850752353668212891e-01 3.993785381317138672e-01 1.328404903411865234e+00 -2.405728101730346680e-01 -2.926181554794311523e-01 1.498363018035888672e-01 9.132625460624694824e-01
-9.886404871940612793e-01 3.838737010955810547e-01 1.315631031990051270e+00 -2.472185939550399780e-01 -2.922577559947967529e-01 1.412441134452819824e-01 9.129723310470581055e-01
-9.910731315612792969e-01 3.684698939323425293e-01 1.304169416427612305e+00 -2.543336451053619385e-01 -2.922839224338531494e-01 1.327114850282669067e-01 9.122895598411560059e-01
-9.944692850112915039e-01 3.508253097534179688e-01 1.291760921478271484e+00 -2.619036436080932617e-01 -2.916387319564819336e-01 1.236867606639862061e-01 9.116221666336059570e-01
-9.983198642730712891e-01 3.345025777816772461e-01 1.279461026191711426e+00 -2.690739035606384277e-01 -2.904077470302581787e-01 1.143985390663146973e-01 9.111396670341491699e-01
-1.000183463096618652e+00 3.167570531368255615e-01 1.267128586769104004e+00 -2.766794860363006592e-01 -2.901893854141235352e-01 1.054573208093643188e-01 9.100095033645629883e-01
-1.002807140350341797e+00 3.001926541328430176e-01 1.255288600921630859e+00 -2.839171588420867920e-01 -2.894020378589630127e-01 9.608910232782363892e-02 9.090678691864013672e-01
-1.005423069000244141e+00 2.835992574691772461e-01 1.244145631790161133e+00 -2.914580702781677246e-01 -2.887930870056152344e-01 8.686190098524093628e-02 9.078027009963989258e-01
-1.007680296897888184e+00 2.684542834758758545e-01 1.233300685882568359e+00 -2.982422709465026855e-01 -2.882468402385711670e-01 7.756230980157852173e-02 9.066143035888671875e-01
-1.010873556137084961e+00 2.525697648525238037e-01 1.221807241439819336e+00 -3.052901923656463623e-01 -2.872849404811859131e-01 6.812372058629989624e-02 9.053311944007873535e-01
-1.013741612434387207e+00 2.361241430044174194e-01 1.211176633834838867e+00 -3.127392530441284180e-01 -2.862514257431030273e-01 5.852043628692626953e-02 9.037863016128540039e-01
-1.016420960426330566e+00 2.185203731060028076e-01 1.199592828750610352e+00 -3.200821578502655029e-01 -2.853853106498718262e-01 4.930084571242332458e-02 9.020377397537231445e-01
-1.018920898437500000e+00 2.029148340225219727e-01 1.188547372817993164e+00 -3.268840312957763672e-01 -2.844061255455017090e-01 4.002527892589569092e-02 9.003655314445495605e-01
-1.020927548408508301e+00 1.886797547340393066e-01 1.178683757781982422e+00 -3.337145149707794189e-01 -2.835511863231658936e-01 3.091004677116870880e-02 8.984864950180053711e-01
