-0.000000000000000000e+00 -0.000000000000000000e+00 -0.000000000000000000e+00 -0.000000000000000000e+00 -0.000000000000000000e+00 -0.000000000000000000e+00 1.000000000000000000e+00
-0.000000000000000000e+00 -0.000000000000000000e+00 -0.000000000000000000e+00 -0.000000000000000000e+00 -0.000000000000000000e+00 -0.000000000000000000e+00 1.000000000000000000e+00
1.399912219494581223e-02 1.475728303194046021e-02 2.087952569127082825e-02 -3.764984430745244026e-03 2.315945166628807783e-04 -2.643426880240440369e-03 9.999893903732299805e-01
1.399912219494581223e-02 1.475728303194046021e-02 2.087952569127082825e-02 -3.764984430745244026e-03 2.315945166628807783e-04 -2.643426880240440369e-03 9.999893903732299805e-01
2.643108367919921875e-02 2.789166942238807678e-02 3.939900174736976624e-02 -8.436652831733226776e-03 4.421897232532501221e-03 -6.110346410423517227e-03 9.999359846115112305e-01
2.643108367919921875e-02 2.789166942238807678e-02 3.939900174736976624e-02 -8.436652831733226776e-03 4.421897232532501221e-03 -6.110346410423517227e-03 9.999359846115112305e-01
3.878870233893394470e-02 3.793554380536079407e-02 5.726670473814010620e-02 -1.265823468565940857e-02 1.203515939414501190e-02 -1.029628328979015350e-02 9.997944235801696777e-01
3.878870233893394470e-02 3.793554380536079407e-02 5.726670473814010620e-02 -1.265823561698198318e-02 1.203516032546758652e-02 -1.029628422111272812e-02 9.997944831848144531e-01
5.177310481667518616e-02 4.818975552916526794e-02 7.249391078948974609e-02 -1.646960712969303131e-02 2.095645666122436523e-02 -1.632846891880035400e-02 9.995113611221313477e-01
5.177310481667518616e-02 4.818975552916526794e-02 7.249391078948974609e-02 -1.646960712969303131e-02 2.095645666122436523e-02 -1.632846891880035400e-02 9.995113611221313477e-01
6.235307082533836365e-02 5.725511536002159119e-02 8.955508470535278320e-02 -2.182774990797042847e-02 3.232077881693840027e-02 -2.346345596015453339e-02 9.989637136459350586e-01
6.235307082533836365e-02 5.725511536002159119e-02 8.955508470535278320e-02 -2.182774990797042847e-02 3.232077881693840027e-02 -2.346345596015453339e-02 9.989637136459350586e-01
7.138122618198394775e-02 6.628695875406265259e-02 1.034375429153442383e-01 -2.611844055354595184e-02 4.500525444746017456e-02 -3.075783513486385345e-02 9.981715083122253418e-01
7.138122618198394775e-02 6.628695875406265259e-02 1.034375429153442383e-01 -2.611844055354595184e-02 4.500525444746017456e-02 -3.075783513486385345e-02 9.981715083122253418e-01
8.219792693853378296e-02 7.293980568647384644e-02 1.172006800770759583e-01 -3.156783804297447205e-02 5.650417879223823547e-02 -3.821991011500358582e-02 9.971710443496704102e-01
8.766518533229827881e-02 7.762981951236724854e-02 1.241540089249610901e-01 -3.315106406807899475e-02 6.243208423256874084e-02 -4.231246933341026306e-02 9.966007471084594727e-01
9.606290608644485474e-02 8.393071591854095459e-02 1.325294524431228638e-01 -3.487438708543777466e-02 6.684070080518722534e-02 -4.428965970873832703e-02 9.961699843406677246e-01
1.037882119417190552e-01 8.818758279085159302e-02 1.380978971719741821e-01 -3.654661029577255249e-02 7.165613025426864624e-02 -4.706669226288795471e-02 9.956478476524353027e-01
1.123235821723937988e-01 9.282169491052627563e-02 1.431555002927780151e-01 -3.718671947717666626e-02 7.578600198030471802e-02 -4.936123639345169067e-02 9.952070713043212891e-01
1.320040971040725708e-01 1.046574413776397705e-01 1.452204883098602295e-01 -3.066467493772506714e-02 6.865561753511428833e-02 -4.899634048342704773e-02 9.959645867347717285e-01
1.453938186168670654e-01 1.097845360636711121e-01 1.504573374986648560e-01 -3.042719513177871704e-02 7.012611627578735352e-02 -4.795992746949195862e-02 9.959198832511901855e-01
1.612896621227264404e-01 1.159106642007827759e-01 1.577849984169006348e-01 -3.013397939503192902e-02 7.010475546121597290e-02 -4.628223180770874023e-02 9.960097074508666992e-01
1.754075437784194946e-01 1.194104254245758057e-01 1.599190682172775269e-01 -2.936301939189434052e-02 7.120172679424285889e-02 -4.413186013698577881e-02 9.960525035858154297e-01
1.920636445283889771e-01 1.242302507162094116e-01 1.617640405893325806e-01 -2.822182513773441315e-02 7.132906466722488403e-02 -4.191782325506210327e-02 9.961720108985900879e-01
2.082825303077697754e-01 1.255636960268020630e-01 1.663146615028381348e-01 -2.797905914485454559e-02 7.044552266597747803e-02 -4.030483961105346680e-02 9.963082671165466309e-01
2.204361110925674438e-01 1.256799101829528809e-01 1.768765598535537720e-01 -2.746332250535488129e-02 7.152257114648818970e-02 -3.868142515420913696e-02 9.963102340698242188e-01
2.287930995225906372e-01 1.271466463804244995e-01 1.851043105125427246e-01 -2.590268105268478394e-02 7.474932819604873657e-02 -4.099901393055915833e-02 9.960225224494934082e-01
2.435964345932006836e-01 1.280534714460372925e-01 1.921858638525009155e-01 -2.556487545371055603e-02 7.454776763916015625e-02 -3.933290019631385803e-02 9.961134791374206543e-01
2.600119113922119141e-01 1.303100436925888062e-01 1.981665939092636108e-01 -2.462744154036045074e-02 7.406458258628845215e-02 -3.805509209632873535e-02 9.962227344512939453e-01
2.749015986919403076e-01 1.344043612480163574e-01 2.051561325788497925e-01 -2.402636222541332245e-02 7.347091287374496460e-02 -3.698996081948280334e-02 9.963215589523315430e-01
2.944616377353668213e-01 1.391265243291854858e-01 2.100614756345748901e-01 -2.367786876857280731e-02 7.164893299341201782e-02 -3.428788855671882629e-02 9.965592026710510254e-01
3.064200282096862793e-01 1.431741267442703247e-01 2.175329476594924927e-01 -2.285266853868961334e-02 7.368598133325576782e-02 -3.512141481041908264e-02 9.964008331298828125e-01
3.138386309146881104e-01 1.504941582679748535e-01 2.266520261764526367e-01 -2.148132957518100739e-02 7.595532387495040894e-02 -3.684673830866813660e-02 9.961986541748046875e-01
3.169640302658081055e-01 1.583683192729949951e-01 2.426381260156631470e-01 -2.298313193023204803e-02 7.669175416231155396e-02 -3.630116209387779236e-02 9.961287379264831543e-01
3.174243569374084473e-01 1.668138951063156128e-01 2.555347979068756104e-01 -2.390389144420623779e-02 7.654914259910583496e-02 -3.848154470324516296e-02 9.960361719131469727e-01
3.186888396739959717e-01 1.763866245746612549e-01 2.676328718662261963e-01 -2.438802085816860199e-02 7.623418420553207397e-02 -3.911947458982467651e-02 9.960237145423889160e-01
3.183361291885375977e-01 1.868236809968948364e-01 2.810998260974884033e-01 -2.447027713060379028e-02 7.608426362276077271e-02 -3.970434516668319702e-02 9.960100650787353516e-01
3.198232054710388184e-01 1.968913227319717407e-01 2.924966216087341309e-01 -2.402569353580474854e-02 7.619453966617584229e-02 -3.928656503558158875e-02 9.960290193557739258e-01
3.214371502399444580e-01 2.065619230270385742e-01 3.055168986320495605e-01 -2.489728294312953949e-02 7.506078481674194336e-02 -3.920862451195716858e-02 9.960967898368835449e-01
3.235748112201690674e-01 2.179819345474243164e-01 3.208698034286499023e-01 -2.529434673488140106e-02 7.461444288492202759e-02 -4.023648425936698914e-02 9.960793256759643555e-01
3.248067200183868408e-01 2.287931442260742188e-01 3.332050740718841553e-01 -2.646444924175739288e-02 7.314216345548629761e-02 -4.182216525077819824e-02 9.960927367210388184e-01
3.274666368961334229e-01 2.386938035488128662e-01 3.440324962139129639e-01 -2.621802687644958496e-02 7.272064685821533203e-02 -4.299042001366615295e-02 9.960804581642150879e-01
3.288972079753875732e-01 2.484752982854843140e-01 3.546613156795501709e-01 -2.689460478723049164e-02 7.297408580780029297e-02 -4.419725388288497925e-02 9.959909915924072266e-01
3.329332470893859863e-01 2.601447105407714844e-01 3.656724989414215088e-01 -2.741570398211479187e-02 7.191513478755950928e-02 -4.336773604154586792e-02 9.960902929306030273e-01
3.328564763069152832e-01 2.726795077323913574e-01 3.790047466754913330e-01 -2.667654491961002350e-02 7.324633747339248657e-02 -4.489945620298385620e-02 9.959454536437988281e-01
3.362654745578765869e-01 2.832174599170684814e-01 3.900494873523712158e-01 -2.781949192285537720e-02 7.211855053901672363e-02 -4.554089158773422241e-02 9.959674477577209473e-01
3.370424509048461914e-01 2.975879013538360596e-01 4.039089977741241455e-01 -2.648613974452018738e-02 7.328020781278610229e-02 -4.524834081530570984e-02 9.959323406219482422e-01
3.388779163360595703e-01 2.993632555007934570e-01 4.094949364662170410e-01 -3.049797378480434418e-02 7.200808823108673096e-02 -4.850023984909057617e-02 9.957572817802429199e-01
3.401424288749694824e-01 3.083211779594421387e-01 4.187425374984741211e-01 -3.053262270987033844e-02 7.219435274600982666e-02 -4.822026938199996948e-02 9.957563281059265137e-01
3.411990702152252197e-01 3.167718648910522461e-01 4.282204806804656982e-01 -3.108951821923255920e-02 7.249639183282852173e-02 -4.731743037700653076e-02 9.957603812217712402e-01
3.416363000869750977e-01 3.247718513011932373e-01 4.376821219921112061e-01 -3.164434432983398438e-02 7.133327424526214600e-02 -4.964788258075714111e-02 9.957134723663330078e-01
3.424065411090850830e-01 3.340412974357604980e-01 4.475605189800262451e-01 -3.110957704484462738e-02 7.217659056186676025e-02 -4.773126542568206787e-02 9.957633018493652344e-01
3.426391482353210449e-01 3.424736261367797852e-01 4.567109942436218262e-01 -2.894567884504795074e-02 7.286617159843444824e-02 -4.488924518227577209e-02 9.959104657173156738e-01
3.431977033615112305e-01 3.472435474395751953e-01 4.661562442779541016e-01 -3.144795075058937073e-02 7.246714085340499878e-02 -4.589655995368957520e-02 9.958178400993347168e-01
3.424999415874481201e-01 3.505598306655883789e-01 4.765173792839050293e-01 -3.537126258015632629e-02 7.157211750745773315e-02 -5.405910313129425049e-02 9.953411221504211426e-01
3.423824012279510498e-01 3.568882942199707031e-01 4.847045540809631348e-01 -3.472799062728881836e-02 7.125477492809295654e-02 -5.372007563710212708e-02 9.954049587249755859e-01
3.423897922039031982e-01 3.621508479118347168e-01 4.921990931034088135e-01 -3.444625437259674072e-02 7.049278914928436279e-02 -5.406516790390014648e-02 9.954503178596496582e-01
3.409882485866546631e-01 3.656962215900421143e-01 5.008131861686706543e-01 -3.584427013993263245e-02 7.066933810710906982e-02 -5.624912306666374207e-02 9.952673316001892090e-01
3.387379050254821777e-01 3.708297908306121826e-01 5.103178024291992188e-01 -3.543562069535255432e-02 7.168921083211898804e-02 -5.529278889298439026e-02 9.952626824378967285e-01
3.377762734889984131e-01 3.729961812496185303e-01 5.161543488502502441e-01 -3.591062501072883606e-02 6.997866183519363403e-02 -5.419224873185157776e-02 9.954279065132141113e-01
3.359491527080535889e-01 3.732369542121887207e-01 5.221313238143920898e-01 -3.615521267056465149e-02 7.060573995113372803e-02 -5.548384785652160645e-02 9.953036308288574219e-01
3.344028592109680176e-01 3.744297623634338379e-01 5.270360112190246582e-01 -3.564646840095520020e-02 6.900683790445327759e-02 -5.702811852097511292e-02 9.953468441963195801e-01
3.321223855018615723e-01 3.750873506069183350e-01 5.289995670318603516e-01 -3.713182732462882996e-02 6.882423907518386841e-02 -5.711408704519271851e-02 9.953002333641052246e-01
3.292845487594604492e-01 3.788020610809326172e-01 5.359117388725280762e-01 -3.585372865200042725e-02 6.829631328582763672e-02 -5.711771920323371887e-02 9.953832030296325684e-01
3.444338738918304443e-01 4.073085188865661621e-01 5.487019419670104980e-01 -4.769529681652784348e-03 3.278148174285888672e-02 9.694669395685195923e-03 9.994041323661804199e-01
3.408993780612945557e-01 4.114072024822235107e-01 5.557065010070800781e-01 -3.046451369300484657e-03 3.141231834888458252e-02 1.476822979748249054e-02 9.993928074836730957e-01
3.385622799396514893e-01 4.153309166431427002e-01 5.606606006622314453e-01 -1.436486723832786083e-03 2.962186373770236969e-02 2.521331794559955597e-02 9.992421865463256836e-01
3.346540629863739014e-01 4.222111105918884277e-01 5.746123194694519043e-01 2.370816422626376152e-03 1.936685852706432343e-02 3.506284207105636597e-02 9.991946220397949219e-01
3.515914678573608398e-01 4.280379414558410645e-01 5.761080384254455566e-01 4.107663407921791077e-03 -3.099517663940787315e-03 5.612406134605407715e-02 9.984105825424194336e-01
3.487759530544281006e-01 4.330112040042877197e-01 5.823465585708618164e-01 7.883192971348762512e-03 -1.408502180129289627e-02 6.469360738992691040e-02 9.977746605873107910e-01
3.479737937450408936e-01 4.376455247402191162e-01 5.877817273139953613e-01 8.504847064614295959e-03 -2.060293033719062805e-02 8.485481888055801392e-02 9.961439967155456543e-01
3.459521234035491943e-01 4.439977109432220459e-01 5.963263511657714844e-01 1.088565215468406677e-02 -2.273535914719104767e-02 9.400351345539093018e-02 9.952527284622192383e-01
3.461803495883941650e-01 4.501410126686096191e-01 6.038976907730102539e-01 1.268504559993743896e-02 -3.014129959046840668e-02 1.040563806891441345e-01 9.940336346626281738e-01
3.463873863220214844e-01 4.562034606933593750e-01 6.118528842926025391e-01 1.458059065043926239e-02 -3.686608374118804932e-02 1.126429885625839233e-01 9.928443431854248047e-01
3.479786515235900879e-01 4.633357524871826172e-01 6.209491491317749023e-01 1.564682833850383759e-02 -4.524777084589004517e-02 1.212892979383468628e-01 9.914619326591491699e-01
3.480101227760314941e-01 4.699586927890777588e-01 6.287424564361572266e-01 1.705747097730636597e-02 -5.065288394689559937e-02 1.281981170177459717e-01 9.903073310852050781e-01
3.473799228668212891e-01 4.747836589813232422e-01 6.359527111053466797e-01 1.761710271239280701e-02 -5.519595742225646973e-02 1.367722302675247192e-01 9.889066815376281738e-01
3.480813801288604736e-01 4.816822707653045654e-01 6.446293592453002930e-01 1.885132491588592529e-02 -6.123374775052070618e-02 1.405467838048934937e-01 9.879988431930541992e-01
3.482443690299987793e-01 4.890182614326477051e-01 6.537805199623107910e-01 2.025120332837104797e-02 -6.483773887157440186e-02 1.440701931715011597e-01 9.872334599494934082e-01
3.484739661216735840e-01 4.951514601707458496e-01 6.626676917076110840e-01 2.065142989158630371e-02 -6.823865324258804321e-02 1.443113386631011963e-01 9.869606494903564453e-01
3.491600155830383301e-01 5.027369260787963867e-01 6.718069911003112793e-01 5.974330008029937744e-03 -7.434318214654922485e-02 1.422054469585418701e-01 9.870233535766601562e-01
3.505002260208129883e-01 5.108293294906616211e-01 6.797158718109130859e-01 -1.158560626208782196e-02 -8.033597469329833984e-02 1.380531042814254761e-01 9.870933890342712402e-01
3.491834104061126709e-01 5.163053870201110840e-01 6.895085573196411133e-01 -3.185382857918739319e-02 -8.554176241159439087e-02 1.313816457986831665e-01 9.871204495429992676e-01
3.499072790145874023e-01 5.224188566207885742e-01 6.985605955123901367e-01 -5.421677231788635254e-02 -9.104913473129272461e-02 1.236842721700668335e-01 9.866473078727722168e-01
3.470085263252258301e-01 5.294590592384338379e-01 7.085521221160888672e-01 -7.761592417955398560e-02 -9.447123855352401733e-02 1.153568029403686523e-01 9.857706427574157715e-01
3.424986004829406738e-01 5.368567109107971191e-01 7.207787036895751953e-01 -1.029867306351661682e-01 -9.881421923637390137e-02 1.053413301706314087e-01 9.841406345367431641e-01
3.450008034706115723e-01 5.444133877754211426e-01 7.315379381179809570e-01 -1.290670037269592285e-01 -1.047475859522819519e-01 9.472328424453735352e-02 9.815279245376586914e-01
3.427409529685974121e-01 5.508277416229248047e-01 7.416753768920898438e-01 -1.564420461654663086e-01 -1.088551208376884460e-01 8.314646035432815552e-02 9.781427383422851562e-01
3.410995006561279297e-01 5.577220320701599121e-01 7.523034811019897461e-01 -1.838247030973434448e-01 -1.133707687258720398e-01 7.190451025962829590e-02 9.737480878829956055e-01
3.380026221275329590e-01 5.644099116325378418e-01 7.636504769325256348e-01 -2.114549130201339722e-01 -1.172649785876274109e-01 5.963353067636489868e-02 9.684935212135314941e-01
3.384016454219818115e-01 5.705076456069946289e-01 7.731423377990722656e-01 -2.392299026250839233e-01 -1.223243772983551025e-01 4.774181917309761047e-02 9.620429277420043945e-01
3.351322114467620850e-01 5.769934058189392090e-01 7.842822074890136719e-01 -2.666225433349609375e-01 -1.266990303993225098e-01 3.653069213032722473e-02 9.547383785247802734e-01
3.312847018241882324e-01 5.834035277366638184e-01 7.970473170280456543e-01 -2.933621406555175781e-01 -1.309487521648406982e-01 2.580392733216285706e-02 9.466390013694763184e-01
3.266739547252655029e-01 5.908391475677490234e-01 8.086571097373962402e-01 -3.184307813644409180e-01 -1.348262429237365723e-01 1.595465838909149170e-02 9.381733536720275879e-01
3.227875828742980957e-01 5.946785211563110352e-01 8.174009919166564941e-01 -3.432409465312957764e-01 -1.393837928771972656e-01 6.034351419657468796e-03 9.288280010223388672e-01
3.189686834812164307e-01 6.014690995216369629e-01 8.295021057128906250e-01 -3.661722838878631592e-01 -1.444941014051437378e-01 -1.737519050948321819e-03 9.192585945129394531e-01
3.149804472923278809e-01 6.087242960929870605e-01 8.416063189506530762e-01 -3.872586190700531006e-01 -1.494764387607574463e-01 -7.133040111511945724e-03 9.097454547882080078e-01
3.108574450016021729e-01 6.147426366806030273e-01 8.539572954177856445e-01 -4.070592820644378662e-01 -1.553389430046081543e-01 -1.151123642921447754e-02 9.000222682952880859e-01
3.082154393196105957e-01 6.199547052383422852e-01 8.635051250457763672e-01 -4.245979785919189453e-01 -1.616705805063247681e-01 -1.252708304673433304e-02 8.907425403594970703e-01
3.038285076618194580e-01 6.261686682701110840e-01 8.759390115737915039e-01 -4.401786923408508301e-01 -1.684279143810272217e-01 -1.301255356520414352e-02 8.818761110305786133e-01
2.994090914726257324e-01 6.331698298454284668e-01 8.881964683532714844e-01 -4.531282484531402588e-01 -1.753950119018554688e-01 -1.000949274748563766e-02 8.739629387855529785e-01
2.953379750251770020e-01 6.394320726394653320e-01 9.002915620803833008e-01 -4.640053510665893555e-01 -1.836078912019729614e-01 -5.044399295002222061e-03 8.665805459022521973e-01
2.908118367195129395e-01 6.464850306510925293e-01 9.128279089927673340e-01 -4.719735383987426758e-01 -1.920305490493774414e-01 2.287773881107568741e-03 8.604418039321899414e-01
2.863107323646545410e-01 6.527466773986816406e-01 9.241474866867065430e-01 -4.780105650424957275e-01 -2.010516077280044556e-01 1.181677170097827911e-02 8.549529910087585449e-01
2.811114788055419922e-01 6.590957641601562500e-01 9.365810155868530273e-01 -4.824552536010742188e-01 -2.102342694997787476e-01 2.256461977958679199e-02 8.500173091888427734e-01
2.760713994503021240e-01 6.656531095504760742e-01 9.489663243293762207e-01 -4.846055805683135986e-01 -2.197969853878021240e-01 3.556768223643302917e-02 8.459206223487854004e-01
2.707818746566772461e-01 6.717022061347961426e-01 9.618989229202270508e-01 -4.851525723934173584e-01 -2.305295467376708984e-01 4.935344308614730835e-02 8.420495390892028809e-01
2.642537951469421387e-01 6.779723763465881348e-01 9.753141403198242188e-01 -4.837427437305450439e-01 -2.405677884817123413e-01 6.516519188880920410e-02 8.389718532562255859e-01
2.577486634254455566e-01 6.842743158340454102e-01 9.881590008735656738e-01 -4.807031452655792236e-01 -2.510018646717071533e-01 8.224715292453765869e-02 8.361567258834838867e-01
2.501218616962432861e-01 6.896234750747680664e-01 1.001093387603759766e+00 -4.764694273471832275e-01 -2.618595659732818604e-01 9.986199438571929932e-02 8.333271145820617676e-01
2.409897744655609131e-01 6.958354711532592773e-01 1.013549327850341797e+00 -4.698599576950073242e-01 -2.725122272968292236e-01 1.188746839761734009e-01 8.311663866043090820e-01
2.315658032894134521e-01 7.004176974296569824e-01 1.025540590286254883e+00 -4.622575342655181885e-01 -2.834025025367736816e-01 1.381437927484512329e-01 8.288047909736633301e-01
2.205953299999237061e-01 7.051078081130981445e-01 1.036388039588928223e+00 -4.524146318435668945e-01 -2.941229641437530518e-01 1.582359671592712402e-01 8.269063830375671387e-01
2.086472511291503906e-01 7.097243070602416992e-01 1.046905755996704102e+00 -4.415191709995269775e-01 -3.052662312984466553e-01 1.790838241577148438e-01 8.245012760162353516e-01
1.959936022758483887e-01 7.153456211090087891e-01 1.056416034698486328e+00 -4.293936491012573242e-01 -3.158873021602630615e-01 1.995877921581268311e-01 8.221929073333740234e-01
1.853142380714416504e-01 7.237300872802734375e-01 1.065900802612304688e+00 -4.159739911556243896e-01 -3.263902366161346436e-01 2.200164496898651123e-01 8.197730779647827148e-01
1.739534735679626465e-01 7.292655706405639648e-01 1.075992584228515625e+00 -4.013174474239349365e-01 -3.363924920558929443e-01 2.402063906192779541e-01 8.173648715019226074e-01
1.623856425285339355e-01 7.332667112350463867e-01 1.086413979530334473e+00 -3.863456547260284424e-01 -3.462499380111694336e-01 2.603792846202850342e-01 8.142792582511901855e-01
1.512656211853027344e-01 7.374519109725952148e-01 1.095863342285156250e+00 -3.696728050708770752e-01 -3.562754392623901367e-01 2.799958288669586182e-01 8.111795186996459961e-01
1.398230791091918945e-01 7.405817508697509766e-01 1.104548096656799316e+00 -3.525874912738800049e-01 -3.649079799652099609e-01 2.993484735488891602e-01 8.080314993858337402e-01
1.287543773651123047e-01 7.443705797195434570e-01 1.113416194915771484e+00 -3.350163400173187256e-01 -3.736774027347564697e-01 3.177211284637451172e-01 8.044765591621398926e-01
1.181741356849670410e-01 7.477126121520996094e-01 1.121129274368286133e+00 -3.165700137615203857e-01 -3.819296956062316895e-01 3.349852561950683594e-01 8.010605573654174805e-01
1.077232360839843750e-01 7.510782480239868164e-01 1.128947019577026367e+00 -2.978904247283935547e-01 -3.900572061538696289e-01 3.515836596488952637e-01 7.971860170364379883e-01
9.765821695327758789e-02 7.543894648551940918e-01 1.135980129241943359e+00 -2.785316109657287598e-01 -3.977002799510955811e-01 3.673968315124511719e-01 7.932680845260620117e-01
8.733791112899780273e-02 7.584276795387268066e-01 1.142704248428344727e+00 -2.573646903038024902e-01 -4.058266878128051758e-01 3.803391754627227783e-01 7.901963591575622559e-01
7.797586917877197266e-02 7.616639733314514160e-01 1.149189472198486328e+00 -2.363849133253097534e-01 -4.134636223316192627e-01 3.923563957214355469e-01 7.869095206260681152e-01
6.755393743515014648e-02 7.642554640769958496e-01 1.155367732048034668e+00 -2.159527391195297241e-01 -4.198689162731170654e-01 4.035078585147857666e-01 7.837448120117187500e-01
5.856120586395263672e-02 7.669516205787658691e-01 1.161069869995117188e+00 -1.955388039350509644e-01 -4.260537028312683105e-01 4.148111939430236816e-01 7.798555493354797363e-01
4.911243915557861328e-02 7.693422436714172363e-01 1.166049480438232422e+00 -1.754306405782699585e-01 -4.311922490596771240e-01 4.260986447334289551e-01 7.757173180580139160e-01
4.094433784484863281e-02 7.719118595123291016e-01 1.171331524848937988e+00 -1.559154689311981201e-01 -4.365947544574737549e-01 4.370181560516357422e-01 7.707726955413818359e-01
3.276646137237548828e-02 7.738782167434692383e-01 1.175330042839050293e+00 -1.374270319938659668e-01 -4.411245882511138916e-01 4.477650821208953857e-01 7.655255794525146484e-01
2.385616302490234375e-02 7.777338624000549316e-01 1.179501295089721680e+00 -1.191471144556999207e-01 -4.460180401802062988e-01 4.592299759387969971e-01 7.589333057403564453e-01
1.587879657745361328e-02 7.790643572807312012e-01 1.182320475578308105e+00 -1.021580100059509277e-01 -4.499859809875488281e-01 4.696049094200134277e-01 7.526936531066894531e-01
7.493138313293457031e-03 7.810966372489929199e-01 1.185059547424316406e+00 -8.522050827741622925e-02 -4.538844227790832520e-01 4.797761142253875732e-01 7.460169792175292969e-01
-1.904964447021484375e-04 7.815307974815368652e-01 1.186643481254577637e+00 -6.932230293750762939e-02 -4.570931196212768555e-01 4.890128672122955322e-01 7.396801710128784180e-01
-7.222890853881835938e-03 7.827401757240295410e-01 1.188848376274108887e+00 -5.426402762532234192e-02 -4.603846371173858643e-01 4.978898763656616211e-01 7.329441308975219727e-01
-1.130163669586181641e-02 7.839998602867126465e-01 1.191865205764770508e+00 -3.945882990956306458e-02 -4.648386538028717041e-01 5.051684379577636719e-01 7.260668277740478516e-01
-1.808130741119384766e-02 7.879608273506164551e-01 1.193437337875366211e+00 -2.383898012340068817e-02 -4.681099951267242432e-01 5.129914879798889160e-01 7.191275358200073242e-01
-2.391946315765380859e-02 7.894549369812011719e-01 1.195272326469421387e+00 -1.002862304449081421e-02 -4.713645875453948975e-01 5.193013548851013184e-01 7.127699255943298340e-01
-3.112626075744628906e-02 7.916502952575683594e-01 1.197280287742614746e+00 3.667551791295409203e-03 -4.743438661098480225e-01 5.251004695892333984e-01 7.065790295600891113e-01
-3.431463241577148438e-02 7.933217883110046387e-01 1.199743747711181641e+00 4.504613112658262253e-03 -4.817304313182830811e-01 5.251293182373046875e-01 7.015374898910522461e-01
-3.916144371032714844e-02 7.924585938453674316e-01 1.199835181236267090e+00 5.099938716739416122e-03 -4.868544638156890869e-01 5.249812006950378418e-01 6.980984807014465332e-01
-4.222881793975830078e-02 7.937772274017333984e-01 1.201970696449279785e+00 6.739543285220861435e-03 -4.935286641120910645e-01 5.241782665252685547e-01 6.939893960952758789e-01
-4.694485664367675781e-02 7.949319481849670410e-01 1.203279614448547363e+00 8.467784151434898376e-03 -4.987145066261291504e-01 5.244087576866149902e-01 6.900779604911804199e-01
-4.940831661224365234e-02 7.955666780471801758e-01 1.204089999198913574e+00 9.606433100998401642e-03 -5.038092732429504395e-01 5.250835418701171875e-01 6.858361363410949707e-01
-5.338132381439208984e-02 7.968845367431640625e-01 1.204834342002868652e+00 1.118570566177368164e-02 -5.076489448547363281e-01 5.261632204055786133e-01 6.821434497833251953e-01
-5.543029308319091797e-02 7.972015738487243652e-01 1.205830693244934082e+00 1.216302998363971710e-02 -5.118741393089294434e-01 5.260557532310485840e-01 6.790451407432556152e-01
-5.663001537322998047e-02 7.966879606246948242e-01 1.207671523094177246e+00 1.248168386518955231e-02 -5.161139965057373047e-01 5.255649685859680176e-01 6.762042045593261719e-01
-5.932796001434326172e-02 7.969737052917480469e-01 1.209374666213989258e+00 1.246387232095003128e-02 -5.190468430519104004e-01 5.260365009307861328e-01 6.735878586769104004e-01
-6.088531017303466797e-02 7.963881492614746094e-01 1.210578441619873047e+00 1.221673563122749329e-02 -5.216374397277832031e-01 5.260154604911804199e-01 6.716046929359436035e-01
-6.291913986206054688e-02 7.963885068893432617e-01 1.211114406585693359e+00 1.255042664706707001e-02 -5.225473046302795410e-01 5.262520909309387207e-01 6.707053184509277344e-01
-6.268942356109619141e-02 7.977280020713806152e-01 1.211786389350891113e+00 1.277406886219978333e-02 -5.234240293502807617e-01 5.272190570831298828e-01 6.692564487457275391e-01
-6.385767459869384766e-02 7.977645397186279297e-01 1.212263226509094238e+00 1.240221969783306122e-02 -5.235509276390075684e-01 5.274028778076171875e-01 6.690193414688110352e-01
-6.511199474334716797e-02 7.967227697372436523e-01 1.212344169616699219e+00 1.145758107304573059e-02 -5.220032930374145508e-01 5.275377035140991211e-01 6.701382398605346680e-01
-6.625878810882568359e-02 7.962874174118041992e-01 1.212561845779418945e+00 1.068743783980607986e-02 -5.199344754219055176e-01 5.273842811584472656e-01 6.718778610229492188e-01
-6.540036201477050781e-02 7.977100610733032227e-01 1.212456703186035156e+00 1.050134375691413879e-02 -5.172380805015563965e-01 5.282244682312011719e-01 6.733005046844482422e-01
-6.605482101440429688e-02 7.974137067794799805e-01 1.214162349700927734e+00 8.745118975639343262e-03 -5.141061544418334961e-01 5.283775925636291504e-01 6.756002306938171387e-01
-6.641244888305664062e-02 7.976535558700561523e-01 1.214507699012756348e+00 8.218295872211456299e-03 -5.090667605400085449e-01 5.286272764205932617e-01 6.792178153991699219e-01
-6.800329685211181641e-02 7.977890372276306152e-01 1.215829730033874512e+00 6.412883289158344269e-03 -5.037258863449096680e-01 5.282786488533020020e-01 6.834770441055297852e-01
-6.931316852569580078e-02 7.968242764472961426e-01 1.215360522270202637e+00 5.474905949085950851e-03 -4.964268803596496582e-01 5.266269445419311523e-01 6.900684237480163574e-01
-6.976497173309326172e-02 7.975950837135314941e-01 1.216965317726135254e+00 -7.853860035538673401e-03 -4.937020242214202881e-01 5.179141163825988770e-01 6.985425949096679688e-01
-7.175958156585693359e-02 7.983089089393615723e-01 1.218050241470336914e+00 -2.278126589953899384e-02 -4.897875487804412842e-01 5.077347755432128906e-01 7.083746790885925293e-01
-7.486402988433837891e-02 7.979675531387329102e-01 1.218009829521179199e+00 -3.880154713988304138e-02 -4.841574132442474365e-01 4.965522885322570801e-01 7.193899750709533691e-01
-7.454073429107666016e-02 7.989128828048706055e-01 1.220605134963989258e+00 -5.630462616682052612e-02 -4.803986847400665283e-01 4.837428629398345947e-01 7.294105887413024902e-01
-7.867622375488281250e-02 7.985638976097106934e-01 1.223206639289855957e+00 -7.548023015260696411e-02 -4.742088317871093750e-01 4.699040353298187256e-01 7.406882047653198242e-01
-8.166313171386718750e-02 7.984514832496643066e-01 1.224817633628845215e+00 -9.446215629577636719e-02 -4.673192501068115234e-01 4.548325836658477783e-01 7.522080540657043457e-01
-8.340620994567871094e-02 7.979640960693359375e-01 1.227257251739501953e+00 -1.141397282481193542e-01 -4.604161679744720459e-01 4.387166798114776611e-01 7.632278800010681152e-01
-8.719050884246826172e-02 7.983502149581909180e-01 1.229265213012695312e+00 -1.336926370859146118e-01 -4.522173404693603516e-01 4.223886132240295410e-01 7.740889787673950195e-01
-8.930963277816772461e-02 7.987972497940063477e-01 1.232570052146911621e+00 -1.540037840604782104e-01 -4.443231821060180664e-01 4.056871235370635986e-01 7.837586998939514160e-01
-9.232181310653686523e-02 7.986510396003723145e-01 1.235272288322448730e+00 -1.739348471164703369e-01 -4.358294010162353516e-01 3.877663910388946533e-01 7.933704853057861328e-01
-9.508782625198364258e-02 7.986182570457458496e-01 1.237673878669738770e+00 -1.935232728719711304e-01 -4.267889857292175293e-01 3.694531917572021484e-01 8.024364709854125977e-01
-9.860301017761230469e-02 7.981700897216796875e-01 1.239368319511413574e+00 -2.127224802970886230e-01 -4.169110357761383057e-01 3.505477607250213623e-01 8.112032413482666016e-01
-1.005836725234985352e-01 7.982170581817626953e-01 1.241718769073486328e+00 -2.315897494554519653e-01 -4.079351127147674561e-01 3.321776092052459717e-01 8.182989954948425293e-01
-1.031496524810791016e-01 7.978864312171936035e-01 1.243395090103149414e+00 -2.499722838401794434e-01 -3.984111845493316650e-01 3.131728470325469971e-01 8.250485658645629883e-01
-1.050229072570800781e-01 7.978236079216003418e-01 1.244794130325317383e+00 -2.673223912715911865e-01 -3.893084526062011719e-01 2.950302958488464355e-01 8.306231498718261719e-01
-1.071794033050537109e-01 7.975624799728393555e-01 1.245849728584289551e+00 -2.835882902145385742e-01 -3.801145851612091064e-01 2.767701447010040283e-01 8.357564806938171387e-01
-1.085982918739318848e-01 7.973544597625732422e-01 1.246939659118652344e+00 -2.990834712982177734e-01 -3.715884685516357422e-01 2.594194412231445312e-01 8.397456407546997070e-01
-1.095355153083801270e-01 7.974053621292114258e-01 1.247639179229736328e+00 -3.135278820991516113e-01 -3.636407256126403809e-01 2.432280182838439941e-01 8.427964448928833008e-01
-1.102937757968902588e-01 7.972013354301452637e-01 1.248258233070373535e+00 -3.265745937824249268e-01 -3.564515411853790283e-01 2.277618050575256348e-01 8.452312946319580078e-01
-1.109589934349060059e-01 7.971556782722473145e-01 1.248566389083862305e+00 -3.378946483135223389e-01 -3.502518534660339355e-01 2.134116441011428833e-01 8.471165299415588379e-01
-1.114814281463623047e-01 7.974190711975097656e-01 1.248608827590942383e+00 -3.477332293987274170e-01 -3.448218107223510742e-01 2.005247324705123901e-01 8.485101461410522461e-01
-1.119249463081359863e-01 7.975218296051025391e-01 1.248926877975463867e+00 -3.567211329936981201e-01 -3.404460549354553223e-01 1.890957653522491455e-01 8.491697907447814941e-01
-1.121398508548736572e-01 7.972743511199951172e-01 1.249157190322875977e+00 -3.642010688781738281e-01 -3.369519710540771484e-01 1.786347627639770508e-01 8.496532440185546875e-01
-1.128321588039398193e-01 7.974072098731994629e-01 1.249325394630432129e+00 -3.701220154762268066e-01 -3.342954218387603760e-01 1.695098131895065308e-01 8.500133752822875977e-01
-1.135606467723846436e-01 7.974293231964111328e-01 1.249746322631835938e+00 -3.755635321140289307e-01 -3.321858346462249756e-01 1.615000963211059570e-01 8.500131964683532715e-01
-1.141445636749267578e-01 7.971763014793395996e-01 1.250293374061584473e+00 -3.803659975528717041e-01 -3.303315341472625732e-01 1.541956812143325806e-01 8.499567508697509766e-01
-1.151881217956542969e-01 7.971203923225402832e-01 1.250679850578308105e+00 -3.839638233184814453e-01 -3.286662995815277100e-01 1.476515978574752808e-01 8.501465916633605957e-01
-1.162388622760772705e-01 7.969255447387695312e-01 1.251468420028686523e+00 -3.872279226779937744e-01 -3.275759518146514893e-01 1.420761346817016602e-01 8.500369787216186523e-01
-1.173669099807739258e-01 7.967349290847778320e-01 1.251895427703857422e+00 -3.897982239723205566e-01 -3.259826302528381348e-01 1.370448768138885498e-01 8.503007888793945312e-01
-1.187728643417358398e-01 7.966287136077880859e-01 1.252550601959228516e+00 -3.918281495571136475e-01 -3.246278464794158936e-01 1.322254687547683716e-01 8.506491184234619141e-01
-1.203810870647430420e-01 7.964102029800415039e-01 1.253314733505249023e+00 -3.936395049095153809e-01 -3.226671814918518066e-01 1.282127201557159424e-01 8.511729836463928223e-01
-1.218681931495666504e-01 7.960056066513061523e-01 1.254106044769287109e+00 -3.954471945762634277e-01 -3.203465342521667480e-01 1.242431700229644775e-01 8.518000841140747070e-01
-1.234030127525329590e-01 7.956272959709167480e-01 1.254942655563354492e+00 -3.968485593795776367e-01 -3.176377713680267334e-01 1.203720271587371826e-01 8.527181148529052734e-01
-1.254027187824249268e-01 7.952694892883300781e-01 1.255755186080932617e+00 -3.984361290931701660e-01 -3.136873841285705566e-01 1.167544871568679810e-01 8.539422154426574707e-01
-1.272332370281219482e-01 7.949042320251464844e-01 1.256595611572265625e+00 -3.999195396900177002e-01 -3.091632127761840820e-01 1.130531728267669678e-01 8.553955554962158203e-01
-1.294335126876831055e-01 7.944338321685791016e-01 1.257529258728027344e+00 -4.019168913364410400e-01 -3.030926585197448730e-01 1.092391312122344971e-01 8.571257591247558594e-01
-1.315907239913940430e-01 7.938185930252075195e-01 1.258572340011596680e+00 -4.041143059730529785e-01 -2.961630225181579590e-01 1.049815192818641663e-01 8.590448498725891113e-01
-1.338203400373458862e-01 7.932571768760681152e-01 1.259555339813232422e+00 -4.065826833248138428e-01 -2.876475155353546143e-01 1.004837229847908020e-01 8.613086342811584473e-01
-1.363348364830017090e-01 7.925242185592651367e-01 1.260574460029602051e+00 -4.094341695308685303e-01 -2.774937450885772705e-01 9.535653889179229736e-02 8.638681173324584961e-01
-1.388357877731323242e-01 7.918438315391540527e-01 1.261611938476562500e+00 -4.130043387413024902e-01 -2.654937505722045898e-01 8.962704986333847046e-02 8.665492534637451172e-01
-1.414057612419128418e-01 7.911263704299926758e-01 1.262624025344848633e+00 -4.171716868877410889e-01 -2.513361871242523193e-01 8.328869938850402832e-02 8.694025874137878418e-01
-1.448913514614105225e-01 7.904570102691650391e-01 1.263753890991210938e+00 -4.211895167827606201e-01 -2.356765568256378174e-01 7.598377019166946411e-02 8.725149631500244141e-01
-1.479616463184356689e-01 7.894631028175354004e-01 1.264881610870361328e+00 -4.262055754661560059e-01 -2.184067070484161377e-01 6.815916299819946289e-02 8.752152323722839355e-01
-1.510451734066009521e-01 7.885000109672546387e-01 1.265944480895996094e+00 -4.308177828788757324e-01 -1.999973058700561523e-01 6.009587645530700684e-02 8.779439926147460938e-01
-1.542901694774627686e-01 7.873938679695129395e-01 1.267000794410705566e+00 -4.356650114059448242e-01 -1.804676651954650879e-01 5.189878493547439575e-02 8.803033828735351562e-01
-1.578844487667083740e-01 7.863519787788391113e-01 1.268006205558776855e+00 -4.402972459793090820e-01 -1.598497629165649414e-01 4.303676262497901917e-02 8.824592232704162598e-01
-1.615762263536453247e-01 7.852107882499694824e-01 1.268880844116210938e+00 -4.446378350257873535e-01 -1.390000432729721069e-01 3.414252772927284241e-02 8.842004537582397461e-01
-1.652228236198425293e-01 7.841609716415405273e-01 1.269999742507934570e+00 -4.489307701587677002e-01 -1.176826953887939453e-01 2.594398707151412964e-02 8.854032158851623535e-01
-1.688099801540374756e-01 7.827250957489013672e-01 1.270953178405761719e+00 -4.527918398380279541e-01 -9.662389010190963745e-02 1.760960370302200317e-02 8.861902952194213867e-01
-1.728360354900360107e-01 7.812798619270324707e-01 1.271855354309082031e+00 -4.561718702316284180e-01 -7.559387385845184326e-02 8.855763822793960571e-03 8.866309523582458496e-01
-1.769165098667144775e-01 7.800651788711547852e-01 1.272609472274780273e+00 -4.586948752403259277e-01 -5.485659092664718628e-02 1.439636107534170151e-03 8.868978619575500488e-01
-1.812273710966110229e-01 7.786172628402709961e-01 1.273379087448120117e+00 -4.605938792228698730e-01 -3.497362509369850159e-02 -6.546991877257823944e-03 8.868975639343261719e-01
-1.856320947408676147e-01 7.774604558944702148e-01 1.273997902870178223e+00 -4.617472290992736816e-01 -1.614387705922126770e-02 -1.350009907037019730e-02 8.867619037628173828e-01
-1.901516616344451904e-01 7.760545015335083008e-01 1.274845480918884277e+00 -4.624967277050018311e-01 1.357410219497978687e-03 -1.966418884694576263e-02 8.864018917083740234e-01
-1.946312785148620605e-01 7.743463516235351562e-01 1.275527477264404297e+00 -4.625503718852996826e-01 1.770059205591678619e-02 -2.363312430679798126e-02 8.861012458801269531e-01
-1.993576288223266602e-01 7.730617523193359375e-01 1.275983333587646484e+00 -4.612967073917388916e-01 3.297040238976478577e-02 -2.572955377399921417e-02 8.862597346305847168e-01
-2.039081603288650513e-01 7.714847326278686523e-01 1.276561141014099121e+00 -4.597879052162170410e-01 4.542692378163337708e-02 -2.764687314629554749e-02 8.864351511001586914e-01
-2.086009979248046875e-01 7.694712877273559570e-01 1.277179956436157227e+00 -4.576747715473175049e-01 5.482460185885429382e-02 -2.941296994686126709e-02 8.869402408599853516e-01
-2.137919515371322632e-01 7.679547071456909180e-01 1.277531147003173828e+00 -4.545620679855346680e-01 6.168711185455322266e-02 -3.101135045289993286e-02 8.880351185798645020e-01
-2.190089970827102661e-01 7.661966085433959961e-01 1.277895689010620117e+00 -4.507578611373901367e-01 6.491471081972122192e-02 -3.197666257619857788e-02 8.897083997726440430e-01
-2.240996807813644409e-01 7.642642259597778320e-01 1.278367400169372559e+00 -4.461324810981750488e-01 6.615172326564788818e-02 -2.948279120028018951e-02 8.920317292213439941e-01
-2.293970584869384766e-01 7.624447345733642578e-01 1.278857707977294922e+00 -4.405909776687622070e-01 6.477832794189453125e-02 -2.475937083363533020e-02 8.950253129005432129e-01
-2.350476831197738647e-01 7.605667710304260254e-01 1.279637694358825684e+00 -4.347261190414428711e-01 6.092860177159309387e-02 -1.885482855141162872e-02 8.983014822006225586e-01
-2.413466572761535645e-01 7.586760520935058594e-01 1.280740857124328613e+00 -4.279144704341888428e-01 5.483701452612876892e-02 -1.095180585980415344e-02 9.020876884460449219e-01
-2.469964027404785156e-01 7.564449310302734375e-01 1.281286239624023438e+00 -4.199085235595703125e-01 4.626099765300750732e-02 -2.181940013542771339e-03 9.063840508460998535e-01
-2.530294656753540039e-01 7.545713186264038086e-01 1.281890630722045898e+00 -4.110444188117980957e-01 3.598620370030403137e-02 7.515806704759597778e-03 9.108738303184509277e-01
-2.590077519416809082e-01 7.516978383064270020e-01 1.282769322395324707e+00 -4.018221497535705566e-01 2.409435249865055084e-02 1.855942234396934509e-02 9.152125120162963867e-01
-2.654614746570587158e-01 7.496288418769836426e-01 1.284250736236572266e+00 -3.921439647674560547e-01 1.116676162928342819e-02 3.036572411656379700e-02 9.193347692489624023e-01
-2.720459103584289551e-01 7.475501298904418945e-01 1.285246968269348145e+00 -3.807370364665985107e-01 -3.192640142515301704e-03 4.306557029485702515e-02 9.236745238304138184e-01
-2.782320976257324219e-01 7.446564435958862305e-01 1.286310791969299316e+00 -3.689476847648620605e-01 -1.886796392500400543e-02 5.660414323210716248e-02 9.275330901145935059e-01
-2.844345867633819580e-01 7.417837977409362793e-01 1.288032293319702148e+00 -3.570076525211334229e-01 -3.494544699788093567e-02 7.110955566167831421e-02 9.307351112365722656e-01
-2.910303473472595215e-01 7.391919493675231934e-01 1.289889812469482422e+00 -3.439168035984039307e-01 -5.133809894323348999e-02 8.594699203968048096e-02 9.336481690406799316e-01
-2.974722981452941895e-01 7.362694144248962402e-01 1.291710138320922852e+00 -3.303273022174835205e-01 -6.817101687192916870e-02 1.015792936086654663e-01 9.359050989151000977e-01
-3.047784864902496338e-01 7.346058487892150879e-01 1.293975114822387695e+00 -3.154603838920593262e-01 -8.476454019546508789e-02 1.169731244444847107e-01 9.378790259361267090e-01
-3.111368417739868164e-01 7.317044734954833984e-01 1.296485662460327148e+00 -3.007898926734924316e-01 -1.013602390885353088e-01 1.336244344711303711e-01 9.388269782066345215e-01
-3.188476562500000000e-01 7.287793755531311035e-01 1.298689484596252441e+00 -2.852425873279571533e-01 -1.165326610207557678e-01 1.498542875051498413e-01 9.394682049751281738e-01
-3.253064155578613281e-01 7.259693145751953125e-01 1.301301479339599609e+00 -2.694826424121856689e-01 -1.319725960493087769e-01 1.668239086866378784e-01 9.392189383506774902e-01
-3.322550654411315918e-01 7.233850359916687012e-01 1.304001450538635254e+00 -2.532469630241394043e-01 -1.459477245807647705e-01 1.837573945522308350e-01 9.385086894035339355e-01
-3.381959795951843262e-01 7.203112840652465820e-01 1.307069301605224609e+00 -2.377349138259887695e-01 -1.588329374790191650e-01 2.005898207426071167e-01 9.370261430740356445e-01
-3.441560268402099609e-01 7.171788215637207031e-01 1.309434890747070312e+00 -2.218995839357376099e-01 -1.698677390813827515e-01 2.171694189310073853e-01 9.352770447731018066e-01
-3.492205142974853516e-01 7.141484618186950684e-01 1.311520457267761230e+00 -2.058198750019073486e-01 -1.794478744268417358e-01 2.327903360128402710e-01 9.334052801132202148e-01
-3.539343178272247314e-01 7.114838361740112305e-01 1.313799262046813965e+00 -1.902262270450592041e-01 -1.874422281980514526e-01 2.489762753248214722e-01 9.309620261192321777e-01
-3.586530685424804688e-01 7.085498571395874023e-01 1.315636873245239258e+00 -1.747848540544509888e-01 -1.935319453477859497e-01 2.643936872482299805e-01 9.284889101982116699e-01
-3.620853424072265625e-01 7.062662839889526367e-01 1.317552924156188965e+00 -1.598383635282516479e-01 -1.988935172557830811e-01 2.804620563983917236e-01 9.253292083740234375e-01
-3.651785850524902344e-01 7.045452594757080078e-01 1.319257020950317383e+00 -1.447787135839462280e-01 -2.031123936176300049e-01 2.949897348880767822e-01 9.223695397377014160e-01
-3.676138520240783691e-01 7.039431929588317871e-01 1.320025444030761719e+00 -1.297287046909332275e-01 -2.063000500202178955e-01 3.097583651542663574e-01 9.190542101860046387e-01
-3.700204193592071533e-01 7.016511559486389160e-01 1.321151733398437500e+00 -1.159372702240943909e-01 -2.080132961273193359e-01 3.234188258647918701e-01 9.157998561859130859e-01
-3.726988732814788818e-01 6.996581554412841797e-01 1.322280883789062500e+00 -1.025843918323516846e-01 -2.083615958690643311e-01 3.365440368652343750e-01 9.125788211822509766e-01
-3.745768070220947266e-01 6.975207328796386719e-01 1.322304010391235352e+00 -8.990748971700668335e-02 -2.081603854894638062e-01 3.490357995033264160e-01 9.092634320259094238e-01
-3.747934997081756592e-01 6.968482732772827148e-01 1.323310613632202148e+00 -7.775275409221649170e-02 -2.084662616252899170e-01 3.605714738368988037e-01 9.058060646057128906e-01
-3.758687078952789307e-01 6.956987380981445312e-01 1.323663473129272461e+00 -6.633665412664413452e-02 -2.070362418889999390e-01 3.717366158962249756e-01 9.025228023529052734e-01
-3.764729201793670654e-01 6.943612098693847656e-01 1.323953151702880859e+00 -5.562268570065498352e-02 -2.054760009050369263e-01 3.813213407993316650e-01 8.995998501777648926e-01
-3.770544826984405518e-01 6.930950880050659180e-01 1.324258804321289062e+00 -4.601959884166717529e-02 -2.039635479450225830e-01 3.904469311237335205e-01 8.965669870376586914e-01
-3.765845298767089844e-01 6.924593448638916016e-01 1.325179100036621094e+00 -3.680274635553359985e-02 -2.026862502098083496e-01 3.991855084896087646e-01 8.934286832809448242e-01
-3.774072527885437012e-01 6.930637359619140625e-01 1.326974868774414062e+00 -2.789968252182006836e-02 -2.015201896429061890e-01 4.064948558807373047e-01 8.907149434089660645e-01
-3.817010819911956787e-01 7.020882964134216309e-01 1.324193000793457031e+00 -1.510863564908504486e-02 -1.992311328649520874e-01 4.153207838535308838e-01 8.874611854553222656e-01
-3.847604393959045410e-01 7.011297941207885742e-01 1.325017333030700684e+00 -8.388414978981018066e-03 -1.972128301858901978e-01 4.207454025745391846e-01 8.854434490203857422e-01
-3.888126611709594727e-01 6.984747648239135742e-01 1.325700759887695312e+00 -3.089795121923089027e-03 -1.947550028562545776e-01 4.243314266204833984e-01 8.843098282814025879e-01
-3.922829627990722656e-01 6.963953971862792969e-01 1.327230095863342285e+00 9.366964804939925671e-04 -1.935356855392456055e-01 4.270491003990173340e-01 8.832735419273376465e-01
-3.923237025737762451e-01 6.957349181175231934e-01 1.329587936401367188e+00 3.907408099621534348e-03 -1.943670809268951416e-01 4.287843108177185059e-01 8.822416067123413086e-01
-3.968755900859832764e-01 6.912738084793090820e-01 1.332553267478942871e+00 2.578463172540068626e-03 -1.945457607507705688e-01 4.281189739704132080e-01 8.825302124023437500e-01
-4.015767574310302734e-01 6.874915361404418945e-01 1.334265470504760742e+00 1.949104713276028633e-03 -1.946250647306442261e-01 4.275092482566833496e-01 8.828098177909851074e-01
-4.048520326614379883e-01 6.868820190429687500e-01 1.335792064666748047e+00 2.814256818965077400e-03 -1.962998062372207642e-01 4.254123270511627197e-01 8.834493756294250488e-01
-4.118740856647491455e-01 6.820288896560668945e-01 1.335806488990783691e+00 2.266341354697942734e-03 -1.960607916116714478e-01 4.227966666221618652e-01 8.847587704658508301e-01
-4.154745340347290039e-01 6.812537908554077148e-01 1.338460564613342285e+00 5.410082521848380566e-04 -1.998984813690185547e-01 4.194668531417846680e-01 8.854873776435852051e-01
-4.209339022636413574e-01 6.784253120422363281e-01 1.339723587036132812e+00 -2.436057664453983307e-03 -2.032622694969177246e-01 4.144950509071350098e-01 8.870583176612854004e-01
-4.278630018234252930e-01 6.760102510452270508e-01 1.338292360305786133e+00 -5.267288535833358765e-03 -2.059839516878128052e-01 4.092963635921478271e-01 8.888303637504577637e-01
-4.340913295745849609e-01 6.693037152290344238e-01 1.337837457656860352e+00 -1.140850223600864410e-02 -2.087524086236953735e-01 4.026747643947601318e-01 8.911483287811279297e-01
-4.422698020935058594e-01 6.636904478073120117e-01 1.334762692451477051e+00 -1.667441427707672119e-02 -2.107637673616409302e-01 3.956254720687866211e-01 8.937456011772155762e-01
-4.484573900699615479e-01 6.609020829200744629e-01 1.334167003631591797e+00 -2.204181812703609467e-02 -2.154341787099838257e-01 3.889343738555908203e-01 8.954509496688842773e-01
-4.542590379714965820e-01 6.537178754806518555e-01 1.333300113677978516e+00 -2.969144843518733978e-02 -2.199043035507202148e-01 3.804827928543090820e-01 8.977713584899902344e-01
-4.621474146842956543e-01 6.524475216865539551e-01 1.328868985176086426e+00 -3.436886519193649292e-02 -2.236999422311782837e-01 3.729065656661987305e-01 8.998432755470275879e-01
-4.713180065155029297e-01 6.489489078521728516e-01 1.326155185699462891e+00 -4.052787646651268005e-02 -2.273910790681838989e-01 3.647650182247161865e-01 9.019963145256042480e-01
-4.805843234062194824e-01 6.433647274971008301e-01 1.323810696601867676e+00 -4.803053289651870728e-02 -2.312208414077758789e-01 3.558247685432434082e-01 9.042227864265441895e-01
-4.887484312057495117e-01 6.384246349334716797e-01 1.321492075920104980e+00 -5.573061108589172363e-02 -2.358020395040512085e-01 3.465251326560974121e-01 9.062074422836303711e-01
-5.010659098625183105e-01 6.364870071411132812e-01 1.317791700363159180e+00 -6.187443062663078308e-02 -2.386187463998794556e-01 3.384948074817657471e-01 9.081045985221862793e-01
-5.101421475410461426e-01 6.311814785003662109e-01 1.315870761871337891e+00 -7.055149227380752563e-02 -2.429670840501785278e-01 3.292976021766662598e-01 9.096992015838623047e-01
-5.202857255935668945e-01 6.271369457244873047e-01 1.312482953071594238e+00 -7.875791937112808228e-02 -2.469401210546493530e-01 3.199968934059143066e-01 9.112737178802490234e-01
-5.296487212181091309e-01 6.229596138000488281e-01 1.309388279914855957e+00 -8.666472882032394409e-02 -2.511908113956451416e-01 3.112131655216217041e-01 9.124356508255004883e-01
-5.415068864822387695e-01 6.182541847229003906e-01 1.304230332374572754e+00 -9.383931010961532593e-02 -2.539380490779876709e-01 3.027083575725555420e-01 9.138256907463073730e-01
-5.536295175552368164e-01 6.153130531311035156e-01 1.298922061920166016e+00 -9.981297701597213745e-02 -2.568130195140838623e-01 2.953236103057861328e-01 9.148051738739013672e-01
-5.654225349426269531e-01 6.102634072303771973e-01 1.293794274330139160e+00 -1.065396741032600403e-01 -2.597202062606811523e-01 2.878367304801940918e-01 9.156117439270019531e-01
-5.776532888412475586e-01 6.060173511505126953e-01 1.288326382637023926e+00 -1.125378534197807312e-01 -2.623968124389648438e-01 2.808181643486022949e-01 9.163101911544799805e-01
-5.906430482864379883e-01 6.009444594383239746e-01 1.281817317008972168e+00 -1.181757226586341858e-01 -2.643543779850006104e-01 2.740233838558197021e-01 9.170945882797241211e-01
-5.997505187988281250e-01 5.952937602996826172e-01 1.276605963706970215e+00 -1.250071525573730469e-01 -2.677643001079559326e-01 2.670321762561798096e-01 9.172618985176086426e-01
-6.125801205635070801e-01 5.899034142494201660e-01 1.270117521286010742e+00 -1.305763870477676392e-01 -2.697272002696990967e-01 2.608798146247863770e-01 9.176812767982482910e-01
-6.252122521400451660e-01 5.837344527244567871e-01 1.264011144638061523e+00 -1.364749521017074585e-01 -2.719011008739471436e-01 2.547160089015960693e-01 9.179129004478454590e-01
-6.384230852127075195e-01 5.769606828689575195e-01 1.257215619087219238e+00 -1.423720568418502808e-01 -2.735691964626312256e-01 2.483991086483001709e-01 9.182527065277099609e-01
-6.519026756286621094e-01 5.700603127479553223e-01 1.250073432922363281e+00 -1.479536890983581543e-01 -2.748657763004302979e-01 2.427584826946258545e-01 9.184916019439697266e-01
-6.643033623695373535e-01 5.616356730461120605e-01 1.242503523826599121e+00 -1.539202630519866943e-01 -2.761804163455963135e-01 2.368696033954620361e-01 9.186543226242065430e-01
-6.724807620048522949e-01 5.530487298965454102e-01 1.231768608093261719e+00 -1.593906432390213013e-01 -2.777319550514221191e-01 2.307083010673522949e-01 9.188216924667358398e-01
-6.802825927734375000e-01 5.439436435699462891e-01 1.219393491744995117e+00 -1.646083444356918335e-01 -2.786039710044860840e-01 2.249698340892791748e-01 9.190607070922851562e-01
-6.869676113128662109e-01 5.352643132209777832e-01 1.206723690032958984e+00 -1.700501739978790283e-01 -2.793715000152587891e-01 2.194703519344329834e-01 9.191666245460510254e-01
-6.920819282531738281e-01 5.261465311050415039e-01 1.194601178169250488e+00 -1.761467605829238892e-01 -2.806700170040130615e-01 2.139396965503692627e-01 9.189268350601196289e-01
-6.977856159210205078e-01 5.175769329071044922e-01 1.182652831077575684e+00 -1.816861331462860107e-01 -2.814376652240753174e-01 2.083432525396347046e-01 9.188994169235229492e-01
-7.032434344291687012e-01 5.077689290046691895e-01 1.170561075210571289e+00 -1.873246580362319946e-01 -2.820186913013458252e-01 2.019891887903213501e-01 9.190078377723693848e-01
-7.063180208206176758e-01 4.971108436584472656e-01 1.159608721733093262e+00 -1.942755728960037231e-01 -2.833351492881774902e-01 1.956287771463394165e-01 9.185355901718139648e-01
-7.111908197402954102e-01 4.869631528854370117e-01 1.148190617561340332e+00 -2.002260535955429077e-01 -2.834874987602233887e-01 1.891620010137557983e-01 9.185652732849121094e-01
-7.150374054908752441e-01 4.757937490940093994e-01 1.137492537498474121e+00 -2.068001627922058105e-01 -2.843632102012634277e-01 1.825379282236099243e-01 9.181782603263854980e-01
-7.192813158035278320e-01 4.654272496700286865e-01 1.126037597656250000e+00 -2.125529348850250244e-01 -2.844803035259246826e-01 1.757367849349975586e-01 9.181551933288574219e-01
-7.232319116592407227e-01 4.532214403152465820e-01 1.114702463150024414e+00 -2.190830558538436890e-01 -2.847383022308349609e-01 1.680227965116500854e-01 9.179842472076416016e-01
-7.275242805480957031e-01 4.414294064044952393e-01 1.104123592376708984e+00 -2.257736921310424805e-01 -2.845504283905029297e-01 1.608060449361801147e-01 9.177138805389404297e-01
-7.313969731330871582e-01 4.293458759784698486e-01 1.093421220779418945e+00 -2.324305027723312378e-01 -2.841805517673492432e-01 1.532378494739532471e-01 9.174615740776062012e-01
-7.339546084403991699e-01 4.169810414314270020e-01 1.083486437797546387e+00 -2.395571619272232056e-01 -2.844713330268859863e-01 1.453799307346343994e-01 9.168168306350708008e-01
-7.369970083236694336e-01 4.049486517906188965e-01 1.073385715484619141e+00 -2.462048828601837158e-01 -2.842164635658264160e-01 1.368908882141113281e-01 9.164415597915649414e-01
-7.398462295532226562e-01 3.920341432094573975e-01 1.064271092414855957e+00 -2.537066936492919922e-01 -2.842522263526916504e-01 1.284251958131790161e-01 9.156094193458557129e-01
-7.433200478553771973e-01 3.793404698371887207e-01 1.054448008537292480e+00 -2.609677612781524658e-01 -2.833709418773651123e-01 1.199092715978622437e-01 9.149965047836303711e-01
-7.451148033142089844e-01 3.661203980445861816e-01 1.045176863670349121e+00 -2.683906555175781250e-01 -2.832840681076049805e-01 1.110036373138427734e-01 9.139993786811828613e-01
-7.487918138504028320e-01 3.545512855052947998e-01 1.036347270011901855e+00 -2.750531136989593506e-01 -2.823205590248107910e-01 1.021029353141784668e-01 9.133542180061340332e-01
-7.514044642448425293e-01 3.415391743183135986e-01 1.027635812759399414e+00 -2.826155424118041992e-01 -2.816678583621978760e-01 9.280992299318313599e-02 9.122379422187805176e-01
-7.535392642021179199e-01 3.288944065570831299e-01 1.017898440361022949e+00 -2.898043394088745117e-01 -2.809302508831024170e-01 8.337844163179397583e-02 9.111199975013732910e-01
-7.557898163795471191e-01 3.165580034255981445e-01 1.009191989898681641e+00 -2.968766987323760986e-01 -2.802830636501312256e-01 7.452967762947082520e-02 9.098082184791564941e-01
-7.585291862487792969e-01 3.037936389446258545e-01 1.000520229339599609e+00 -3.042784929275512695e-01 -2.793571352958679199e-01 6.492702662944793701e-02 9.083824753761291504e-01
-7.609843015670776367e-01 2.910834252834320068e-01 9.920834302902221680e-01 -3.117243647575378418e-01 -2.785696983337402344e-01 5.534388124942779541e-02 9.067325592041015625e-01
-7.633609175682067871e-01 2.780489921569824219e-01 9.832555651664733887e-01 -3.189364671707153320e-01 -2.774929106235504150e-01 4.630116745829582214e-02 9.050599932670593262e-01
-7.654020786285400391e-01 2.658454775810241699e-01 9.750696420669555664e-01 -3.260658383369445801e-01 -2.768885195255279541e-01 3.714822232723236084e-02 9.031245112419128418e-01
-7.677264213562011719e-01 2.535050213336944580e-01 9.665597081184387207e-01 -3.330109417438507080e-01 -2.759302854537963867e-01 2.783562429249286652e-02 9.012166261672973633e-01
-7.699502706527709961e-01 2.421102225780487061e-01 9.587976932525634766e-01 -3.399061262607574463e-01 -2.749590873718261719e-01 1.865682005882263184e-02 8.991736769676208496e-01
