-0.000000000000000000e+00 -0.000000000000000000e+00 -0.000000000000000000e+00 -0.000000000000000000e+00 -0.000000000000000000e+00 -0.000000000000000000e+00 1.000000000000000000e+00
-0.000000000000000000e+00 -0.000000000000000000e+00 -0.000000000000000000e+00 -0.000000000000000000e+00 -0.000000000000000000e+00 -0.000000000000000000e+00 1.000000000000000000e+00
1.550832018256187439e-02 2.126507461071014404e-02 2.325488626956939697e-02 -3.220484126359224319e-03 9.732540347613394260e-04 -2.727332292124629021e-03 9.999906420707702637e-01
1.550832018256187439e-02 2.126507461071014404e-02 2.325488626956939697e-02 -3.220484126359224319e-03 9.732540347613394260e-04 -2.727332292124629021e-03 9.999906420707702637e-01
2.972798794507980347e-02 3.608759865164756775e-02 4.639210179448127747e-02 -7.835390046238899231e-03 6.111671682447195053e-03 -5.760258063673973083e-03 9.999340772628784180e-01
2.972798794507980347e-02 3.608759865164756775e-02 4.639210179448127747e-02 -7.835390046238899231e-03 6.111671682447195053e-03 -5.760258063673973083e-03 9.999340772628784180e-01
4.433370381593704224e-02 4.865785315632820129e-02 6.665982306003570557e-02 -1.174534484744071960e-02 1.407254673540592194e-02 -1.025823783129453659e-02 9.997794032096862793e-01
4.433370381593704224e-02 4.865785315632820129e-02 6.665982306003570557e-02 -1.174534484744071960e-02 1.407254673540592194e-02 -1.025823783129453659e-02 9.997794032096862793e-01
5.941507220268249512e-02 5.854695290327072144e-02 8.596862107515335083e-02 -1.654638908803462982e-02 2.309658005833625793e-02 -1.617609150707721710e-02 9.994654655456542969e-01
5.941507220268249512e-02 5.854695290327072144e-02 8.596862107515335083e-02 -1.654638908803462982e-02 2.309658005833625793e-02 -1.617609150707721710e-02 9.994654655456542969e-01
7.327385246753692627e-02 7.088308036327362061e-02 1.075519919395446777e-01 -2.157519012689590454e-02 3.382688015699386597e-02 -2.274980396032333374e-02 9.989358186721801758e-01
7.327385246753692627e-02 7.088308036327362061e-02 1.075519919395446777e-01 -2.157519012689590454e-02 3.382688015699386597e-02 -2.274980396032333374e-02 9.989358186721801758e-01
8.566634356975555420e-02 8.059389889240264893e-02 1.252642273902893066e-01 -2.640618011355400085e-02 4.504323378205299377e-02 -3.012889623641967773e-02 9.981814622879028320e-01
8.566634356975555420e-02 8.059389889240264893e-02 1.252642273902893066e-01 -2.640618011355400085e-02 4.504323378205299377e-02 -3.012889623641967773e-02 9.981814622879028320e-01
9.852748364210128784e-02 9.142763167619705200e-02 1.409318745136260986e-01 -3.086752258241176605e-02 5.735697969794273376e-02 -3.708268702030181885e-02 9.971871972084045410e-01
1.047073602676391602e-01 9.543654322624206543e-02 1.491222679615020752e-01 -3.358665108680725098e-02 6.339322775602340698e-02 -4.107313603162765503e-02 9.965772628784179688e-01
1.162550374865531921e-01 1.025372743606567383e-01 1.597495973110198975e-01 -3.500450029969215393e-02 6.714182347059249878e-02 -4.437559843063354492e-02 9.961413145065307617e-01
1.211749538779258728e-01 1.097885444760322571e-01 1.660219728946685791e-01 -3.537080809473991394e-02 7.344508916139602661e-02 -4.699637740850448608e-02 9.955632686614990234e-01
1.315755993127822876e-01 1.179137825965881348e-01 1.682654172182083130e-01 -3.323636949062347412e-02 7.333026826381683350e-02 -4.910863190889358521e-02 9.955432415008544922e-01
1.435215324163436890e-01 1.244745180010795593e-01 1.758272498846054077e-01 -3.374334424734115601e-02 7.651725411415100098e-02 -5.102319270372390747e-02 9.951900839805603027e-01
1.538175046443939209e-01 1.294648796319961548e-01 1.836073994636535645e-01 -3.485651686787605286e-02 8.088252693414688110e-02 -5.058075115084648132e-02 9.948289990425109863e-01
1.719156652688980103e-01 1.360520869493484497e-01 1.896300464868545532e-01 -3.440067917108535767e-02 8.221419900655746460e-02 -4.936948791146278381e-02 9.947965145111083984e-01
1.874274462461471558e-01 1.427402794361114502e-01 1.965007036924362183e-01 -3.348457068204879761e-02 8.458179235458374023e-02 -4.858889430761337280e-02 9.946677088737487793e-01
2.076762169599533081e-01 1.493215262889862061e-01 1.964455395936965942e-01 -3.135780245065689087e-02 8.470909297466278076e-02 -4.596061632037162781e-02 9.948511123657226562e-01
2.271748334169387817e-01 1.506821066141128540e-01 2.039335519075393677e-01 -3.050202317535877228e-02 8.456263691186904907e-02 -4.507967084646224976e-02 9.949305057525634766e-01
2.402703016996383667e-01 1.506747752428054810e-01 2.149666696786880493e-01 -2.917390130460262299e-02 8.410466462373733521e-02 -4.440210759639739990e-02 9.950395822525024414e-01
2.563945055007934570e-01 1.535973250865936279e-01 2.233274728059768677e-01 -2.740937098860740662e-02 8.281366527080535889e-02 -4.311139136552810669e-02 9.952547550201416016e-01
2.591322064399719238e-01 1.525748074054718018e-01 2.311524003744125366e-01 -2.735577337443828583e-02 8.656705915927886963e-02 -4.692623391747474670e-02 9.947642087936401367e-01
2.767243981361389160e-01 1.545522809028625488e-01 2.378746271133422852e-01 -2.642983943223953247e-02 8.667095750570297241e-02 -4.607684537768363953e-02 9.948198795318603516e-01
2.926612496376037598e-01 1.594208329916000366e-01 2.462146431207656860e-01 -2.559511549770832062e-02 8.691700547933578491e-02 -4.582291096448898315e-02 9.948319792747497559e-01
3.114747405052185059e-01 1.624628752470016479e-01 2.514936923980712891e-01 -2.553409337997436523e-02 8.834555745124816895e-02 -4.585135728120803833e-02 9.947063326835632324e-01
3.305960595607757568e-01 1.708088368177413940e-01 2.649387121200561523e-01 -2.436961606144905090e-02 8.693048357963562012e-02 -4.365378990769386292e-02 9.949591159820556641e-01
3.438941240310668945e-01 1.827607303857803345e-01 2.751668393611907959e-01 -2.245151251554489136e-02 8.743497729301452637e-02 -4.204185679554939270e-02 9.950294494628906250e-01
3.538144826889038086e-01 1.940469890832901001e-01 2.902681827545166016e-01 -2.188975363969802856e-02 8.721902221441268921e-02 -4.209390282630920410e-02 9.950587153434753418e-01
3.533203303813934326e-01 1.931555420160293579e-01 2.977856695652008057e-01 -2.693646959960460663e-02 8.511506021022796631e-02 -4.684503376483917236e-02 9.949046969413757324e-01
3.563078045845031738e-01 2.047301232814788818e-01 3.117125928401947021e-01 -2.730770036578178406e-02 8.429440855979919434e-02 -4.651331156492233276e-02 9.949800968170166016e-01
3.549368381500244141e-01 2.197159081697463989e-01 3.301440775394439697e-01 -2.648902870714664459e-02 8.504220843315124512e-02 -4.784626141190528870e-02 9.948753118515014648e-01
3.568558990955352783e-01 2.315435409545898438e-01 3.421004116535186768e-01 -2.668204903602600098e-02 8.510541170835494995e-02 -4.715033993124961853e-02 9.948980212211608887e-01
3.628663122653961182e-01 2.418002188205718994e-01 3.569829463958740234e-01 -2.742928080260753632e-02 8.255341649055480957e-02 -4.596653208136558533e-02 9.951480627059936523e-01
3.629455864429473877e-01 2.563461661338806152e-01 3.715144097805023193e-01 -2.745458669960498810e-02 8.310189098119735718e-02 -4.726912826299667358e-02 9.950407147407531738e-01
3.667439818382263184e-01 2.746573388576507568e-01 3.935176432132720947e-01 -2.756416983902454376e-02 8.145919442176818848e-02 -4.697760567069053650e-02 9.951872825622558594e-01
3.696373701095581055e-01 2.769130468368530273e-01 3.983006179332733154e-01 -3.016104921698570251e-02 7.824794203042984009e-02 -5.038179457187652588e-02 9.952031373977661133e-01
3.729659020900726318e-01 2.883557081222534180e-01 4.115530848503112793e-01 -3.139511868357658386e-02 7.801931351423263550e-02 -5.236409604549407959e-02 9.950805902481079102e-01
3.751059174537658691e-01 3.040757775306701660e-01 4.252671003341674805e-01 -3.106015175580978394e-02 7.872458547353744507e-02 -5.160352587699890137e-02 9.950753450393676758e-01
3.829089999198913574e-01 3.182506561279296875e-01 4.358472824096679688e-01 -3.031511232256889343e-02 7.633727788925170898e-02 -4.915963485836982727e-02 9.954079985618591309e-01
3.803203999996185303e-01 3.310014903545379639e-01 4.476325809955596924e-01 -2.960100397467613220e-02 7.951433956623077393e-02 -4.891576617956161499e-02 9.951927065849304199e-01
3.851116001605987549e-01 3.460680842399597168e-01 4.629458189010620117e-01 -2.984007634222507477e-02 7.893037796020507812e-02 -4.904267191886901855e-02 9.952258467674255371e-01
3.884011805057525635e-01 3.601868450641632080e-01 4.870340526103973389e-01 -3.153112158179283142e-02 7.676547765731811523e-02 -4.736518114805221558e-02 9.954242706298828125e-01
3.884704113006591797e-01 3.644550144672393799e-01 4.830670356750488281e-01 -3.309673443436622620e-02 7.516804337501525879e-02 -5.268350616097450256e-02 9.952281117439270020e-01
3.887496292591094971e-01 3.769919276237487793e-01 4.963768124580383301e-01 -3.300323709845542908e-02 7.619166374206542969e-02 -5.197686702013015747e-02 9.951905012130737305e-01
3.915498852729797363e-01 3.887467086315155029e-01 5.082074999809265137e-01 -3.287849202752113342e-02 7.588865607976913452e-02 -5.046905577182769775e-02 9.952953457832336426e-01
3.913627564907073975e-01 3.991667926311492920e-01 5.197408199310302734e-01 -3.165391832590103149e-02 7.767193019390106201e-02 -4.878702387213706970e-02 9.952813386917114258e-01
3.914123177528381348e-01 4.085349142551422119e-01 5.307216644287109375e-01 -3.093068487942218781e-02 7.844919711351394653e-02 -4.696023836731910706e-02 9.953309893608093262e-01
3.934660553932189941e-01 4.140811264514923096e-01 5.407859683036804199e-01 -3.302159905433654785e-02 7.647006958723068237e-02 -4.706031456589698792e-02 9.954131841659545898e-01
3.939961493015289307e-01 4.224584102630615234e-01 5.521244406700134277e-01 -3.364096954464912415e-02 7.402446866035461426e-02 -5.021546781063079834e-02 9.954230785369873047e-01
3.940141797065734863e-01 4.314082860946655273e-01 5.669565796852111816e-01 -3.256670013070106506e-02 7.681728154420852661e-02 -4.475324600934982300e-02 9.955077767372131348e-01
3.902544081211090088e-01 4.350984990596771240e-01 5.787104964256286621e-01 -3.319772705435752869e-02 7.475892454385757446e-02 -4.848944023251533508e-02 9.954686760902404785e-01
3.937340974807739258e-01 4.399558305740356445e-01 5.821050405502319336e-01 -3.315480053424835205e-02 7.381026446819305420e-02 -4.953657090663909912e-02 9.954892992973327637e-01
3.919185400009155273e-01 4.464302957057952881e-01 5.914177894592285156e-01 -3.032900951802730560e-02 7.433037459850311279e-02 -4.664626345038414001e-02 9.956803321838378906e-01
3.920384645462036133e-01 4.550049602985382080e-01 6.057955622673034668e-01 -2.728707157075405121e-02 7.163704931735992432e-02 -3.840058296918869019e-02 9.963177442550659180e-01
3.899733722209930420e-01 4.598507881164550781e-01 6.104244589805603027e-01 -1.945272274315357208e-02 6.616893410682678223e-02 -3.436240181326866150e-02 9.970268607139587402e-01
3.968580961227416992e-01 4.688064455986022949e-01 6.177655458450317383e-01 -1.548342779278755188e-02 5.779062211513519287e-02 -1.787124015390872955e-02 9.980487227439880371e-01
3.959045410156250000e-01 4.750003814697265625e-01 6.248643398284912109e-01 -1.132007036358118057e-02 5.243213102221488953e-02 -6.274505984038114548e-03 9.985406398773193359e-01
3.962767422199249268e-01 4.796623885631561279e-01 6.288546323776245117e-01 -9.240476414561271667e-03 4.839112982153892517e-02 8.044758811593055725e-03 9.987533688545227051e-01
3.968843221664428711e-01 4.836396872997283936e-01 6.363757252693176270e-01 -8.244225755333900452e-03 3.913346305489540100e-02 2.038134075701236725e-02 9.989921450614929199e-01
3.967891037464141846e-01 4.890617430210113525e-01 6.424014568328857422e-01 -3.506003879010677338e-03 3.453511372208595276e-02 3.638578951358795166e-02 9.987348318099975586e-01
3.993954360485076904e-01 4.948714375495910645e-01 6.481564044952392578e-01 -2.922740764915943146e-03 2.502589486539363861e-02 4.300318285822868347e-02 9.987571835517883301e-01
3.994662165641784668e-01 5.010914802551269531e-01 6.562981009483337402e-01 -3.524882777128368616e-05 1.693339273333549500e-02 5.684804543852806091e-02 9.982392787933349609e-01
4.002552032470703125e-01 5.097917318344116211e-01 6.654577851295471191e-01 4.254356957972049713e-03 7.666940800845623016e-03 7.162936031818389893e-02 9.973928332328796387e-01
4.017464220523834229e-01 5.148119330406188965e-01 6.724112033843994141e-01 5.945156328380107880e-03 -3.185733454301953316e-03 8.180351555347442627e-02 9.966256618499755859e-01
4.021565318107604980e-01 5.230169892311096191e-01 6.833412647247314453e-01 9.598387405276298523e-03 -1.143583562225103378e-02 9.598100930452346802e-02 9.952712655067443848e-01
4.018492996692657471e-01 5.300705432891845703e-01 6.923412084579467773e-01 1.048274431377649307e-02 -1.785088144242763519e-02 1.049328595399856567e-01 9.942638278007507324e-01
4.030303657054901123e-01 5.370450019836425781e-01 6.992806792259216309e-01 1.255554705858230591e-02 -2.462660707533359528e-02 1.193921342492103577e-01 9.924623370170593262e-01
4.038129746913909912e-01 5.410642623901367188e-01 7.038117051124572754e-01 1.461852062493562698e-02 -3.042646683752536774e-02 1.230500340461730957e-01 9.918262362480163574e-01
4.044977426528930664e-01 5.481974482536315918e-01 7.129975557327270508e-01 1.593377441167831421e-02 -3.735738620162010193e-02 1.313185393810272217e-01 9.905079603195190430e-01
4.052158892154693604e-01 5.565486550331115723e-01 7.227506637573242188e-01 1.827351935207843781e-02 -4.398731142282485962e-02 1.388426870107650757e-01 9.891683459281921387e-01
4.056110084056854248e-01 5.655520558357238770e-01 7.338272929191589355e-01 1.976169832050800323e-02 -4.929085448384284973e-02 1.458587199449539185e-01 9.878791570663452148e-01
4.062409996986389160e-01 5.727288126945495605e-01 7.410861253738403320e-01 2.081056125462055206e-02 -5.494302138686180115e-02 1.479401588439941406e-01 9.872496724128723145e-01
4.068178236484527588e-01 5.808944702148437500e-01 7.511928677558898926e-01 2.136787958443164825e-02 -5.937780067324638367e-02 1.503996700048446655e-01 9.866092205047607422e-01
4.065928161144256592e-01 5.893570184707641602e-01 7.632539868354797363e-01 2.260686643421649933e-02 -6.223059445619583130e-02 1.519625037908554077e-01 9.861661791801452637e-01
4.074947834014892578e-01 5.984316468238830566e-01 7.725144624710083008e-01 8.518230170011520386e-03 -6.873352080583572388e-02 1.488776057958602905e-01 9.864271879196166992e-01
4.082426130771636963e-01 6.075257658958435059e-01 7.817202806472778320e-01 -8.717448450624942780e-03 -7.465235888957977295e-02 1.449784189462661743e-01 9.865760803222656250e-01
4.090014398097991943e-01 6.168473958969116211e-01 7.932112812995910645e-01 -2.764849551022052765e-02 -8.058644831180572510e-02 1.393161863088607788e-01 9.865761399269104004e-01
4.115484058856964111e-01 6.236482858657836914e-01 8.037031292915344238e-01 -5.051330849528312683e-02 -8.635852485895156860e-02 1.326673179864883423e-01 9.860984683036804199e-01
4.111157357692718506e-01 6.320027112960815430e-01 8.145969510078430176e-01 -7.387060672044754028e-02 -9.124443680047988892e-02 1.244878545403480530e-01 9.852514266967773438e-01
4.139906466007232666e-01 6.381689310073852539e-01 8.255360126495361328e-01 -9.961718320846557617e-02 -9.714680165052413940e-02 1.142093166708946228e-01 9.836641550064086914e-01
4.083390831947326660e-01 6.500355005264282227e-01 8.391719460487365723e-01 -1.236224547028541565e-01 -1.014155820012092590e-01 1.040032580494880676e-01 9.816392660140991211e-01
4.087450504302978516e-01 6.567134261131286621e-01 8.505600690841674805e-01 -1.521278917789459229e-01 -1.061307936906814575e-01 9.234222024679183960e-02 9.782976508140563965e-01
4.067964255809783936e-01 6.634001135826110840e-01 8.627998232841491699e-01 -1.800333708524703979e-01 -1.109483540058135986e-01 8.067291229963302612e-02 9.740484356880187988e-01
4.041095077991485596e-01 6.715645790100097656e-01 8.739659786224365234e-01 -2.069510221481323242e-01 -1.149821653962135315e-01 6.888323277235031128e-02 9.691262245178222656e-01
4.018334448337554932e-01 6.794317364692687988e-01 8.875808715820312500e-01 -2.344380766153335571e-01 -1.200108975172042847e-01 5.671685189008712769e-02 9.630261659622192383e-01
3.987838923931121826e-01 6.868748068809509277e-01 9.010748863220214844e-01 -2.616448700428009033e-01 -1.249725297093391418e-01 4.594662040472030640e-02 9.559355378150939941e-01
3.944218158721923828e-01 6.958925724029541016e-01 9.145104289054870605e-01 -2.876241803169250488e-01 -1.296170204877853394e-01 3.583221882581710815e-02 9.482551217079162598e-01
3.906282484531402588e-01 7.019546627998352051e-01 9.287030696868896484e-01 -3.135403990745544434e-01 -1.347095519304275513e-01 2.515415661036968231e-02 9.396345615386962891e-01
3.863505721092224121e-01 7.088035941123962402e-01 9.406309127807617188e-01 -3.382920920848846436e-01 -1.393825113773345947e-01 1.626853458583354950e-02 9.305194020271301270e-01
3.822833001613616943e-01 7.159037590026855469e-01 9.539922475814819336e-01 -3.612612783908843994e-01 -1.449482589960098267e-01 8.819638751447200775e-03 9.210877418518066406e-01
3.767753243446350098e-01 7.234913110733032227e-01 9.670306444168090820e-01 -3.824091553688049316e-01 -1.493211239576339722e-01 2.819973742589354515e-03 9.118434786796569824e-01
3.733793497085571289e-01 7.306352853775024414e-01 9.818645119667053223e-01 -4.025196433067321777e-01 -1.562334597110748291e-01 -9.087501675821840763e-04 9.019802212715148926e-01
3.682910203933715820e-01 7.365238666534423828e-01 9.936329722404479980e-01 -4.201772511005401611e-01 -1.617526113986968994e-01 -3.338934853672981262e-03 8.929032087326049805e-01
3.625226020812988281e-01 7.457435727119445801e-01 1.010567784309387207e+00 -4.351415336132049561e-01 -1.689235568046569824e-01 -3.271811408922076225e-03 8.843675851821899414e-01
3.576180934906005859e-01 7.527012228965759277e-01 1.024424314498901367e+00 -4.483043253421783447e-01 -1.761925071477890015e-01 -6.411202484741806984e-04 8.763442039489746094e-01
3.527174592018127441e-01 7.603604793548583984e-01 1.039067745208740234e+00 -4.588781297206878662e-01 -1.842879801988601685e-01 4.485619254410266876e-03 8.691654801368713379e-01
3.470404744148254395e-01 7.679957747459411621e-01 1.054651379585266113e+00 -4.672191143035888672e-01 -1.929575204849243164e-01 1.176872290670871735e-02 8.627486228942871094e-01
3.416863381862640381e-01 7.751765251159667969e-01 1.069026947021484375e+00 -4.734639823436737061e-01 -2.018747925758361816e-01 2.088294178247451782e-02 8.571128249168395996e-01
3.358342647552490234e-01 7.826353311538696289e-01 1.083625912666320801e+00 -4.776688218116760254e-01 -2.113263756036758423e-01 3.203593567013740540e-02 8.521428704261779785e-01
3.299128413200378418e-01 7.912075519561767578e-01 1.099681377410888672e+00 -4.795179963111877441e-01 -2.215119451284408569e-01 4.493407160043716431e-02 8.479245305061340332e-01
3.232114911079406738e-01 7.978416681289672852e-01 1.115018129348754883e+00 -4.803698658943176270e-01 -2.317562401294708252e-01 5.890648812055587769e-02 8.438387513160705566e-01
3.160371780395507812e-01 8.058030605316162109e-01 1.129623174667358398e+00 -4.784284234046936035e-01 -2.419202774763107300e-01 7.500904798507690430e-02 8.408058285713195801e-01
3.073815703392028809e-01 8.128298521041870117e-01 1.146041870117187500e+00 -4.751805663108825684e-01 -2.524688839912414551e-01 9.122607111930847168e-02 8.379384279251098633e-01
2.983455955982208252e-01 8.190392255783081055e-01 1.161127328872680664e+00 -4.708739221096038818e-01 -2.631303966045379639e-01 1.088423430919647217e-01 8.349812030792236328e-01
2.883913516998291016e-01 8.252216577529907227e-01 1.176596403121948242e+00 -4.643914699554443359e-01 -2.739678621292114258e-01 1.279186010360717773e-01 8.324176073074340820e-01
2.769513428211212158e-01 8.308802843093872070e-01 1.190973520278930664e+00 -4.563891589641571045e-01 -2.845732867717742920e-01 1.474716216325759888e-01 8.300477266311645508e-01
2.634807825088500977e-01 8.358579874038696289e-01 1.204906225204467773e+00 -4.468584060668945312e-01 -2.954629957675933838e-01 1.673406362533569336e-01 8.276571631431579590e-01
2.487733960151672363e-01 8.399625420570373535e-01 1.217026233673095703e+00 -4.359024465084075928e-01 -3.060577809810638428e-01 1.874464303255081177e-01 8.253372311592102051e-01
2.337384819984436035e-01 8.464913368225097656e-01 1.228566884994506836e+00 -4.237061440944671631e-01 -3.167588114738464355e-01 2.078075408935546875e-01 8.227715492248535156e-01
2.205933332443237305e-01 8.565634489059448242e-01 1.239903330802917480e+00 -4.097059369087219238e-01 -3.272671699523925781e-01 2.281220257282257080e-01 8.203643560409545898e-01
2.069278359413146973e-01 8.626992106437683105e-01 1.252367496490478516e+00 -3.949672877788543701e-01 -3.370797932147979736e-01 2.479693740606307983e-01 8.178564906120300293e-01
1.937343478202819824e-01 8.673318624496459961e-01 1.264899134635925293e+00 -3.795761764049530029e-01 -3.473532795906066895e-01 2.682662308216094971e-01 8.144328594207763672e-01
1.799086928367614746e-01 8.723292350769042969e-01 1.276557922363281250e+00 -3.628343939781188965e-01 -3.570555448532104492e-01 2.881450355052947998e-01 8.110703229904174805e-01
1.664086580276489258e-01 8.761525154113769531e-01 1.287288665771484375e+00 -3.457483947277069092e-01 -3.660164177417755127e-01 3.070110380649566650e-01 8.076102733612060547e-01
1.533378362655639648e-01 8.799539804458618164e-01 1.297543764114379883e+00 -3.279530405998229980e-01 -3.746283948421478271e-01 3.248538374900817871e-01 8.040959835052490234e-01
1.403616666793823242e-01 8.840969800949096680e-01 1.307689785957336426e+00 -3.091226816177368164e-01 -3.833289444446563721e-01 3.426841497421264648e-01 8.000435829162597656e-01
1.275296211242675781e-01 8.884795904159545898e-01 1.317239284515380859e+00 -2.899797558784484863e-01 -3.913286030292510986e-01 3.595815598964691162e-01 7.959112524986267090e-01
1.154935359954833984e-01 8.921384811401367188e-01 1.325595617294311523e+00 -2.705567479133605957e-01 -3.986580967903137207e-01 3.751406967639923096e-01 7.919219136238098145e-01
1.034510135650634766e-01 8.958675861358642578e-01 1.333666324615478516e+00 -2.494433969259262085e-01 -4.065163433551788330e-01 3.877234458923339844e-01 7.887921333312988281e-01
9.166061878204345703e-02 8.988529443740844727e-01 1.341459870338439941e+00 -2.289632707834243774e-01 -4.136748611927032471e-01 3.992744982242584229e-01 7.855117917060852051e-01
8.009266853332519531e-02 9.020388722419738770e-01 1.348818063735961914e+00 -2.081277966499328613e-01 -4.203178286552429199e-01 4.105416238307952881e-01 7.819663882255554199e-01
6.930577754974365234e-02 9.047670364379882812e-01 1.355185031890869141e+00 -1.873695701360702515e-01 -4.261171519756317139e-01 4.216943979263305664e-01 7.781327962875366211e-01
5.794858932495117188e-02 9.083931446075439453e-01 1.361175179481506348e+00 -1.667762994766235352e-01 -4.311863183975219727e-01 4.329989254474639893e-01 7.738062143325805664e-01
4.918599128723144531e-02 9.124448895454406738e-01 1.369756937026977539e+00 -1.478709131479263306e-01 -4.372065067291259766e-01 4.447374343872070312e-01 7.675893306732177734e-01
3.896200656890869141e-02 9.148783087730407715e-01 1.375113964080810547e+00 -1.291178017854690552e-01 -4.417613148689270020e-01 4.555802345275878906e-01 7.619857192039489746e-01
2.870273590087890625e-02 9.171683192253112793e-01 1.378602743148803711e+00 -1.109617426991462708e-01 -4.460461735725402832e-01 4.660255312919616699e-01 7.560096383094787598e-01
2.004218101501464844e-02 9.178028106689453125e-01 1.381239533424377441e+00 -9.401566535234451294e-02 -4.497414231300354004e-01 4.756872355937957764e-01 7.500769495964050293e-01
1.038289070129394531e-02 9.194732308387756348e-01 1.384348869323730469e+00 -7.731904834508895874e-02 -4.532252252101898193e-01 4.856875836849212646e-01 7.434489130973815918e-01
-4.822015762329101562e-04 9.228150844573974609e-01 1.387397170066833496e+00 -6.028720736503601074e-02 -4.568462073802947998e-01 4.955656826496124268e-01 7.362551689147949219e-01
-8.816838264465332031e-03 9.236089587211608887e-01 1.390143871307373047e+00 -4.559979215264320374e-02 -4.601967632770538330e-01 5.046160817146301270e-01 7.290420532226562500e-01
-1.553058624267578125e-02 9.253465533256530762e-01 1.393316745758056641e+00 -3.038734756410121918e-02 -4.638267457485198975e-01 5.119327902793884277e-01 7.224030494689941406e-01
-2.358162403106689453e-02 9.271765947341918945e-01 1.395224928855895996e+00 -1.545499823987483978e-02 -4.671470820903778076e-01 5.184243321418762207e-01 7.160802483558654785e-01
-2.947127819061279297e-02 9.287176728248596191e-01 1.398140668869018555e+00 -1.482159947045147419e-03 -4.707039892673492432e-01 5.242862105369567871e-01 7.096193432807922363e-01
-3.797769546508789062e-02 9.295507669448852539e-01 1.399164199829101562e+00 1.140279322862625122e-02 -4.729137122631072998e-01 5.299003720283508301e-01 7.038666605949401855e-01
-4.335725307464599609e-02 9.316520690917968750e-01 1.401991248130798340e+00 1.301919110119342804e-02 -4.798274040222167969e-01 5.298872590065002441e-01 6.991535425186157227e-01
-4.833054542541503906e-02 9.324288964271545410e-01 1.403399229049682617e+00 1.428435277193784714e-02 -4.860488772392272949e-01 5.295926928520202637e-01 6.950425505638122559e-01
-5.357205867767333984e-02 9.337701201438903809e-01 1.405537247657775879e+00 1.593757607042789459e-02 -4.921806752681732178e-01 5.293975472450256348e-01 6.908274292945861816e-01
-5.811345577239990234e-02 9.345760941505432129e-01 1.407178282737731934e+00 1.716380566358566284e-02 -4.976857900619506836e-01 5.296133160591125488e-01 6.866761445999145508e-01
-6.164634227752685547e-02 9.357803463935852051e-01 1.409052491188049316e+00 1.865798048675060272e-02 -5.028927326202392578e-01 5.294917821884155273e-01 6.829270124435424805e-01
-6.551539897918701172e-02 9.352991580963134766e-01 1.410048484802246094e+00 1.944953761994838715e-02 -5.073765516281127930e-01 5.293997526168823242e-01 6.796519756317138672e-01
-6.893467903137207031e-02 9.384824037551879883e-01 1.411713957786560059e+00 2.109824493527412415e-02 -5.115209817886352539e-01 5.307306051254272461e-01 6.754451990127563477e-01
-7.183635234832763672e-02 9.385767579078674316e-01 1.412827968597412109e+00 2.174301445484161377e-02 -5.147118568420410156e-01 5.311580896377563477e-01 6.726590394973754883e-01
-7.426190376281738281e-02 9.387276172637939453e-01 1.414335131645202637e+00 2.228622883558273315e-02 -5.179942250251770020e-01 5.313414931297302246e-01 6.699713468551635742e-01
-7.527124881744384766e-02 9.396587610244750977e-01 1.415884494781494141e+00 2.269908599555492401e-02 -5.202457308769226074e-01 5.320823788642883301e-01 6.676207184791564941e-01
-7.747519016265869141e-02 9.388098120689392090e-01 1.416172266006469727e+00 2.270388044416904449e-02 -5.213839411735534668e-01 5.320410728454589844e-01 6.667650938034057617e-01
-7.955253124237060547e-02 9.391167759895324707e-01 1.416556954383850098e+00 2.289156801998615265e-02 -5.215503573417663574e-01 5.327790379524230957e-01 6.660388708114624023e-01
-8.002758026123046875e-02 9.412901401519775391e-01 1.419229269027709961e+00 2.254230901598930359e-02 -5.222076177597045898e-01 5.334346890449523926e-01 6.650102138519287109e-01
-7.975745201110839844e-02 9.394466876983642578e-01 1.417622327804565430e+00 2.165537513792514801e-02 -5.205610990524291992e-01 5.335397124290466309e-01 6.662452220916748047e-01
-8.127975463867187500e-02 9.404351711273193359e-01 1.419814944267272949e+00 2.113207243382930756e-02 -5.193812251091003418e-01 5.334932804107666016e-01 6.672192811965942383e-01
-8.110201358795166016e-02 9.406876564025878906e-01 1.420031428337097168e+00 1.982533000409603119e-02 -5.163268446922302246e-01 5.348237752914428711e-01 6.685634851455688477e-01
-8.084321022033691406e-02 9.414348006248474121e-01 1.420358777046203613e+00 1.938547380268573761e-02 -5.128741860389709473e-01 5.349349379539489746e-01 6.711399555206298828e-01
-8.217513561248779297e-02 9.416153430938720703e-01 1.420673370361328125e+00 1.880473271012306213e-02 -5.082352757453918457e-01 5.349196195602416992e-01 6.746883988380432129e-01
-8.316600322723388672e-02 9.420020580291748047e-01 1.420910477638244629e+00 1.750385947525501251e-02 -5.020480155944824219e-01 5.351287722587585449e-01 6.791750192642211914e-01
-8.495414257049560547e-02 9.424579739570617676e-01 1.422878026962280273e+00 1.659366302192211151e-02 -4.957199692726135254e-01 5.343376398086547852e-01 6.844484210014343262e-01
-8.454918861389160156e-02 9.417423009872436523e-01 1.423137068748474121e+00 2.481182105839252472e-03 -4.929642379283905029e-01 5.246722102165222168e-01 6.940456032752990723e-01
-8.754718303680419922e-02 9.417261481285095215e-01 1.425571560859680176e+00 -1.318439282476902008e-02 -4.892963767051696777e-01 5.148236751556396484e-01 7.038266062736511230e-01
-8.939456939697265625e-02 9.409945607185363770e-01 1.426129102706909180e+00 -2.968481928110122681e-02 -4.843043088912963867e-01 5.035839080810546875e-01 7.148226499557495117e-01
-9.115004539489746094e-02 9.409961700439453125e-01 1.429470181465148926e+00 -4.799504205584526062e-02 -4.798694252967834473e-01 4.905992746353149414e-01 7.257645726203918457e-01
-9.285676479339599609e-02 9.408513903617858887e-01 1.431129932403564453e+00 -6.670061498880386353e-02 -4.738889634609222412e-01 4.773751497268676758e-01 7.369486093521118164e-01
-9.711575508117675781e-02 9.404037594795227051e-01 1.433674335479736328e+00 -8.550304919481277466e-02 -4.672493934631347656e-01 4.623350799083709717e-01 7.487412691116333008e-01
-1.000212430953979492e-01 9.398699402809143066e-01 1.435267448425292969e+00 -1.051189824938774109e-01 -4.595990777015686035e-01 4.466480314731597900e-01 7.604105472564697266e-01
-1.028977632522583008e-01 9.396578669548034668e-01 1.438042998313903809e+00 -1.250605285167694092e-01 -4.521623849868774414e-01 4.298265278339385986e-01 7.714650034904479980e-01
-1.059763431549072266e-01 9.392315149307250977e-01 1.441627621650695801e+00 -1.456022113561630249e-01 -4.441000223159790039e-01 4.128479361534118652e-01 7.817491888999938965e-01
-1.102772951126098633e-01 9.387879371643066406e-01 1.444750070571899414e+00 -1.655449420213699341e-01 -4.354687631130218506e-01 3.952655792236328125e-01 7.916609048843383789e-01
-1.134107708930969238e-01 9.376088380813598633e-01 1.447283387184143066e+00 -1.855186223983764648e-01 -4.264685511589050293e-01 3.765204250812530518e-01 8.012115359306335449e-01
-1.159108877182006836e-01 9.379433989524841309e-01 1.450577735900878906e+00 -2.051903754472732544e-01 -4.176553189754486084e-01 3.582003116607666016e-01 8.094155192375183105e-01
-1.190976500511169434e-01 9.374825954437255859e-01 1.452775001525878906e+00 -2.242290079593658447e-01 -4.084046185016632080e-01 3.397371470928192139e-01 8.170102834701538086e-01
-1.217501163482666016e-01 9.368267059326171875e-01 1.454746246337890625e+00 -2.427692711353302002e-01 -3.990051150321960449e-01 3.208669722080230713e-01 8.239553570747375488e-01
-1.236112117767333984e-01 9.367147684097290039e-01 1.456442117691040039e+00 -2.603479623794555664e-01 -3.898720443248748779e-01 3.028587698936462402e-01 8.297562599182128906e-01
-1.265642046928405762e-01 9.365775585174560547e-01 1.457640290260314941e+00 -2.768790721893310547e-01 -3.807704746723175049e-01 2.849582135677337646e-01 8.349555134773254395e-01
-1.282993555068969727e-01 9.371685981750488281e-01 1.458677053451538086e+00 -2.920034527778625488e-01 -3.724059164524078369e-01 2.680923938751220703e-01 8.391509652137756348e-01
-1.295461058616638184e-01 9.367907643318176270e-01 1.459802627563476562e+00 -3.065771758556365967e-01 -3.646954298019409180e-01 2.516944110393524170e-01 8.424118161201477051e-01
-1.308165192604064941e-01 9.368356466293334961e-01 1.460402727127075195e+00 -3.193711638450622559e-01 -3.576701879501342773e-01 2.361340075731277466e-01 8.451715111732482910e-01
-1.318556666374206543e-01 9.371277689933776855e-01 1.460652589797973633e+00 -3.308901190757751465e-01 -3.510572910308837891e-01 2.222412079572677612e-01 8.472776412963867188e-01
-1.322844028472900391e-01 9.370220899581909180e-01 1.460735082626342773e+00 -3.409292101860046387e-01 -3.457432389259338379e-01 2.090971320867538452e-01 8.488270640373229980e-01
-1.325657367706298828e-01 9.370450973510742188e-01 1.461047649383544922e+00 -3.496509790420532227e-01 -3.416232764720916748e-01 1.975366771221160889e-01 8.497158885002136230e-01
-1.331038177013397217e-01 9.370271563529968262e-01 1.461457490921020508e+00 -3.572677969932556152e-01 -3.382396996021270752e-01 1.874930113554000854e-01 8.501764535903930664e-01
-1.340143680572509766e-01 9.371610283851623535e-01 1.461664915084838867e+00 -3.635552525520324707e-01 -3.351309895515441895e-01 1.784956902265548706e-01 8.506786227226257324e-01
-1.345461905002593994e-01 9.366930723190307617e-01 1.462115764617919922e+00 -3.691729009151458740e-01 -3.330419063568115234e-01 1.699191182851791382e-01 8.508360981941223145e-01
-1.354161500930786133e-01 9.367311596870422363e-01 1.462652206420898438e+00 -3.735500872135162354e-01 -3.315858542919158936e-01 1.630573272705078125e-01 8.508368730545043945e-01
-1.365122199058532715e-01 9.365138411521911621e-01 1.463241100311279297e+00 -3.773207068443298340e-01 -3.300591707229614258e-01 1.565423160791397095e-01 8.509904146194458008e-01
-1.377330422401428223e-01 9.362289309501647949e-01 1.463917851448059082e+00 -3.805624544620513916e-01 -3.287900388240814209e-01 1.507214903831481934e-01 8.510889410972595215e-01
-1.390356719493865967e-01 9.359123110771179199e-01 1.464740872383117676e+00 -3.833061456680297852e-01 -3.274596631526947021e-01 1.458069384098052979e-01 8.512267470359802246e-01
-1.405049562454223633e-01 9.355880022048950195e-01 1.465568780899047852e+00 -3.855732977390289307e-01 -3.259671628475189209e-01 1.413686722517013550e-01 8.515242934226989746e-01
-1.422776877880096436e-01 9.354066848754882812e-01 1.466288328170776367e+00 -3.873019814491271973e-01 -3.240340948104858398e-01 1.372750550508499146e-01 8.521471023559570312e-01
-1.440129876136779785e-01 9.349136948585510254e-01 1.467358350753784180e+00 -3.890865445137023926e-01 -3.218705058097839355e-01 1.335218995809555054e-01 8.527502417564392090e-01
-1.459394693374633789e-01 9.343520402908325195e-01 1.468310356140136719e+00 -3.907905220985412598e-01 -3.187975287437438965e-01 1.296853721141815186e-01 8.537169694900512695e-01
-1.482905149459838867e-01 9.339239597320556641e-01 1.469324350357055664e+00 -3.923735618591308594e-01 -3.149785697460174561e-01 1.260781437158584595e-01 8.549478054046630859e-01
-1.506075859069824219e-01 9.335500001907348633e-01 1.470418691635131836e+00 -3.938394188880920410e-01 -3.105524182319641113e-01 1.224786490201950073e-01 8.564150929450988770e-01
-1.529045403003692627e-01 9.325613379478454590e-01 1.471499085426330566e+00 -3.957724571228027344e-01 -3.046965301036834717e-01 1.183967888355255127e-01 8.581994771957397461e-01
-1.554857790470123291e-01 9.319874048233032227e-01 1.472757816314697266e+00 -3.980298936367034912e-01 -2.974910736083984375e-01 1.146171465516090393e-01 8.601943254470825195e-01
-1.586675941944122314e-01 9.311541318893432617e-01 1.473996639251708984e+00 -4.007774591445922852e-01 -2.888664901256561279e-01 1.100966557860374451e-01 8.624455332756042480e-01
-1.612689346075057983e-01 9.300211668014526367e-01 1.475465774536132812e+00 -4.039198160171508789e-01 -2.789427340030670166e-01 1.047807559370994568e-01 8.649050593376159668e-01
-1.644387692213058472e-01 9.292819499969482422e-01 1.476617574691772461e+00 -4.073330461978912354e-01 -2.671216130256652832e-01 9.906107932329177856e-02 8.677055239677429199e-01
-1.674120575189590454e-01 9.280796051025390625e-01 1.477957010269165039e+00 -4.119567573070526123e-01 -2.529194653034210205e-01 9.301380068063735962e-02 8.704434633255004883e-01
-1.707848310470581055e-01 9.268910288810729980e-01 1.479274034500122070e+00 -4.165984988212585449e-01 -2.372962385416030884e-01 8.587868511676788330e-02 8.733619451522827148e-01
-1.744828820228576660e-01 9.258474111557006836e-01 1.480526566505432129e+00 -4.214179217815399170e-01 -2.201598435640335083e-01 7.825283706188201904e-02 8.762494921684265137e-01
-1.783255040645599365e-01 9.247244596481323242e-01 1.481894016265869141e+00 -4.264080226421356201e-01 -2.016347348690032959e-01 7.021652162075042725e-02 8.789706230163574219e-01
-1.821948140859603882e-01 9.231708049774169922e-01 1.483042597770690918e+00 -4.314645826816558838e-01 -1.818316578865051270e-01 6.175390258431434631e-02 8.814545273780822754e-01
-1.864180117845535278e-01 9.221301078796386719e-01 1.484225153923034668e+00 -4.362674057483673096e-01 -1.614978462457656860e-01 5.319780111312866211e-02 8.836058378219604492e-01
-1.908399611711502075e-01 9.209406375885009766e-01 1.485536694526672363e+00 -4.410972595214843750e-01 -1.403242796659469604e-01 4.392650350928306580e-02 8.853320479393005371e-01
-1.951475739479064941e-01 9.193588495254516602e-01 1.486739993095397949e+00 -4.453692436218261719e-01 -1.191330850124359131e-01 3.528150543570518494e-02 8.866841793060302734e-01
-1.997292637825012207e-01 9.179160594940185547e-01 1.487651228904724121e+00 -4.491226673126220703e-01 -9.790419787168502808e-02 2.693906612694263458e-02 8.876812458038330078e-01
-2.040409743785858154e-01 9.158524274826049805e-01 1.488810539245605469e+00 -4.528418183326721191e-01 -7.679651677608489990e-02 1.895211078226566315e-02 8.880751729011535645e-01
-2.086956202983856201e-01 9.140728712081909180e-01 1.489728331565856934e+00 -4.556906521320343018e-01 -5.621758848428726196e-02 1.135884504765272141e-02 8.882886171340942383e-01
-2.137693464756011963e-01 9.122345447540283203e-01 1.490787744522094727e+00 -4.580491483211517334e-01 -3.622576594352722168e-02 3.772906959056854248e-03 8.881804347038269043e-01
-2.191310524940490723e-01 9.112505912780761719e-01 1.491455316543579102e+00 -4.591922163963317871e-01 -1.730128191411495209e-02 -3.337757196277379990e-03 8.881621956825256348e-01
-2.241352945566177368e-01 9.089930057525634766e-01 1.492328524589538574e+00 -4.601981341838836670e-01 1.269084459636360407e-04 -9.046114981174468994e-03 8.877701759338378906e-01
-2.296075224876403809e-01 9.070486426353454590e-01 1.493091583251953125e+00 -4.603709280490875244e-01 1.682011410593986511e-02 -1.309400331228971481e-02 8.874707221984863281e-01
-2.351163476705551147e-01 9.052078723907470703e-01 1.493838071823120117e+00 -4.594753384590148926e-01 3.190304711461067200e-02 -1.506619807332754135e-02 8.874895572662353516e-01
-2.407664060592651367e-01 9.030618071556091309e-01 1.494612932205200195e+00 -4.580648839473724365e-01 4.459709301590919495e-02 -1.701048575341701508e-02 8.876363635063171387e-01
-2.464641630649566650e-01 9.008004665374755859e-01 1.495241403579711914e+00 -4.558904767036437988e-01 5.424527823925018311e-02 -1.870082691311836243e-02 8.881844878196716309e-01
-2.521096467971801758e-01 8.988091349601745605e-01 1.495848655700683594e+00 -4.531518220901489258e-01 6.072758138179779053e-02 -1.989562250673770905e-02 8.891399502754211426e-01
-2.582817673683166504e-01 8.968267440795898438e-01 1.496349930763244629e+00 -4.493544399738311768e-01 6.405940651893615723e-02 -2.138348482549190521e-02 8.907973170280456543e-01
-2.643313407897949219e-01 8.939871788024902344e-01 1.497228860855102539e+00 -4.452337324619293213e-01 6.538777053356170654e-02 -1.790876314043998718e-02 8.928441405296325684e-01
-2.711307406425476074e-01 8.912110328674316406e-01 1.497973322868347168e+00 -4.397967159748077393e-01 6.438308209180831909e-02 -1.349906809628009796e-02 8.956849575042724609e-01
-2.777733206748962402e-01 8.895087838172912598e-01 1.498407125473022461e+00 -4.330515861511230469e-01 6.037237122654914856e-02 -7.834401912987232208e-03 8.993109464645385742e-01
-2.850147783756256104e-01 8.877333402633666992e-01 1.499649167060852051e+00 -4.259022176265716553e-01 5.432887375354766846e-02 -5.702170892618596554e-04 9.031364917755126953e-01
-2.914462387561798096e-01 8.850812911987304688e-01 1.500570774078369141e+00 -4.180260002613067627e-01 4.581836611032485962e-02 8.344598114490509033e-03 9.072405099868774414e-01
-2.987476289272308350e-01 8.824217319488525391e-01 1.501478910446166992e+00 -4.090827405452728271e-01 3.556702286005020142e-02 1.778913848102092743e-02 9.116303920745849609e-01
-3.058053553104400635e-01 8.799408078193664551e-01 1.502465248107910156e+00 -3.992018997669219971e-01 2.369961701333522797e-02 2.875630185008049011e-02 9.161055088043212891e-01
-3.138375580310821533e-01 8.767598867416381836e-01 1.503919005393981934e+00 -3.892343640327453613e-01 1.077656261622905731e-02 4.014767333865165710e-02 9.202003479003906250e-01
-3.215027749538421631e-01 8.737554550170898438e-01 1.505253911018371582e+00 -3.778409957885742188e-01 -3.618144197389483452e-03 5.274705588817596436e-02 9.243597388267517090e-01
-3.284835219383239746e-01 8.705466985702514648e-01 1.506626605987548828e+00 -3.656391501426696777e-01 -1.916988939046859741e-02 6.685024499893188477e-02 9.281550049781799316e-01
-3.366227746009826660e-01 8.668724894523620605e-01 1.508720993995666504e+00 -3.536700606346130371e-01 -3.468051552772521973e-02 8.056689053773880005e-02 9.312485456466674805e-01
-3.445200622081756592e-01 8.633102178573608398e-01 1.510822653770446777e+00 -3.405373990535736084e-01 -5.106834322214126587e-02 9.533344954252243042e-02 9.339903593063354492e-01
-3.522648811340332031e-01 8.600198626518249512e-01 1.512795805931091309e+00 -3.264291286468505859e-01 -6.759537756443023682e-02 1.110190823674201965e-01 9.362423419952392578e-01
-3.602184653282165527e-01 8.558750152587890625e-01 1.515372276306152344e+00 -3.121528029441833496e-01 -8.407659083604812622e-02 1.269270181655883789e-01 9.377533197402954102e-01
-3.684853315353393555e-01 8.525298833847045898e-01 1.517973661422729492e+00 -2.967928349971771240e-01 -1.000947207212448120e-01 1.429385095834732056e-01 9.388629794120788574e-01
-3.766445219516754150e-01 8.481249809265136719e-01 1.521105527877807617e+00 -2.815628945827484131e-01 -1.155012175440788269e-01 1.588874459266662598e-01 9.392213225364685059e-01
-3.836259245872497559e-01 8.437992334365844727e-01 1.524453639984130859e+00 -2.662212550640106201e-01 -1.307851374149322510e-01 1.757947355508804321e-01 9.386786818504333496e-01
-3.925293684005737305e-01 8.403226733207702637e-01 1.527939558029174805e+00 -2.499172985553741455e-01 -1.442633867263793945e-01 1.926064938306808472e-01 9.378871321678161621e-01
-3.998485803604125977e-01 8.364517688751220703e-01 1.531733751296997070e+00 -2.341451495885848999e-01 -1.571349501609802246e-01 2.090293318033218384e-01 9.363714456558227539e-01
-4.077378809452056885e-01 8.328054547309875488e-01 1.534525752067565918e+00 -2.176890671253204346e-01 -1.674350351095199585e-01 2.254377454519271851e-01 9.347485899925231934e-01
-4.130163192749023438e-01 8.286900520324707031e-01 1.537448406219482422e+00 -2.023790478706359863e-01 -1.773383915424346924e-01 2.416021525859832764e-01 9.323208928108215332e-01
-4.188581705093383789e-01 8.256725072860717773e-01 1.540186643600463867e+00 -1.864559650421142578e-01 -1.851077675819396973e-01 2.576130926609039307e-01 9.298413395881652832e-01
-4.239241778850555420e-01 8.224446773529052734e-01 1.542850255966186523e+00 -1.711046993732452393e-01 -1.917425543069839478e-01 2.731399536132812500e-01 9.270127415657043457e-01
-4.277279376983642578e-01 8.200188875198364258e-01 1.545152664184570312e+00 -1.557712703943252563e-01 -1.968533098697662354e-01 2.890283465385437012e-01 9.238218069076538086e-01
-4.319996833801269531e-01 8.167699575424194336e-01 1.547149181365966797e+00 -1.408496052026748657e-01 -2.007682770490646362e-01 3.033863306045532227e-01 9.207661151885986328e-01
-4.359940588474273682e-01 8.147300481796264648e-01 1.548351526260375977e+00 -1.262090206146240234e-01 -2.030960023403167725e-01 3.180685937404632568e-01 9.174179434776306152e-01
-4.399683475494384766e-01 8.143939971923828125e-01 1.549193739891052246e+00 -1.112658903002738953e-01 -2.045548707246780396e-01 3.314930200576782227e-01 9.142700433731079102e-01
-4.426828026771545410e-01 8.124613165855407715e-01 1.550528049468994141e+00 -9.781111031770706177e-02 -2.053707689046859741e-01 3.445688784122467041e-01 9.107844233512878418e-01
-4.436770677566528320e-01 8.118786811828613281e-01 1.551222085952758789e+00 -8.450911194086074829e-02 -2.057298272848129272e-01 3.570524156093597412e-01 9.072194099426269531e-01
-4.442588984966278076e-01 8.109472990036010742e-01 1.552810311317443848e+00 -7.222431898117065430e-02 -2.056288272142410278e-01 3.689152896404266357e-01 9.035496115684509277e-01
-4.442175626754760742e-01 8.103197813034057617e-01 1.551811337471008301e+00 -6.032904237508773804e-02 -2.046653479337692261e-01 3.795497417449951172e-01 9.002303481101989746e-01
-4.464494287967681885e-01 8.084865808486938477e-01 1.551709413528442383e+00 -4.954194277524948120e-02 -2.024305909872055054e-01 3.892902135848999023e-01 8.972294330596923828e-01
-4.474506974220275879e-01 8.072908520698547363e-01 1.551877737045288086e+00 -3.928843885660171509e-02 -2.004964500665664673e-01 3.980826139450073242e-01 8.943085670471191406e-01
-4.464811384677886963e-01 8.065979480743408203e-01 1.553736567497253418e+00 -3.034415468573570251e-02 -1.994264721870422363e-01 4.067413210868835449e-01 8.909937739372253418e-01
-4.467467665672302246e-01 8.043718338012695312e-01 1.555649399757385254e+00 -2.267911843955516815e-02 -1.980024129152297974e-01 4.140644669532775879e-01 8.881617784500122070e-01
-4.473056793212890625e-01 8.017960786819458008e-01 1.557236313819885254e+00 -1.625736802816390991e-02 -1.964383125305175781e-01 4.198526144027709961e-01 8.859297037124633789e-01
-4.500737190246582031e-01 8.022224903106689453e-01 1.559177994728088379e+00 -9.158238768577575684e-03 -1.952879279851913452e-01 4.248394966125488281e-01 8.839062452316284180e-01
-4.527702927589416504e-01 8.009181022644042969e-01 1.560474276542663574e+00 -3.856451716274023056e-03 -1.939888000488281250e-01 4.292480051517486572e-01 8.820995688438415527e-01
-4.559556245803833008e-01 7.990382909774780273e-01 1.562573909759521484e+00 2.602341701276600361e-04 -1.928381770849227905e-01 4.324896931648254395e-01 8.807758092880249023e-01
-4.592237770557403564e-01 7.961075305938720703e-01 1.564608335494995117e+00 2.705367980524897575e-03 -1.924790441989898682e-01 4.336430132389068604e-01 8.802831172943115234e-01
-4.636768996715545654e-01 7.926689386367797852e-01 1.568136930465698242e+00 2.257780637592077255e-03 -1.926010400056838989e-01 4.338737428188323975e-01 8.801439404487609863e-01
-4.690365791320800781e-01 7.884739637374877930e-01 1.569571018218994141e+00 1.826773397624492645e-03 -1.929990351200103760e-01 4.327979683876037598e-01 8.805873394012451172e-01
-4.755953848361968994e-01 7.824892401695251465e-01 1.570894837379455566e+00 1.484557986259460449e-03 -1.931088119745254517e-01 4.307505786418914795e-01 8.815672397613525391e-01
-4.804915785789489746e-01 7.784596681594848633e-01 1.572956919670104980e+00 1.098553882911801338e-03 -1.953114271163940430e-01 4.280409514904022217e-01 8.824020028114318848e-01
-4.881350696086883545e-01 7.763174772262573242e-01 1.573262333869934082e+00 -3.404374583624303341e-04 -1.966582089662551880e-01 4.242907762527465820e-01 8.839133977890014648e-01
-4.950935840606689453e-01 7.734391689300537109e-01 1.574742913246154785e+00 -3.014449495822191238e-03 -1.996902674436569214e-01 4.195370674133300781e-01 8.854961395263671875e-01
-5.027775764465332031e-01 7.696951627731323242e-01 1.570595383644104004e+00 -6.065578199923038483e-03 -2.018760144710540771e-01 4.147465825080871582e-01 8.872399330139160156e-01
-5.103372335433959961e-01 7.646086812019348145e-01 1.568546175956726074e+00 -1.069769077003002167e-02 -2.050727158784866333e-01 4.085891246795654297e-01 8.893175721168518066e-01
-5.194475650787353516e-01 7.606600522994995117e-01 1.569318413734436035e+00 -1.550164539366960526e-02 -2.081495374441146851e-01 4.019686579704284668e-01 8.915462493896484375e-01
-5.296146273612976074e-01 7.551487684249877930e-01 1.566017746925354004e+00 -2.098808437585830688e-02 -2.113328874111175537e-01 3.951970338821411133e-01 8.937098979949951172e-01
-5.368199348449707031e-01 7.499545812606811523e-01 1.564397335052490234e+00 -2.723150886595249176e-02 -2.159932255744934082e-01 3.873385488986968994e-01 8.958650827407836914e-01
-5.465738773345947266e-01 7.450670003890991211e-01 1.561035752296447754e+00 -3.324546292424201965e-02 -2.197443991899490356e-01 3.789294958114624023e-01 8.983426690101623535e-01
-5.569061040878295898e-01 7.402825951576232910e-01 1.557382106781005859e+00 -3.970243036746978760e-02 -2.234110683202743530e-01 3.709922432899475098e-01 9.004865884780883789e-01
-5.677021741867065430e-01 7.337449193000793457e-01 1.555923104286193848e+00 -4.735031351447105408e-02 -2.276080399751663208e-01 3.620669245719909668e-01 9.026960134506225586e-01
-5.788522958755493164e-01 7.264847755432128906e-01 1.553513526916503906e+00 -5.551834031939506531e-02 -2.314772456884384155e-01 3.530706763267517090e-01 9.048078060150146484e-01
-5.893635749816894531e-01 7.218269109725952148e-01 1.551922678947448730e+00 -6.314449012279510498e-02 -2.362695932388305664e-01 3.438299000263214111e-01 9.066259264945983887e-01
-5.997743010520935059e-01 7.165172100067138672e-01 1.548816561698913574e+00 -7.150503993034362793e-02 -2.409648150205612183e-01 3.346181511878967285e-01 9.082146286964416504e-01
-6.151541471481323242e-01 7.143454551696777344e-01 1.543917298316955566e+00 -7.745570689439773560e-02 -2.440620958805084229e-01 3.263428211212158203e-01 9.099091291427612305e-01
-6.277346611022949219e-01 7.106753587722778320e-01 1.539343953132629395e+00 -8.430799096822738647e-02 -2.478674948215484619e-01 3.175491392612457275e-01 9.113816618919372559e-01
-6.412961483001708984e-01 7.063603401184082031e-01 1.533843874931335449e+00 -9.125843644142150879e-02 -2.510613203048706055e-01 3.097048699855804443e-01 9.125366210937500000e-01
-6.556949615478515625e-01 7.018645405769348145e-01 1.528072118759155273e+00 -9.745726734399795532e-02 -2.541360855102539062e-01 3.018567860126495361e-01 9.136736392974853516e-01
-6.724146604537963867e-01 6.966798901557922363e-01 1.520407080650329590e+00 -1.033207178115844727e-01 -2.558839917182922363e-01 2.947190999984741211e-01 9.148709774017333984e-01
-6.839956641197204590e-01 6.899837255477905273e-01 1.515238046646118164e+00 -1.101383417844772339e-01 -2.592849135398864746e-01 2.871922850608825684e-01 9.155116677284240723e-01
-6.989633440971374512e-01 6.829959750175476074e-01 1.507828474044799805e+00 -1.167301237583160400e-01 -2.617493569850921631e-01 2.800289392471313477e-01 9.162123799324035645e-01
-7.134574651718139648e-01 6.764683723449707031e-01 1.500545263290405273e+00 -1.225121468305587769e-01 -2.640408873558044434e-01 2.735157907009124756e-01 9.167673587799072266e-01
-7.278207540512084961e-01 6.700743436813354492e-01 1.493572473526000977e+00 -1.284463852643966675e-01 -2.662390768527984619e-01 2.674600183963775635e-01 9.171060323715209961e-01
-7.418078184127807617e-01 6.620163321495056152e-01 1.486403822898864746e+00 -1.345377564430236816e-01 -2.687113285064697266e-01 2.609828710556030273e-01 9.173777103424072266e-01
-7.572522163391113281e-01 6.534496545791625977e-01 1.479273080825805664e+00 -1.407033652067184448e-01 -2.706626951694488525e-01 2.546920478343963623e-01 9.176471829414367676e-01
-7.736527919769287109e-01 6.459860205650329590e-01 1.470661997795104980e+00 -1.454828381538391113e-01 -2.720099687576293945e-01 2.485952079296112061e-01 9.181752204895019531e-01
-7.891187667846679688e-01 6.363789439201354980e-01 1.461367964744567871e+00 -1.512500494718551636e-01 -2.730942070484161377e-01 2.425788640975952148e-01 9.185305833816528320e-01
-8.010457158088684082e-01 6.256539821624755859e-01 1.448720693588256836e+00 -1.566616296768188477e-01 -2.741134464740753174e-01 2.371148318052291870e-01 9.187467098236083984e-01
-8.081705570220947266e-01 6.148250102996826172e-01 1.435790896415710449e+00 -1.627629399299621582e-01 -2.763524055480957031e-01 2.313546985387802124e-01 9.184838533401489258e-01
-8.169741630554199219e-01 6.050516963005065918e-01 1.420664906501770020e+00 -1.677636504173278809e-01 -2.765817046165466309e-01 2.260219603776931763e-01 9.188427329063415527e-01
-8.229082226753234863e-01 5.933855175971984863e-01 1.406793594360351562e+00 -1.742362529039382935e-01 -2.782573699951171875e-01 2.203221172094345093e-01 9.185166358947753906e-01
-8.298300504684448242e-01 5.848221778869628906e-01 1.391849994659423828e+00 -1.787838786840438843e-01 -2.790949344635009766e-01 2.153791636228561401e-01 9.185609817504882812e-01
-8.352885246276855469e-01 5.735598802566528320e-01 1.377859115600585938e+00 -1.846212297677993774e-01 -2.800734937191009521e-01 2.093886584043502808e-01 9.184935092926025391e-01
-8.404360413551330566e-01 5.619060993194580078e-01 1.364523410797119141e+00 -1.906477808952331543e-01 -2.810677587985992432e-01 2.032531648874282837e-01 9.183368086814880371e-01
-8.459528088569641113e-01 5.502183437347412109e-01 1.350811958312988281e+00 -1.964171379804611206e-01 -2.813304662704467773e-01 1.972872614860534668e-01 9.183416366577148438e-01
-8.507101535797119141e-01 5.366774797439575195e-01 1.337780833244323730e+00 -2.030620723962783813e-01 -2.818667888641357422e-01 1.905278563499450684e-01 9.181590676307678223e-01
-8.551931381225585938e-01 5.236429572105407715e-01 1.324406981468200684e+00 -2.093656510114669800e-01 -2.823597788810729980e-01 1.835319399833679199e-01 9.180169701576232910e-01
-8.597117662429809570e-01 5.097468495368957520e-01 1.311323165893554688e+00 -2.157656699419021606e-01 -2.827446758747100830e-01 1.763554662466049194e-01 9.178232550621032715e-01
-8.638491630554199219e-01 4.959062933921813965e-01 1.298952221870422363e+00 -2.224290519952774048e-01 -2.830518186092376709e-01 1.690087318420410156e-01 9.175201058387756348e-01
-8.680294752120971680e-01 4.815407395362854004e-01 1.286362051963806152e+00 -2.290233969688415527e-01 -2.829385399818420410e-01 1.614235788583755493e-01 9.172984361648559570e-01
-8.719214200973510742e-01 4.667663574218750000e-01 1.273993134498596191e+00 -2.356522679328918457e-01 -2.828425168991088867e-01 1.535545438528060913e-01 9.170001149177551270e-01
-8.755182623863220215e-01 4.521410167217254639e-01 1.262853264808654785e+00 -2.428997457027435303e-01 -2.826851308345794678e-01 1.453048586845397949e-01 9.165017008781433105e-01
-8.786053657531738281e-01 4.360542893409729004e-01 1.251326680183410645e+00 -2.504543066024780273e-01 -2.826780974864959717e-01 1.364186257123947144e-01 9.158361554145812988e-01
-8.819490075111389160e-01 4.216798543930053711e-01 1.239620447158813477e+00 -2.575200498104095459e-01 -2.819490432739257812e-01 1.280915141105651855e-01 9.153036475181579590e-01
-8.851699233055114746e-01 4.065123200416564941e-01 1.228443622589111328e+00 -2.646932303905487061e-01 -2.815263271331787109e-01 1.191008910536766052e-01 9.146012663841247559e-01
-8.881245255470275879e-01 3.913444876670837402e-01 1.217736482620239258e+00 -2.721213698387145996e-01 -2.810208201408386230e-01 1.100745275616645813e-01 9.137072563171386719e-01
-8.907696008682250977e-01 3.760075867176055908e-01 1.207358598709106445e+00 -2.797612845897674561e-01 -2.804716527462005615e-01 1.009892150759696960e-01 9.126174449920654297e-01
-8.933383226394653320e-01 3.602443039417266846e-01 1.196603775024414062e+00 -2.871756851673126221e-01 -2.799245715141296387e-01 9.189461171627044678e-02 9.114426970481872559e-01
-8.970973491668701172e-01 3.457092344760894775e-01 1.185789465904235840e+00 -2.942039370536804199e-01 -2.789465487003326416e-01 8.260264992713928223e-02 9.103899002075195312e-01
-8.995416760444641113e-01 3.309035003185272217e-01 1.175302624702453613e+00 -3.014789521694183350e-01 -2.781058549880981445e-01 7.372557371854782104e-02 9.090281724929809570e-01
-9.020590186119079590e-01 3.156528472900390625e-01 1.164955615997314453e+00 -3.087360560894012451e-01 -2.773574292659759521e-01 6.425992399454116821e-02 9.075382351875305176e-01
-9.037754535675048828e-01 3.010333776473999023e-01 1.154991388320922852e+00 -3.158419132232666016e-01 -2.769623696804046631e-01 5.537161976099014282e-02 9.057978987693786621e-01
-9.062230587005615234e-01 2.859929800033569336e-01 1.145323276519775391e+00 -3.232434689998626709e-01 -2.762741744518280029e-01 4.599760472774505615e-02 9.039195179939270020e-01
-9.091207981109619141e-01 2.715606391429901123e-01 1.135121226310729980e+00 -3.299370408058166504e-01 -2.752999663352966309e-01 3.664416074752807617e-02 9.022243618965148926e-01
-9.110326170921325684e-01 2.576596438884735107e-01 1.125898480415344238e+00 -3.369705677032470703e-01 -2.746109068393707275e-01 2.740283496677875519e-02 9.001604914665222168e-01
