-0.000000000000000000e+00 -0.000000000000000000e+00 -0.000000000000000000e+00 -0.000000000000000000e+00 -0.000000000000000000e+00 -0.000000000000000000e+00 1.000000000000000000e+00
-0.000000000000000000e+00 -0.000000000000000000e+00 -0.000000000000000000e+00 -0.000000000000000000e+00 -0.000000000000000000e+00 -0.000000000000000000e+00 1.000000000000000000e+00
9.330061264336109161e-03 1.610347628593444824e-02 2.142468467354774475e-02 -3.953091800212860107e-03 2.915093675255775452e-03 -3.524855477735400200e-03 9.999818205833435059e-01
9.330061264336109161e-03 1.610347628593444824e-02 2.142468467354774475e-02 -3.953091800212860107e-03 2.915093675255775452e-03 -3.524855477735400200e-03 9.999818205833435059e-01
2.054243162274360657e-02 2.953541465103626251e-02 4.069636017084121704e-02 -8.016473613679409027e-03 8.227783255279064178e-03 -6.838153582066297531e-03 9.999107122421264648e-01
2.054243162274360657e-02 2.953541465103626251e-02 4.069636017084121704e-02 -8.016473613679409027e-03 8.227783255279064178e-03 -6.838153582066297531e-03 9.999107122421264648e-01
3.154404088854789734e-02 3.823323547840118408e-02 5.934901908040046692e-02 -1.293966360390186310e-02 1.659921556711196899e-02 -1.143430359661579132e-02 9.997131824493408203e-01
3.154404088854789734e-02 3.823323547840118408e-02 5.934901908040046692e-02 -1.293966360390186310e-02 1.659921556711196899e-02 -1.143430359661579132e-02 9.997131824493408203e-01
4.257171601057052612e-02 4.716995358467102051e-02 7.454548776149749756e-02 -1.772899180650711060e-02 2.669104747474193573e-02 -1.711599342525005341e-02 9.993399977684020996e-01
4.257171601057052612e-02 4.716995358467102051e-02 7.454548776149749756e-02 -1.772899180650711060e-02 2.669104747474193573e-02 -1.711599342525005341e-02 9.993399977684020996e-01
5.338302627205848694e-02 5.730745941400527954e-02 9.033045917749404907e-02 -2.268998324871063232e-02 3.802695125341415405e-02 -2.356090210378170013e-02 9.987412095069885254e-01
5.338302627205848694e-02 5.730745941400527954e-02 9.033045917749404907e-02 -2.268998324871063232e-02 3.802695125341415405e-02 -2.356090210378170013e-02 9.987412095069885254e-01
6.490843743085861206e-02 6.587311625480651855e-02 1.047271490097045898e-01 -2.762079797685146332e-02 4.985553026199340820e-02 -3.092070668935775757e-02 9.978955388069152832e-01
6.490843743085861206e-02 6.587311625480651855e-02 1.047271490097045898e-01 -2.762079797685146332e-02 4.985553026199340820e-02 -3.092070668935775757e-02 9.978955388069152832e-01
7.649721950292587280e-02 7.493343204259872437e-02 1.178669109940528870e-01 -3.162699565291404724e-02 6.159716472029685974e-02 -3.796330839395523071e-02 9.968772530555725098e-01
8.300876617431640625e-02 8.032144606113433838e-02 1.253345161676406860e-01 -3.331824764609336853e-02 6.693476438522338867e-02 -4.158715903759002686e-02 9.963334202766418457e-01
8.892768621444702148e-02 8.407924324274063110e-02 1.293886601924896240e-01 -3.499334678053855896e-02 7.312186062335968018e-02 -4.518682137131690979e-02 9.956840872764587402e-01
9.604296088218688965e-02 9.048245847225189209e-02 1.383738517761230469e-01 -3.606358170509338379e-02 7.699867337942123413e-02 -4.773334786295890808e-02 9.952347874641418457e-01
8.684969693422317505e-02 8.955977112054824829e-02 1.304145604372024536e-01 -3.484548628330230713e-02 8.813487738370895386e-02 -5.500277504324913025e-02 9.939783215522766113e-01
9.732068330049514771e-02 9.380383789539337158e-02 1.362268179655075073e-01 -3.588160872459411621e-02 9.126450866460800171e-02 -5.743647366762161255e-02 9.935212135314941406e-01
1.082340106368064880e-01 1.000620201230049133e-01 1.422543823719024658e-01 -3.545073419809341431e-02 9.460499882698059082e-02 -5.606385692954063416e-02 9.933026432991027832e-01
1.190289705991744995e-01 1.031285822391510010e-01 1.471991389989852905e-01 -3.588488698005676270e-02 9.808792173862457275e-02 -5.607567355036735535e-02 9.929484128952026367e-01
1.326964050531387329e-01 1.074297726154327393e-01 1.482728123664855957e-01 -3.549187630414962769e-02 1.011497378349304199e-01 -5.440308526158332825e-02 9.927484393119812012e-01
1.464892923831939697e-01 1.094047427177429199e-01 1.530805081129074097e-01 -3.613885119557380676e-02 1.017927974462509155e-01 -5.433555319905281067e-02 9.926630258560180664e-01
1.661355048418045044e-01 1.135310381650924683e-01 1.600291281938552856e-01 -3.425334393978118896e-02 9.817291051149368286e-02 -5.103360861539840698e-02 9.932695627212524414e-01
1.801220178604125977e-01 1.123242378234863281e-01 1.642054468393325806e-01 -3.302385658025741577e-02 9.911076724529266357e-02 -4.967597126960754395e-02 9.932869076728820801e-01
1.939657628536224365e-01 1.132753491401672363e-01 1.717305034399032593e-01 -3.215528652071952820e-02 1.010961309075355530e-01 -5.033293366432189941e-02 9.930822253227233887e-01
2.023659497499465942e-01 1.164319515228271484e-01 1.881987601518630981e-01 -3.211318328976631165e-02 9.256619215011596680e-02 -5.017223581671714783e-02 9.939230680465698242e-01
2.171722203493118286e-01 1.181748360395431519e-01 1.937652975320816040e-01 -3.136289492249488831e-02 9.304780513048171997e-02 -4.988460242748260498e-02 9.939165711402893066e-01
2.336200177669525146e-01 1.207129508256912231e-01 1.988004148006439209e-01 -3.077269718050956726e-02 9.234815090894699097e-02 -4.893103241920471191e-02 9.940476417541503906e-01
2.486234903335571289e-01 1.268775463104248047e-01 2.041875123977661133e-01 -2.895851619541645050e-02 9.323062747716903687e-02 -4.748889803886413574e-02 9.940896630287170410e-01
2.657698690891265869e-01 1.307693272829055786e-01 2.083300352096557617e-01 -2.841495908796787262e-02 9.319965541362762451e-02 -4.664858058094978333e-02 9.941480755805969238e-01
2.750970721244812012e-01 1.373154819011688232e-01 2.196734398603439331e-01 -2.784590795636177063e-02 9.429849684238433838e-02 -4.698222130537033081e-02 9.940448403358459473e-01
2.814766466617584229e-01 1.465093344449996948e-01 2.340887039899826050e-01 -2.908117324113845825e-02 9.292660653591156006e-02 -4.798358306288719177e-02 9.940907955169677734e-01
2.847311794757843018e-01 1.599723696708679199e-01 2.449272274971008301e-01 -2.652540057897567749e-02 9.214654564857482910e-02 -4.458638653159141541e-02 9.943930506706237793e-01
2.889857888221740723e-01 1.745271533727645874e-01 2.628307640552520752e-01 -2.698604762554168701e-02 8.909726887941360474e-02 -4.244371503591537476e-02 9.947522878646850586e-01
2.770620882511138916e-01 1.736173778772354126e-01 2.641923129558563232e-01 -2.886058948934078217e-02 9.464437514543533325e-02 -4.521839693188667297e-02 9.940648078918457031e-01
2.777767181396484375e-01 1.846936494112014771e-01 2.774056196212768555e-01 -2.864709869027137756e-02 9.478285908699035645e-02 -4.573509097099304199e-02 9.940341711044311523e-01
2.772859632968902588e-01 1.955874115228652954e-01 2.894096076488494873e-01 -2.811715751886367798e-02 9.644676744937896729e-02 -4.656076431274414062e-02 9.938508868217468262e-01
2.783420979976654053e-01 2.051517516374588013e-01 2.994920909404754639e-01 -2.739890292286872864e-02 9.676311910152435303e-02 -4.671757668256759644e-02 9.938328862190246582e-01
2.778634428977966309e-01 2.175910919904708862e-01 3.122229576110839844e-01 -2.646926976740360260e-02 9.967212378978729248e-02 -4.789526760578155518e-02 9.935144782066345215e-01
2.798526287078857422e-01 2.282760888338088989e-01 3.188027441501617432e-01 -2.524247765541076660e-02 9.992427378892898560e-02 -4.791196063160896301e-02 9.935202598571777344e-01
2.848802208900451660e-01 2.378565967082977295e-01 3.320047557353973389e-01 -2.714753523468971252e-02 9.781584143638610840e-02 -4.759959504008293152e-02 9.936948418617248535e-01
2.875913977622985840e-01 2.470825314521789551e-01 3.428365290164947510e-01 -2.743903920054435730e-02 9.757205843925476074e-02 -4.897649958729743958e-02 9.936439394950866699e-01
2.920601963996887207e-01 2.517732381820678711e-01 3.517490625381469727e-01 -3.153377026319503784e-02 9.265909343957901001e-02 -5.211618542671203613e-02 9.938328862190246582e-01
2.937161028385162354e-01 2.621265053749084473e-01 3.624494075775146484e-01 -3.220028057694435120e-02 9.324312210083007812e-02 -5.319439619779586792e-02 9.936997890472412109e-01
2.956373095512390137e-01 2.718046605587005615e-01 3.718776702880859375e-01 -3.229868784546852112e-02 9.410610049962997437e-02 -5.386117473244667053e-02 9.935793280601501465e-01
2.974154055118560791e-01 2.816868424415588379e-01 3.814830183982849121e-01 -3.183834254741668701e-02 9.447153657674789429e-02 -5.322293564677238464e-02 9.935938715934753418e-01
2.977604568004608154e-01 2.937130928039550781e-01 3.909510374069213867e-01 -2.942470833659172058e-02 9.814050793647766113e-02 -4.778911545872688293e-02 9.935888648033142090e-01
3.018177747726440430e-01 2.996902465820312500e-01 3.998305797576904297e-01 -3.046674095094203949e-02 9.407957643270492554e-02 -5.134740844368934631e-02 9.937727451324462891e-01
3.038519024848937988e-01 3.073635101318359375e-01 4.086655378341674805e-01 -3.055688925087451935e-02 9.316396713256835938e-02 -5.097473040223121643e-02 9.938754439353942871e-01
3.036349415779113770e-01 3.056171834468841553e-01 4.173959195613861084e-01 -3.941631317138671875e-02 8.813416957855224609e-02 -6.095109507441520691e-02 9.934604763984680176e-01
3.046657741069793701e-01 3.125571608543395996e-01 4.251182973384857178e-01 -3.946114331483840942e-02 8.848189562559127808e-02 -6.034621223807334900e-02 9.934647083282470703e-01
3.051283657550811768e-01 3.189528584480285645e-01 4.338991045951843262e-01 -3.961073979735374451e-02 8.862043917179107666e-02 -6.113252043724060059e-02 9.933983087539672852e-01
3.053613007068634033e-01 3.252352774143218994e-01 4.443485736846923828e-01 -4.032446444034576416e-02 8.809481561183929443e-02 -6.180411949753761292e-02 9.933748245239257812e-01
3.051021695137023926e-01 3.300339579582214355e-01 4.513788521289825439e-01 -4.064598307013511658e-02 8.831980824470520020e-02 -6.115664541721343994e-02 9.933818578720092773e-01
3.045629262924194336e-01 3.364359438419342041e-01 4.623253643512725830e-01 -3.962984308600425720e-02 8.857884258031845093e-02 -6.026614084839820862e-02 9.934542775154113770e-01
3.042269945144653320e-01 3.401522636413574219e-01 4.660428166389465332e-01 -3.883819282054901123e-02 8.828639984130859375e-02 -6.091216579079627991e-02 9.934721589088439941e-01
3.028021752834320068e-01 3.431038856506347656e-01 4.736909568309783936e-01 -3.995924443006515503e-02 8.805536478757858276e-02 -6.501995772123336792e-02 9.931877851486206055e-01
3.026652336120605469e-01 3.440854847431182861e-01 4.750078320503234863e-01 -3.935027122497558594e-02 8.775782585144042969e-02 -6.026130542159080505e-02 9.935384988784790039e-01
2.996066510677337646e-01 3.502689003944396973e-01 4.795532524585723877e-01 -3.191285952925682068e-02 9.588277339935302734e-02 -5.309927836060523987e-02 9.934629797935485840e-01
2.970276474952697754e-01 3.534636497497558594e-01 4.845880866050720215e-01 -2.980164065957069397e-02 9.667216241359710693e-02 -5.169770121574401855e-02 9.935259222984313965e-01
2.926557958126068115e-01 3.584022819995880127e-01 4.905167222023010254e-01 -2.391124516725540161e-02 1.020478159189224243e-01 -4.554196074604988098e-02 9.934487938880920410e-01
2.892095744609832764e-01 3.638578355312347412e-01 4.962497651576995850e-01 -1.831710897386074066e-02 1.043689176440238953e-01 -3.908239677548408508e-02 9.936016201972961426e-01
2.979403138160705566e-01 3.670753538608551025e-01 4.985002875328063965e-01 -1.782612316310405731e-02 8.699595928192138672e-02 -2.685158140957355499e-02 9.956871867179870605e-01
3.013305068016052246e-01 3.728163540363311768e-01 5.068615078926086426e-01 -1.360784471035003662e-02 6.661582738161087036e-02 -9.531634277664124966e-04 9.976854920387268066e-01
3.042727708816528320e-01 3.785810172557830811e-01 5.049315690994262695e-01 -7.786992937326431274e-03 6.105151772499084473e-02 1.595871336758136749e-02 9.979767203330993652e-01
3.065823912620544434e-01 3.821172416210174561e-01 5.183793902397155762e-01 -1.324414648115634918e-02 4.302223771810531616e-02 2.609376795589923859e-02 9.986455440521240234e-01
3.075194358825683594e-01 3.841312825679779053e-01 5.203505158424377441e-01 -9.321216493844985962e-03 3.757825493812561035e-02 3.582141548395156860e-02 9.986079335212707520e-01
3.084317147731781006e-01 3.927269279956817627e-01 5.316289067268371582e-01 -6.694864947348833084e-03 3.004748933017253876e-02 5.041359364986419678e-02 9.982539415359497070e-01
3.091090917587280273e-01 3.973051309585571289e-01 5.374752879142761230e-01 -5.043407902121543884e-03 2.292621880769729614e-02 6.159990280866622925e-02 9.978249073028564453e-01
3.099566698074340820e-01 4.025182127952575684e-01 5.441299676895141602e-01 -3.273050999268889427e-03 1.524867210537195206e-02 7.294141501188278198e-02 9.972143173217773438e-01
3.108250200748443604e-01 4.083634614944458008e-01 5.509077906608581543e-01 -1.144396956078708172e-03 8.109421469271183014e-03 8.320073038339614868e-02 9.964991807937622070e-01
3.122816681861877441e-01 4.141952097415924072e-01 5.577663779258728027e-01 1.296266447752714157e-03 4.144410486333072186e-04 9.198778122663497925e-02 9.957591891288757324e-01
3.133909106254577637e-01 4.195095002651214600e-01 5.650210976600646973e-01 1.805834122933447361e-03 -7.339690811932086945e-03 9.883209317922592163e-02 9.950754642486572266e-01
3.155844509601593018e-01 4.254472851753234863e-01 5.706099271774291992e-01 4.017296712845563889e-03 -1.397210266441106796e-02 1.071330606937408447e-01 9.941384196281433105e-01
3.169143795967102051e-01 4.314423203468322754e-01 5.779641866683959961e-01 4.975241608917713165e-03 -1.992104016244411469e-02 1.129056513309478760e-01 9.933935403823852539e-01
3.177614808082580566e-01 4.374795258045196533e-01 5.853592157363891602e-01 6.276028696447610855e-03 -2.473570778965950012e-02 1.170623749494552612e-01 9.927966594696044922e-01
3.185209929943084717e-01 4.437610208988189697e-01 5.933571457862854004e-01 7.470488548278808594e-03 -2.878084406256675720e-02 1.177585273981094360e-01 9.925970435142517090e-01
3.204476833343505859e-01 4.513144791126251221e-01 6.005938649177551270e-01 8.413107134401798248e-03 -3.145999461412429810e-02 1.215902641415596008e-01 9.920460581779479980e-01
3.212484121322631836e-01 4.577449858188629150e-01 6.081717014312744141e-01 -6.605957169085741043e-03 -3.679455444216728210e-02 1.206772178411483765e-01 9.919877648353576660e-01
3.212194740772247314e-01 4.644032418727874756e-01 6.170463562011718750e-01 -2.493165619671344757e-02 -4.166810959577560425e-02 1.153184622526168823e-01 9.921411275863647461e-01
3.220786750316619873e-01 4.708252251148223877e-01 6.255294680595397949e-01 -4.464492201805114746e-02 -4.597575590014457703e-02 1.119940504431724548e-01 9.916402697563171387e-01
3.240116834640502930e-01 4.776388406753540039e-01 6.334245800971984863e-01 -6.666926294565200806e-02 -5.049116164445877075e-02 1.050065085291862488e-01 9.909488558769226074e-01
3.259020447731018066e-01 4.838926196098327637e-01 6.412534713745117188e-01 -9.077585488557815552e-02 -5.581201985478401184e-02 9.797623753547668457e-02 9.894673228263854980e-01
3.261904716491699219e-01 4.898424744606018066e-01 6.501322984695434570e-01 -1.175196543335914612e-01 -5.928156524896621704e-02 8.875702321529388428e-02 9.873180985450744629e-01
3.205066621303558350e-01 5.001221895217895508e-01 6.645909547805786133e-01 -1.433524638414382935e-01 -6.279712915420532227e-02 7.846061140298843384e-02 9.845560193061828613e-01
3.200853466987609863e-01 5.070384144783020020e-01 6.738287806510925293e-01 -1.706876307725906372e-01 -6.681608408689498901e-02 6.855019927024841309e-02 9.806642532348632812e-01
3.197422027587890625e-01 5.137288570404052734e-01 6.842129826545715332e-01 -1.986647993326187134e-01 -7.135347276926040649e-02 5.732942745089530945e-02 9.757840037345886230e-01
3.191513121128082275e-01 5.190882682800292969e-01 6.932066679000854492e-01 -2.267267554998397827e-01 -7.534053921699523926e-02 4.636235162615776062e-02 9.699327349662780762e-01
3.168544471263885498e-01 5.267337560653686523e-01 7.038967609405517578e-01 -2.544975280761718750e-01 -7.859744876623153687e-02 3.618051484227180481e-02 9.631949067115783691e-01
3.148710727691650391e-01 5.346777439117431641e-01 7.152218818664550781e-01 -2.815519869327545166e-01 -8.321075141429901123e-02 2.613409608602523804e-02 9.555739164352416992e-01
3.135590255260467529e-01 5.390948057174682617e-01 7.257243394851684570e-01 -3.091856837272644043e-01 -8.789767324924468994e-02 1.686703413724899292e-02 9.467807412147521973e-01
3.095054328441619873e-01 5.471472144126892090e-01 7.361382842063903809e-01 -3.346496820449829102e-01 -9.122051298618316650e-02 7.496100850403308868e-03 9.378871321678161621e-01
3.074052333831787109e-01 5.541562438011169434e-01 7.471551299095153809e-01 -3.590847253799438477e-01 -9.614405035972595215e-02 2.610314113553613424e-04 9.283396005630493164e-01
3.050177097320556641e-01 5.603671669960021973e-01 7.580771446228027344e-01 -3.822963535785675049e-01 -1.011491641402244568e-01 -6.292067002505064011e-03 9.184654951095581055e-01
3.024060130119323730e-01 5.675002932548522949e-01 7.698339223861694336e-01 -4.037585258483886719e-01 -1.062151864171028137e-01 -1.089271996170282364e-02 9.086136221885681152e-01
3.006975650787353516e-01 5.738102197647094727e-01 7.815073132514953613e-01 -4.239162206649780273e-01 -1.128636971116065979e-01 -1.343269087374210358e-02 8.985413312911987305e-01
2.976547181606292725e-01 5.802838802337646484e-01 7.924468517303466797e-01 -4.415109753608703613e-01 -1.183349788188934326e-01 -1.489418838173151016e-02 8.892935514450073242e-01
2.945809066295623779e-01 5.872449278831481934e-01 8.044455051422119141e-01 -4.568833708763122559e-01 -1.252207905054092407e-01 -1.446589082479476929e-02 8.805499076843261719e-01
2.921896874904632568e-01 5.937503576278686523e-01 8.153563141822814941e-01 -4.695641398429870605e-01 -1.322994381189346313e-01 -1.017276104539632797e-02 8.728705048561096191e-01
2.893978953361511230e-01 6.001630425453186035e-01 8.268620371818542480e-01 -4.801587462425231934e-01 -1.405377686023712158e-01 -4.963081795722246170e-03 8.658361434936523438e-01
2.863031029701232910e-01 6.069949865341186523e-01 8.382540941238403320e-01 -4.882969260215759277e-01 -1.488249599933624268e-01 2.920184517279267311e-03 8.598887920379638672e-01
2.831881046295166016e-01 6.148648262023925781e-01 8.517637252807617188e-01 -4.942507147789001465e-01 -1.582601815462112427e-01 1.276703178882598877e-02 8.546970486640930176e-01
2.794860005378723145e-01 6.215970516204833984e-01 8.639930486679077148e-01 -4.984070956707000732e-01 -1.675206124782562256e-01 2.410454861819744110e-02 8.502624630928039551e-01
2.761642336845397949e-01 6.281129717826843262e-01 8.758960962295532227e-01 -5.005357265472412109e-01 -1.773035228252410889e-01 3.732043504714965820e-02 8.465427160263061523e-01
2.717357873916625977e-01 6.350851058959960938e-01 8.894053697586059570e-01 -5.010740160942077637e-01 -1.871047019958496094e-01 5.200705304741859436e-02 8.433338403701782227e-01
2.676725089550018311e-01 6.415361166000366211e-01 9.013506174087524414e-01 -4.994185566902160645e-01 -1.975956112146377563e-01 6.816480308771133423e-02 8.407679200172424316e-01
2.625316381454467773e-01 6.481150984764099121e-01 9.145468473434448242e-01 -4.961242675781250000e-01 -2.082856744527816772e-01 8.479119837284088135e-02 8.386228680610656738e-01
2.556035220623016357e-01 6.544539928436279297e-01 9.273030757904052734e-01 -4.909006953239440918e-01 -2.183077633380889893e-01 1.027542129158973694e-01 8.371378779411315918e-01
2.486415207386016846e-01 6.602805852890014648e-01 9.393385648727416992e-01 -4.839698672294616699e-01 -2.290072441101074219e-01 1.212485805153846741e-01 8.358395099639892578e-01
2.406282126903533936e-01 6.664777994155883789e-01 9.518154263496398926e-01 -4.755894243717193604e-01 -2.402108907699584961e-01 1.410132348537445068e-01 8.344032168388366699e-01
2.310744524002075195e-01 6.714358329772949219e-01 9.634605646133422852e-01 -4.656884372234344482e-01 -2.511789798736572266e-01 1.608117818832397461e-01 8.331764340400695801e-01
2.201982736587524414e-01 6.760670542716979980e-01 9.737577438354492188e-01 -4.544039964675903320e-01 -2.617842853069305420e-01 1.808956265449523926e-01 8.320233225822448730e-01
2.094450592994689941e-01 6.818689107894897461e-01 9.830985665321350098e-01 -4.417871534824371338e-01 -2.723013162612915039e-01 2.013584524393081665e-01 8.307412266731262207e-01
2.001665830612182617e-01 6.915198564529418945e-01 9.930493831634521484e-01 -4.278048276901245117e-01 -2.830982208251953125e-01 2.219663113355636597e-01 8.291980624198913574e-01
1.906969547271728516e-01 6.976982355117797852e-01 1.003777027130126953e+00 -4.127326905727386475e-01 -2.935248613357543945e-01 2.421958595514297485e-01 8.275482654571533203e-01
1.802722811698913574e-01 7.027680873870849609e-01 1.013953685760498047e+00 -3.965267539024353027e-01 -3.034298419952392578e-01 2.623324096202850342e-01 8.257594108581542969e-01
1.703082919120788574e-01 7.070716619491577148e-01 1.023593902587890625e+00 -3.796344101428985596e-01 -3.133086860179901123e-01 2.812800109386444092e-01 8.237700462341308594e-01
1.604060530662536621e-01 7.113028168678283691e-01 1.032959222793579102e+00 -3.621985614299774170e-01 -3.226781487464904785e-01 2.998495697975158691e-01 8.214507699012756348e-01
1.509460806846618652e-01 7.156608700752258301e-01 1.042328834533691406e+00 -3.440989851951599121e-01 -3.319814205169677734e-01 3.177101910114288330e-01 8.188068270683288574e-01
1.416164040565490723e-01 7.193739414215087891e-01 1.050224184989929199e+00 -3.249464631080627441e-01 -3.406489491462707520e-01 3.343734741210937500e-01 8.164327740669250488e-01
1.323186159133911133e-01 7.231657505035400391e-01 1.058141112327575684e+00 -3.057723939418792725e-01 -3.489951491355895996e-01 3.502591848373413086e-01 8.136487007141113281e-01
1.231399774551391602e-01 7.279220223426818848e-01 1.065951228141784668e+00 -2.857712805271148682e-01 -3.572787940502166748e-01 3.659715056419372559e-01 8.104020953178405762e-01
1.139885783195495605e-01 7.318819761276245117e-01 1.072281241416931152e+00 -2.643781602382659912e-01 -3.649505376815795898e-01 3.787752091884613037e-01 8.083592653274536133e-01
1.056144833564758301e-01 7.353010177612304688e-01 1.078901052474975586e+00 -2.429657280445098877e-01 -3.731883168220520020e-01 3.892350196838378906e-01 8.063462376594543457e-01
9.738707542419433594e-02 7.388294339179992676e-01 1.085046529769897461e+00 -2.217367738485336304e-01 -3.805169165134429932e-01 4.003425240516662598e-01 8.035954236984252930e-01
8.948248624801635742e-02 7.416574954986572266e-01 1.090847373008728027e+00 -2.010173946619033813e-01 -3.869923651218414307e-01 4.109859764575958252e-01 8.005744814872741699e-01
8.075624704360961914e-02 7.455033659934997559e-01 1.097031831741333008e+00 -1.804541647434234619e-01 -3.931511938571929932e-01 4.217326343059539795e-01 7.968751788139343262e-01
7.377904653549194336e-02 7.476775050163269043e-01 1.102647542953491211e+00 -1.608999371528625488e-01 -3.990777730941772461e-01 4.320665001869201660e-01 7.925697565078735352e-01
6.631177663803100586e-02 7.499122023582458496e-01 1.107048749923706055e+00 -1.421345174312591553e-01 -4.038699567317962646e-01 4.423345625400543213e-01 7.880526781082153320e-01
5.808651447296142578e-02 7.522443532943725586e-01 1.110363245010375977e+00 -1.235556602478027344e-01 -4.088059663772583008e-01 4.522832930088043213e-01 7.829761505126953125e-01
5.065345764160156250e-02 7.543017864227294922e-01 1.113155961036682129e+00 -1.058301478624343872e-01 -4.132812619209289551e-01 4.623520374298095703e-01 7.773218750953674316e-01
4.311060905456542969e-02 7.573108077049255371e-01 1.116038680076599121e+00 -8.811618387699127197e-02 -4.174078404903411865e-01 4.723528027534484863e-01 7.712906002998352051e-01
3.789556026458740234e-02 7.584322690963745117e-01 1.119217395782470703e+00 -7.228287309408187866e-02 -4.222585558891296387e-01 4.809553921222686768e-01 7.649541497230529785e-01
3.156292438507080078e-02 7.619366049766540527e-01 1.121913552284240723e+00 -5.638217180967330933e-02 -4.264191091060638428e-01 4.910805523395538330e-01 7.575141787528991699e-01
2.551376819610595703e-02 7.647479772567749023e-01 1.124890685081481934e+00 -4.073929786682128906e-02 -4.305527210235595703e-01 4.982566833496093750e-01 7.514685988426208496e-01
1.931869983673095703e-02 7.661699652671813965e-01 1.126690864562988281e+00 -2.556541562080383301e-02 -4.340345859527587891e-01 5.046808123588562012e-01 7.458269000053405762e-01
1.437413692474365234e-02 7.680472135543823242e-01 1.129355669021606445e+00 -1.172782108187675476e-02 -4.381669163703918457e-01 5.106983184814453125e-01 7.396346926689147949e-01
1.021516323089599609e-02 7.693022489547729492e-01 1.130851030349731445e+00 1.716169412247836590e-03 -4.416932463645935059e-01 5.160130858421325684e-01 7.339173555374145508e-01
4.401803016662597656e-03 7.711176872253417969e-01 1.132268428802490234e+00 3.207455622032284737e-03 -4.480090141296386719e-01 5.164272189140319824e-01 7.297812700271606445e-01
-2.390146255493164062e-04 7.713273167610168457e-01 1.133872389793395996e+00 4.203953314572572708e-03 -4.544003605842590332e-01 5.159348249435424805e-01 7.261639237403869629e-01
-2.930402755737304688e-03 7.734839320182800293e-01 1.137236833572387695e+00 5.188691429793834686e-03 -4.610280692577362061e-01 5.164595246315002441e-01 7.215926051139831543e-01
-5.980134010314941406e-03 7.738655209541320801e-01 1.138042092323303223e+00 6.391674280166625977e-03 -4.671826064586639404e-01 5.163947939872741699e-01 7.176600694656372070e-01
-9.213566780090332031e-03 7.757859826087951660e-01 1.140296936035156250e+00 8.111245930194854736e-03 -4.723145961761474609e-01 5.166572332382202148e-01 7.140858173370361328e-01
-1.345419883728027344e-02 7.766979932785034180e-01 1.141257166862487793e+00 9.413467720150947571e-03 -4.769677817821502686e-01 5.173329114913940430e-01 7.104786038398742676e-01
-1.290154457092285156e-02 7.769128084182739258e-01 1.143473029136657715e+00 9.568243287503719330e-03 -4.821332693099975586e-01 5.167896747589111328e-01 7.073786258697509766e-01
-1.623439788818359375e-02 7.764089107513427734e-01 1.144289612770080566e+00 9.981845505535602570e-03 -4.854429662227630615e-01 5.175017714500427246e-01 7.045832276344299316e-01
-1.896679401397705078e-02 7.761951088905334473e-01 1.145042657852172852e+00 1.022142358124256134e-02 -4.877736270427703857e-01 5.177114605903625488e-01 7.028138637542724609e-01
-1.763188838958740234e-02 7.767802476882934570e-01 1.146516561508178711e+00 1.047573331743478775e-02 -4.906725883483886719e-01 5.179557800292968750e-01 7.006087303161621094e-01
-1.837909221649169922e-02 7.770958542823791504e-01 1.146067619323730469e+00 1.071984972804784775e-02 -4.919714927673339844e-01 5.184035301208496094e-01 6.993618011474609375e-01
-1.997625827789306641e-02 7.778270840644836426e-01 1.146937012672424316e+00 1.074901595711708069e-02 -4.917992353439331055e-01 5.197488069534301758e-01 6.984835267066955566e-01
-2.064466476440429688e-02 7.779610157012939453e-01 1.146940588951110840e+00 9.950580075383186340e-03 -4.913225769996643066e-01 5.211286544799804688e-01 6.978023648262023926e-01
-2.130055427551269531e-02 7.782632708549499512e-01 1.147429585456848145e+00 9.748016484081745148e-03 -4.902573823928833008e-01 5.211240053176879883e-01 6.985574364662170410e-01
-2.276408672332763672e-02 7.781599760055541992e-01 1.148076653480529785e+00 8.708858862519264221e-03 -4.883297085762023926e-01 5.218743681907653809e-01 6.993607282638549805e-01
-2.192449569702148438e-02 7.798356413841247559e-01 1.149636626243591309e+00 8.161789737641811371e-03 -4.862151741981506348e-01 5.219824314117431641e-01 7.007586359977722168e-01
-2.190947532653808594e-02 7.808155417442321777e-01 1.150978803634643555e+00 7.581365294754505157e-03 -4.830625951290130615e-01 5.220656991004943848e-01 7.028801441192626953e-01
-2.152824401855468750e-02 7.790918946266174316e-01 1.150203943252563477e+00 6.151618435978889465e-03 -4.778670668601989746e-01 5.214344263076782227e-01 7.069026231765747070e-01
-2.296924591064453125e-02 7.794086337089538574e-01 1.149958848953247070e+00 5.520056467503309250e-03 -4.716041088104248047e-01 5.211632251739501953e-01 7.113002538681030273e-01
-2.595746517181396484e-02 7.788240313529968262e-01 1.151260852813720703e+00 4.894011653959751129e-03 -4.645435512065887451e-01 5.197028517723083496e-01 7.169967889785766602e-01
-2.697896957397460938e-02 7.800763845443725586e-01 1.152823448181152344e+00 -9.270007722079753876e-03 -4.616675972938537598e-01 5.109017491340637207e-01 7.250907421112060547e-01
-2.808570861816406250e-02 7.793826460838317871e-01 1.153562545776367188e+00 -2.477622404694557190e-02 -4.572025537490844727e-01 5.002305507659912109e-01 7.349295020103454590e-01
-2.981424331665039062e-02 7.791816592216491699e-01 1.154365897178649902e+00 -4.182367026805877686e-02 -4.515020847320556641e-01 4.891481399536132812e-01 7.450710535049438477e-01
-3.079366683959960938e-02 7.809830307960510254e-01 1.155385851860046387e+00 -5.862146988511085510e-02 -4.458883106708526611e-01 4.772306978702545166e-01 7.549821734428405762e-01
-3.284668922424316406e-02 7.801508307456970215e-01 1.157939791679382324e+00 -7.893148064613342285e-02 -4.390848278999328613e-01 4.637626111507415771e-01 7.654401063919067383e-01
-3.507876396179199219e-02 7.796913981437683105e-01 1.159967184066772461e+00 -9.878124296665191650e-02 -4.318163096904754639e-01 4.490190148353576660e-01 7.759889960289001465e-01
-3.706961870193481445e-02 7.798117995262145996e-01 1.161988377571105957e+00 -1.187176555395126343e-01 -4.240074753761291504e-01 4.333086907863616943e-01 7.863634228706359863e-01
-4.142671823501586914e-02 7.790302038192749023e-01 1.163387775421142578e+00 -1.388818621635437012e-01 -4.144976437091827393e-01 4.166978597640991211e-01 7.970360517501831055e-01
-4.327976703643798828e-02 7.793461084365844727e-01 1.166752815246582031e+00 -1.602187454700469971e-01 -4.058950543403625488e-01 4.000058174133300781e-01 8.059619069099426270e-01
-4.582267999649047852e-02 7.791044116020202637e-01 1.169354319572448730e+00 -1.806604117155075073e-01 -3.969819545745849609e-01 3.825134038925170898e-01 8.145248889923095703e-01
-4.862856864929199219e-02 7.790930867195129395e-01 1.171764254570007324e+00 -2.010041177272796631e-01 -3.872638940811157227e-01 3.645285665988922119e-01 8.226439356803894043e-01
-5.156564712524414062e-02 7.786993980407714844e-01 1.174141168594360352e+00 -2.211859226226806641e-01 -3.774313926696777344e-01 3.460848927497863770e-01 8.299684524536132812e-01
-5.320084095001220703e-02 7.793830633163452148e-01 1.176424622535705566e+00 -2.405923157930374146e-01 -3.678838908672332764e-01 3.281649947166442871e-01 8.361127972602844238e-01
-5.529344081878662109e-02 7.788727879524230957e-01 1.178233265876770020e+00 -2.597766518592834473e-01 -3.578861355781555176e-01 3.095571994781494141e-01 8.417885303497314453e-01
-5.716919898986816406e-02 7.789257168769836426e-01 1.179718136787414551e+00 -2.776012420654296875e-01 -3.485428690910339355e-01 2.916062772274017334e-01 8.464167118072509766e-01
-5.899649858474731445e-02 7.792220711708068848e-01 1.180930852890014648e+00 -2.944790124893188477e-01 -3.391810953617095947e-01 2.742114067077636719e-01 8.503213524818420410e-01
-6.020724773406982422e-02 7.789105772972106934e-01 1.181664466857910156e+00 -3.102761507034301758e-01 -3.303363025188446045e-01 2.569549083709716797e-01 8.535694479942321777e-01
-6.077581644058227539e-02 7.788525819778442383e-01 1.182213783264160156e+00 -3.250789940357208252e-01 -3.221381306648254395e-01 2.411375492811203003e-01 8.558056950569152832e-01
-6.178429722785949707e-02 7.789758443832397461e-01 1.182811021804809570e+00 -3.383604288101196289e-01 -3.148023486137390137e-01 2.260683029890060425e-01 8.574991822242736816e-01
-6.229591369628906250e-02 7.791343331336975098e-01 1.183156967163085938e+00 -3.500010967254638672e-01 -3.084515929222106934e-01 2.119406014680862427e-01 8.587421178817749023e-01
-6.266021728515625000e-02 7.793852686882019043e-01 1.183299899101257324e+00 -3.603508472442626953e-01 -3.032028079032897949e-01 1.993763148784637451e-01 8.593395948410034180e-01
-6.311538815498352051e-02 7.794996500015258789e-01 1.183547258377075195e+00 -3.694166839122772217e-01 -2.987340986728668213e-01 1.882517486810684204e-01 8.595641851425170898e-01
-6.347796320915222168e-02 7.792913317680358887e-01 1.183852910995483398e+00 -3.771519958972930908e-01 -2.949834764003753662e-01 1.780344545841217041e-01 8.596771955490112305e-01
-6.408050656318664551e-02 7.793244123458862305e-01 1.184107065200805664e+00 -3.836670219898223877e-01 -2.922317981719970703e-01 1.688600480556488037e-01 8.595851063728332520e-01
-6.462147831916809082e-02 7.792018055915832520e-01 1.184624314308166504e+00 -3.894140124320983887e-01 -2.902640998363494873e-01 1.607226580381393433e-01 8.592274188995361328e-01
-6.546410918235778809e-02 7.792567610740661621e-01 1.185169100761413574e+00 -3.941979110240936279e-01 -2.884853184223175049e-01 1.535994112491607666e-01 8.589478731155395508e-01
-6.629720330238342285e-02 7.790814042091369629e-01 1.185535192489624023e+00 -3.980163633823394775e-01 -2.868942618370056152e-01 1.470597833395004272e-01 8.588644266128540039e-01
-6.711775064468383789e-02 7.791689634323120117e-01 1.186117172241210938e+00 -4.012506008148193359e-01 -2.855796813964843750e-01 1.420039683580398560e-01 8.586484789848327637e-01
-6.813025474548339844e-02 7.789951562881469727e-01 1.186787486076354980e+00 -4.040778875350952148e-01 -2.841576337814331055e-01 1.368825435638427734e-01 8.586261272430419922e-01
-6.921997666358947754e-02 7.786649465560913086e-01 1.187405228614807129e+00 -4.064315259456634521e-01 -2.826274037361145020e-01 1.322897970676422119e-01 8.587401509284973145e-01
-7.042929530143737793e-02 7.785991430282592773e-01 1.188372611999511719e+00 -4.086360335350036621e-01 -2.807797491550445557e-01 1.285719126462936401e-01 8.588647246360778809e-01
-7.175630331039428711e-02 7.783312201499938965e-01 1.189239025115966797e+00 -4.105494916439056396e-01 -2.784486413002014160e-01 1.246963143348693848e-01 8.592824339866638184e-01
-7.334765791893005371e-02 7.779982686042785645e-01 1.190148830413818359e+00 -4.122911691665649414e-01 -2.754455804824829102e-01 1.207964643836021423e-01 8.599732518196105957e-01
-7.497268915176391602e-02 7.777332663536071777e-01 1.191092014312744141e+00 -4.139344692230224609e-01 -2.715905308723449707e-01 1.171464323997497559e-01 8.609143495559692383e-01
-7.666534185409545898e-02 7.774438858032226562e-01 1.191928029060363770e+00 -4.156478941440582275e-01 -2.669164240360260010e-01 1.133704409003257751e-01 8.620554804801940918e-01
-7.844747602939605713e-02 7.771458625793457031e-01 1.193023800849914551e+00 -4.175251126289367676e-01 -2.611541450023651123e-01 1.095290854573249817e-01 8.634087443351745605e-01
-8.042702078819274902e-02 7.768253087997436523e-01 1.193998336791992188e+00 -4.194968938827514648e-01 -2.542467117309570312e-01 1.052395328879356384e-01 8.650466203689575195e-01
-8.268721401691436768e-02 7.763355970382690430e-01 1.195148110389709473e+00 -4.219289720058441162e-01 -2.455437928438186646e-01 1.003452166914939880e-01 8.669573664665222168e-01
-8.477719128131866455e-02 7.759433984756469727e-01 1.196431159973144531e+00 -4.250689744949340820e-01 -2.354293465614318848e-01 9.571734070777893066e-02 8.687506318092346191e-01
-8.730146288871765137e-02 7.753654122352600098e-01 1.197465181350708008e+00 -4.284342229366302490e-01 -2.232042104005813599e-01 8.941578865051269531e-02 8.709930181503295898e-01
-9.001389145851135254e-02 7.748838663101196289e-01 1.198596119880676270e+00 -4.319464266300201416e-01 -2.090190500020980835e-01 8.272718638181686401e-02 8.734354972839355469e-01
-9.298659116029739380e-02 7.744275331497192383e-01 1.199871778488159180e+00 -4.364971816539764404e-01 -1.932500600814819336e-01 7.491069287061691284e-02 8.755073547363281250e-01
-9.586977213621139526e-02 7.738063931465148926e-01 1.201062440872192383e+00 -4.410700798034667969e-01 -1.758730113506317139e-01 6.701937317848205566e-02 8.775160312652587891e-01
-9.862712025642395020e-02 7.730820178985595703e-01 1.202280521392822266e+00 -4.456373155117034912e-01 -1.574755012989044189e-01 5.899165943264961243e-02 8.792775273323059082e-01
-1.016814559698104858e-01 7.722330093383789062e-01 1.203457832336425781e+00 -4.503295719623565674e-01 -1.377756893634796143e-01 5.048279464244842529e-02 8.807228207588195801e-01
-1.048461198806762695e-01 7.717237472534179688e-01 1.204599857330322266e+00 -4.548057019710540771e-01 -1.175154522061347961e-01 4.185877740383148193e-02 8.818105459213256836e-01
-1.081994250416755676e-01 7.705700397491455078e-01 1.205776691436767578e+00 -4.590650796890258789e-01 -9.647231549024581909e-02 3.240890800952911377e-02 8.825542330741882324e-01
-1.115379631519317627e-01 7.695968151092529297e-01 1.206989049911499023e+00 -4.631207585334777832e-01 -7.537119090557098389e-02 2.334228157997131348e-02 8.827760815620422363e-01
-1.152022331953048706e-01 7.687396407127380371e-01 1.208105087280273438e+00 -4.666491448879241943e-01 -5.382175371050834656e-02 1.509940903633832932e-02 8.826742768287658691e-01
-1.184973642230033875e-01 7.675893306732177734e-01 1.209181070327758789e+00 -4.696131348609924316e-01 -3.306334093213081360e-02 6.698487792164087296e-03 8.822275400161743164e-01
-1.223248466849327087e-01 7.664318084716796875e-01 1.210253238677978516e+00 -4.721084237098693848e-01 -1.267498359084129333e-02 -1.433695782907307148e-03 8.814482092857360840e-01
-1.264506280422210693e-01 7.651023864746093750e-01 1.211276650428771973e+00 -4.739508628845214844e-01 7.291066925972700119e-03 -8.872577920556068420e-03 8.804764747619628906e-01
-1.303503215312957764e-01 7.642093300819396973e-01 1.212576627731323242e+00 -4.757474064826965332e-01 2.610511705279350281e-02 -1.609090343117713928e-02 8.790472149848937988e-01
-1.344817429780960083e-01 7.629482746124267578e-01 1.213541507720947266e+00 -4.762414693832397461e-01 4.351953417062759399e-02 -2.219489216804504395e-02 8.779564499855041504e-01
-1.387616991996765137e-01 7.616606950759887695e-01 1.214473247528076172e+00 -4.759504795074462891e-01 5.980638414621353149e-02 -2.639419212937355042e-02 8.770391941070556641e-01
-1.429853439331054688e-01 7.603446245193481445e-01 1.215400218963623047e+00 -4.748509228229522705e-01 7.475145906209945679e-02 -2.861920930445194244e-02 8.764187693595886230e-01
-1.473147422075271606e-01 7.588682174682617188e-01 1.216237306594848633e+00 -4.729912281036376953e-01 8.722238987684249878e-02 -3.049807809293270111e-02 8.762086033821105957e-01
-1.521486639976501465e-01 7.573913335800170898e-01 1.217173218727111816e+00 -4.706481695175170898e-01 9.690743684768676758e-02 -3.257804363965988159e-02 8.763777613639831543e-01
-1.570800542831420898e-01 7.558438777923583984e-01 1.218203544616699219e+00 -4.678491353988647461e-01 1.034208163619041443e-01 -3.462126478552818298e-02 8.770534396171569824e-01
-1.617659330368041992e-01 7.542001008987426758e-01 1.219065666198730469e+00 -4.643456935882568359e-01 1.063200458884239197e-01 -3.566594049334526062e-02 8.785255551338195801e-01
-1.666088700294494629e-01 7.529627084732055664e-01 1.219771742820739746e+00 -4.593437016010284424e-01 1.079135462641716003e-01 -3.326156362891197205e-02 8.810514807701110840e-01
-1.718769073486328125e-01 7.514986991882324219e-01 1.220734357833862305e+00 -4.538408815860748291e-01 1.064986065030097961e-01 -2.875571325421333313e-02 8.842282891273498535e-01
-1.771319806575775146e-01 7.500623464584350586e-01 1.221659064292907715e+00 -4.473538696765899658e-01 1.027954071760177612e-01 -2.300694584846496582e-02 8.881319165229797363e-01
-1.820845156908035278e-01 7.485052347183227539e-01 1.222711801528930664e+00 -4.403510093688964844e-01 9.623152017593383789e-02 -1.592637039721012115e-02 8.925115466117858887e-01
-1.877869963645935059e-01 7.472265958786010742e-01 1.224090337753295898e+00 -4.327548742294311523e-01 8.870766311883926392e-02 -8.085906505584716797e-03 8.971002697944641113e-01
-1.933218389749526978e-01 7.455777525901794434e-01 1.225142478942871094e+00 -4.239737689495086670e-01 7.855889946222305298e-02 1.421425607986748219e-03 9.022598266601562500e-01
-1.993075013160705566e-01 7.439677715301513672e-01 1.226330876350402832e+00 -4.141352772712707520e-01 6.691789627075195312e-02 1.189691852778196335e-02 9.076742529869079590e-01
-2.046531438827514648e-01 7.417780160903930664e-01 1.227882027626037598e+00 -4.041621685028076172e-01 5.356400460004806519e-02 2.384192869067192078e-02 9.128063321113586426e-01
-2.108369022607803345e-01 7.399582266807556152e-01 1.229098558425903320e+00 -3.927794098854064941e-01 3.944062814116477966e-02 3.613746166229248047e-02 9.180756211280822754e-01
-2.165880054235458374e-01 7.379499673843383789e-01 1.230672121047973633e+00 -3.808064162731170654e-01 2.391878329217433929e-02 4.968069866299629211e-02 9.230093359947204590e-01
-2.224195301532745361e-01 7.357187867164611816e-01 1.232441663742065430e+00 -3.682610094547271729e-01 7.911466993391513824e-03 6.392216682434082031e-02 9.274886846542358398e-01
-2.293241322040557861e-01 7.333303689956665039e-01 1.234972357749938965e+00 -3.555380403995513916e-01 -8.188744075596332550e-03 7.772463560104370117e-02 9.313885569572448730e-01
-2.350215017795562744e-01 7.309032678604125977e-01 1.236977696418762207e+00 -3.417999744415283203e-01 -2.510629780590534210e-02 9.314948320388793945e-02 9.348078370094299316e-01
-2.412800937891006470e-01 7.287145256996154785e-01 1.239651203155517578e+00 -3.273997306823730469e-01 -4.168945923447608948e-02 1.088498309254646301e-01 9.376690387725830078e-01
-2.467935383319854736e-01 7.269393801689147949e-01 1.241843938827514648e+00 -3.117255568504333496e-01 -5.827517062425613403e-02 1.250741034746170044e-01 9.400998353958129883e-01
-2.531572580337524414e-01 7.240176796913146973e-01 1.244886755943298340e+00 -2.966512143611907959e-01 -7.395347952842712402e-02 1.412160098552703857e-01 9.415875077247619629e-01
-2.593764960765838623e-01 7.213408350944519043e-01 1.247964739799499512e+00 -2.809042334556579590e-01 -8.891126513481140137e-02 1.576224267482757568e-01 9.425194263458251953e-01
-2.658203840255737305e-01 7.188979387283325195e-01 1.251004457473754883e+00 -2.646812796592712402e-01 -1.027963012456893921e-01 1.737505495548248291e-01 9.429674148559570312e-01
-2.714771330356597900e-01 7.161805629730224609e-01 1.253943204879760742e+00 -2.485959976911544800e-01 -1.156731843948364258e-01 1.901707202196121216e-01 9.426849484443664551e-01
-2.771763503551483154e-01 7.140986919403076172e-01 1.256907939910888672e+00 -2.324082702398300171e-01 -1.266174763441085815e-01 2.063760608434677124e-01 9.419996738433837891e-01
-2.815341949462890625e-01 7.118909955024719238e-01 1.259642839431762695e+00 -2.160970270633697510e-01 -1.366572380065917969e-01 2.224494516849517822e-01 9.408204555511474609e-01
-2.864319682121276855e-01 7.102082371711730957e-01 1.262208819389343262e+00 -1.994453966617584229e-01 -1.450965255498886108e-01 2.377211153507232666e-01 9.394983649253845215e-01
-2.905294597148895264e-01 7.086590528488159180e-01 1.264435768127441406e+00 -1.831517517566680908e-01 -1.517108678817749023e-01 2.534583508968353271e-01 9.376556873321533203e-01
-2.940547168254852295e-01 7.062691450119018555e-01 1.266403675079345703e+00 -1.679545193910598755e-01 -1.569919139146804810e-01 2.682115435600280762e-01 9.355251789093017578e-01
-2.966787517070770264e-01 7.054424285888671875e-01 1.268088102340698242e+00 -1.519023627042770386e-01 -1.614314466714859009e-01 2.832687497138977051e-01 9.330725669860839844e-01
-2.991133928298950195e-01 7.043280601501464844e-01 1.269992351531982422e+00 -1.368066519498825073e-01 -1.648035645484924316e-01 2.969827950000762939e-01 9.305509328842163086e-01
-3.010270595550537109e-01 7.035684585571289062e-01 1.271136522293090820e+00 -1.223866194486618042e-01 -1.670504510402679443e-01 3.107247352600097656e-01 9.276668429374694824e-01
-3.019027411937713623e-01 7.031089067459106445e-01 1.272504568099975586e+00 -1.081420928239822388e-01 -1.687744110822677612e-01 3.235180974006652832e-01 9.247467517852783203e-01
-3.032217919826507568e-01 7.024978399276733398e-01 1.273737549781799316e+00 -9.462480992078781128e-02 -1.694796830415725708e-01 3.357813954353332520e-01 9.217232465744018555e-01
-3.047885298728942871e-01 7.022372484207153320e-01 1.274483442306518555e+00 -8.165013045072555542e-02 -1.688678413629531860e-01 3.475863933563232422e-01 9.186950922012329102e-01
-3.061369359493255615e-01 7.021411657333374023e-01 1.274071693420410156e+00 -6.879173219203948975e-02 -1.680045574903488159e-01 3.578257858753204346e-01 9.159710407257080078e-01
-3.073177933692932129e-01 7.021017670631408691e-01 1.273468613624572754e+00 -5.697980523109436035e-02 -1.661015897989273071e-01 3.679659962654113770e-01 9.131071567535400391e-01
-3.069911301136016846e-01 7.014878988265991211e-01 1.273970484733581543e+00 -4.657049477100372314e-02 -1.650957912206649780e-01 3.766878545284271240e-01 9.103191494941711426e-01
-3.069154322147369385e-01 6.999893188476562500e-01 1.274207830429077148e+00 -3.765789791941642761e-02 -1.635275036096572876e-01 3.848946988582611084e-01 9.075774550437927246e-01
-3.086430430412292480e-01 6.981805562973022461e-01 1.275974273681640625e+00 -2.935479395091533661e-02 -1.614676564931869507e-01 3.915748000144958496e-01 9.053925871849060059e-01
-3.104839920997619629e-01 6.956124305725097656e-01 1.276583313941955566e+00 -2.243220806121826172e-02 -1.592654734849929810e-01 3.975602984428405762e-01 9.033699631690979004e-01
-3.121230900287628174e-01 6.948170065879821777e-01 1.278073549270629883e+00 -1.583436504006385803e-02 -1.578374356031417847e-01 4.027957618236541748e-01 9.014390110969543457e-01
-3.148362636566162109e-01 6.929997205734252930e-01 1.279798269271850586e+00 -1.060734223574399948e-02 -1.563796401023864746e-01 4.066511094570159912e-01 9.000376462936401367e-01
-3.180159926414489746e-01 6.911505460739135742e-01 1.282101869583129883e+00 -6.449311506003141403e-03 -1.553677618503570557e-01 4.087722897529602051e-01 8.992911577224731445e-01
-3.197071552276611328e-01 6.894214749336242676e-01 1.283736348152160645e+00 -3.637003246694803238e-03 -1.552879959344863892e-01 4.100499153137207031e-01 8.987389206886291504e-01
-3.235977292060852051e-01 6.883269548416137695e-01 1.285636663436889648e+00 -3.649468300864100456e-03 -1.556351035833358765e-01 4.100474417209625244e-01 8.986799120903015137e-01
-3.245680630207061768e-01 6.865530014038085938e-01 1.287443041801452637e+00 -4.219518508762121201e-03 -1.573766767978668213e-01 4.093504250049591064e-01 8.986918330192565918e-01
-3.290009498596191406e-01 6.855726242065429688e-01 1.290124416351318359e+00 -3.144816961139440536e-03 -1.590614765882492065e-01 4.076712429523468018e-01 8.991628289222717285e-01
-3.339106440544128418e-01 6.821852922439575195e-01 1.291010260581970215e+00 -3.565238555893301964e-03 -1.600627750158309937e-01 4.050633013248443604e-01 9.001616835594177246e-01
-3.396019339561462402e-01 6.783517003059387207e-01 1.293223261833190918e+00 -6.652781739830970764e-03 -1.619063615798950195e-01 4.009206593036651611e-01 9.016677737236022949e-01
-3.461405932903289795e-01 6.758961677551269531e-01 1.294576168060302734e+00 -9.590297937393188477e-03 -1.642950922250747681e-01 3.959921896457672119e-01 9.033855199813842773e-01
-3.515189290046691895e-01 6.733595132827758789e-01 1.292734384536743164e+00 -1.332295034080743790e-02 -1.667951792478561401e-01 3.912228941917419434e-01 9.049566388130187988e-01
-3.581337928771972656e-01 6.687744855880737305e-01 1.292273521423339844e+00 -1.893775723874568939e-02 -1.696472167968750000e-01 3.854440748691558838e-01 9.068043231964111328e-01
-3.651667535305023193e-01 6.666901111602783203e-01 1.290791034698486328e+00 -2.347253076732158661e-02 -1.725906729698181152e-01 3.789783120155334473e-01 9.088658094406127930e-01
-3.722319602966308594e-01 6.632840633392333984e-01 1.289990663528442383e+00 -2.945975027978420258e-02 -1.764260381460189819e-01 3.724067807197570801e-01 9.106696248054504395e-01
-3.802700638771057129e-01 6.598255634307861328e-01 1.288427829742431641e+00 -3.560372814536094666e-02 -1.798014342784881592e-01 3.648376464843750000e-01 9.128512740135192871e-01
-3.861795663833618164e-01 6.534044742584228516e-01 1.288884878158569336e+00 -4.415524378418922424e-02 -1.849950253963470459e-01 3.559267818927764893e-01 9.149553775787353516e-01
-3.958210349082946777e-01 6.483017206192016602e-01 1.286579251289367676e+00 -5.168795585632324219e-02 -1.877592206001281738e-01 3.474732935428619385e-01 9.172443151473999023e-01
-4.033421277999877930e-01 6.446473002433776855e-01 1.284984350204467773e+00 -5.912385880947113037e-02 -1.923157423734664917e-01 3.391087353229522705e-01 9.189800620079040527e-01
-4.118482470512390137e-01 6.411775946617126465e-01 1.283246397972106934e+00 -6.663655489683151245e-02 -1.964481920003890991e-01 3.306100666522979736e-01 9.206871390342712402e-01
-4.223834872245788574e-01 6.372289061546325684e-01 1.281593322753906250e+00 -7.480552792549133301e-02 -1.998591274023056030e-01 3.220600783824920654e-01 9.223544597625732422e-01
-4.308674931526184082e-01 6.352707743644714355e-01 1.280123829841613770e+00 -8.255689591169357300e-02 -2.046191245317459106e-01 3.136270940303802490e-01 9.235548377037048340e-01
-4.424452781677246094e-01 6.337475776672363281e-01 1.277002453804016113e+00 -8.959241956472396851e-02 -2.076745480298995972e-01 3.051764070987701416e-01 9.250469803810119629e-01
-4.552278220653533936e-01 6.304539442062377930e-01 1.273699641227722168e+00 -9.709471464157104492e-02 -2.102399170398712158e-01 2.965533733367919922e-01 9.265139102935791016e-01
-4.664326310157775879e-01 6.279637813568115234e-01 1.270291566848754883e+00 -1.039195433259010315e-01 -2.135301530361175537e-01 2.885618209838867188e-01 9.275439381599426270e-01
-4.767115712165832520e-01 6.220378279685974121e-01 1.267229795455932617e+00 -1.124326139688491821e-01 -2.168123424053192139e-01 2.801876366138458252e-01 9.283568263053894043e-01
-4.874716997146606445e-01 6.184545755386352539e-01 1.263627052307128906e+00 -1.193332895636558533e-01 -2.199767827987670898e-01 2.730209529399871826e-01 9.288861751556396484e-01
-5.001266002655029297e-01 6.143811941146850586e-01 1.258716106414794922e+00 -1.257061064243316650e-01 -2.219646424055099487e-01 2.659835219383239746e-01 9.296141862869262695e-01
-5.122786760330200195e-01 6.089650988578796387e-01 1.253979444503784180e+00 -1.326822638511657715e-01 -2.243148982524871826e-01 2.593261301517486572e-01 9.299614429473876953e-01
-5.231227874755859375e-01 6.041916012763977051e-01 1.249271273612976074e+00 -1.392149925231933594e-01 -2.269739061594009399e-01 2.527265846729278564e-01 9.301781058311462402e-01
-5.353351831436157227e-01 5.990388989448547363e-01 1.244226336479187012e+00 -1.454464644193649292e-01 -2.289799749851226807e-01 2.468544989824295044e-01 9.303098917007446289e-01
-5.480572581291198730e-01 5.938915014266967773e-01 1.239674925804138184e+00 -1.515539288520812988e-01 -2.310442775487899780e-01 2.404040545225143433e-01 9.305137991905212402e-01
-5.615784525871276855e-01 5.890006422996520996e-01 1.234397888183593750e+00 -1.569444835186004639e-01 -2.323321998119354248e-01 2.349251657724380493e-01 9.306988716125488281e-01
-5.747074484825134277e-01 5.826425552368164062e-01 1.228788733482360840e+00 -1.628320068120956421e-01 -2.337760925292968750e-01 2.289330959320068359e-01 9.308190941810607910e-01
-5.867664217948913574e-01 5.753160715103149414e-01 1.223186492919921875e+00 -1.692961752414703369e-01 -2.353313267230987549e-01 2.237518727779388428e-01 9.305338263511657715e-01
-5.976983308792114258e-01 5.674501061439514160e-01 1.214330196380615234e+00 -1.747969090938568115e-01 -2.364381551742553711e-01 2.176611721515655518e-01 9.306808114051818848e-01
-6.061974763870239258e-01 5.588655471801757812e-01 1.203499913215637207e+00 -1.803195327520370483e-01 -2.372471988201141357e-01 2.119983285665512085e-01 9.307284355163574219e-01
-6.137822270393371582e-01 5.507006049156188965e-01 1.192593932151794434e+00 -1.859262138605117798e-01 -2.379761636257171631e-01 2.067704647779464722e-01 9.306152462959289551e-01
-6.195192337036132812e-01 5.417793393135070801e-01 1.182008504867553711e+00 -1.922347843647003174e-01 -2.393717467784881592e-01 2.011002004146575928e-01 9.302181601524353027e-01
-6.259233951568603516e-01 5.328052043914794922e-01 1.171332955360412598e+00 -1.983729302883148193e-01 -2.400264441967010498e-01 1.959246993064880371e-01 9.298650622367858887e-01
-6.318008899688720703e-01 5.235821604728698730e-01 1.161089897155761719e+00 -2.048076242208480835e-01 -2.410232573747634888e-01 1.897890269756317139e-01 9.294847249984741211e-01
-6.378318071365356445e-01 5.153014659881591797e-01 1.150180697441101074e+00 -2.100934833288192749e-01 -2.412642240524291992e-01 1.841659992933273315e-01 9.293735623359680176e-01
-6.435137987136840820e-01 5.055028200149536133e-01 1.140174150466918945e+00 -2.163828164339065552e-01 -2.415911704301834106e-01 1.778899431228637695e-01 9.290680289268493652e-01
-6.479414701461791992e-01 4.953073263168334961e-01 1.130498528480529785e+00 -2.229011207818984985e-01 -2.423134148120880127e-01 1.716176867485046387e-01 9.285185337066650391e-01
-6.532042026519775391e-01 4.842545390129089355e-01 1.120690226554870605e+00 -2.297658473253250122e-01 -2.424163520336151123e-01 1.647745817899703979e-01 9.280578494071960449e-01
-6.580032110214233398e-01 4.736641943454742432e-01 1.110967874526977539e+00 -2.362442016601562500e-01 -2.427858114242553711e-01 1.580684185028076172e-01 9.275010228157043457e-01
-6.625034809112548828e-01 4.613063335418701172e-01 1.101531744003295898e+00 -2.435287237167358398e-01 -2.429238706827163696e-01 1.507879197597503662e-01 9.267927408218383789e-01
-6.674606204032897949e-01 4.498941302299499512e-01 1.092604875564575195e+00 -2.506048381328582764e-01 -2.429419457912445068e-01 1.430935710668563843e-01 9.261213541030883789e-01
-6.706470251083374023e-01 4.393942356109619141e-01 1.083462476730346680e+00 -2.568864822387695312e-01 -2.433094829320907593e-01 1.362408101558685303e-01 9.253368377685546875e-01
-6.748472452163696289e-01 4.275911152362823486e-01 1.074548006057739258e+00 -2.640683054924011230e-01 -2.428832054138183594e-01 1.283425837755203247e-01 9.245561361312866211e-01
-6.782969236373901367e-01 4.151238203048706055e-01 1.066579341888427734e+00 -2.718653380870819092e-01 -2.429617494344711304e-01 1.199707761406898499e-01 9.233990907669067383e-01
-6.824285984039306641e-01 4.030823409557342529e-01 1.058205842971801758e+00 -2.795050740242004395e-01 -2.425461560487747192e-01 1.112563461065292358e-01 9.223179221153259277e-01
-6.856703758239746094e-01 3.920274972915649414e-01 1.050592660903930664e+00 -2.865103483200073242e-01 -2.423061877489089966e-01 1.033630818128585815e-01 9.211491346359252930e-01
-6.903634667396545410e-01 3.797996938228607178e-01 1.042041778564453125e+00 -2.939812242984771729e-01 -2.410309016704559326e-01 9.426088631153106689e-02 9.201054573059082031e-01
-6.946550607681274414e-01 3.678291738033294678e-01 1.033923268318176270e+00 -3.014051914215087891e-01 -2.402525544166564941e-01 8.490075916051864624e-02 9.188174605369567871e-01
-6.979371905326843262e-01 3.537487387657165527e-01 1.026247382164001465e+00 -3.099623918533325195e-01 -2.394953370094299316e-01 7.590720802545547485e-02 9.169533848762512207e-01
-7.016668319702148438e-01 3.417836427688598633e-01 1.018853187561035156e+00 -3.177198469638824463e-01 -2.386173903942108154e-01 6.686983257532119751e-02 9.152291417121887207e-01
-7.047609090805053711e-01 3.297307491302490234e-01 1.011704325675964355e+00 -3.254442512989044189e-01 -2.381269931793212891e-01 5.776797980070114136e-02 9.132604002952575684e-01
-7.085214853286743164e-01 3.179031014442443848e-01 1.004136800765991211e+00 -3.327885568141937256e-01 -2.368025332689285278e-01 4.878673702478408813e-02 9.114802479743957520e-01
-7.121333479881286621e-01 3.064123988151550293e-01 9.963716268539428711e-01 -3.399822115898132324e-01 -2.358631193637847900e-01 3.991929441690444946e-02 9.094983339309692383e-01
-7.149338722229003906e-01 2.943068742752075195e-01 9.889011383056640625e-01 -3.472880721092224121e-01 -2.354972362518310547e-01 3.106623701751232147e-02 9.071752429008483887e-01
-7.179393768310546875e-01 2.823049426078796387e-01 9.816158413887023926e-01 -3.545854389667510986e-01 -2.348515540361404419e-01 2.213453501462936401e-02 9.047784209251403809e-01
-7.207690477371215820e-01 2.712655961513519287e-01 9.750275015830993652e-01 -3.618636131286621094e-01 -2.340514808893203735e-01 1.325040217489004135e-02 9.022744297981262207e-01
