-0.000000000000000000e+00 -0.000000000000000000e+00 -0.000000000000000000e+00 -0.000000000000000000e+00 -0.000000000000000000e+00 -0.000000000000000000e+00 1.000000000000000000e+00
-0.000000000000000000e+00 -0.000000000000000000e+00 -0.000000000000000000e+00 -0.000000000000000000e+00 -0.000000000000000000e+00 -0.000000000000000000e+00 1.000000000000000000e+00
1.705866307020187378e-02 1.456376444548368454e-02 2.520741522312164307e-02 -5.205859430134296417e-03 9.387044119648635387e-04 -2.264631912112236023e-03 9.999834895133972168e-01
1.705866307020187378e-02 1.456376444548368454e-02 2.520741522312164307e-02 -5.205859430134296417e-03 9.387044119648635387e-04 -2.264631912112236023e-03 9.999834895133972168e-01
2.906866371631622314e-02 3.087542019784450531e-02 5.050088465213775635e-02 -9.664356708526611328e-03 5.943862721323966980e-03 -5.113363731652498245e-03 9.999226331710815430e-01
2.906866371631622314e-02 3.087542019784450531e-02 5.050088465213775635e-02 -9.664356708526611328e-03 5.943862721323966980e-03 -5.113363731652498245e-03 9.999226331710815430e-01
4.583686590194702148e-02 4.224614426493644714e-02 7.292259484529495239e-02 -1.439746189862489700e-02 1.251650229096412659e-02 -9.814962744712829590e-03 9.997698664665222168e-01
5.287203565239906311e-02 4.840340465307235718e-02 8.362685889005661011e-02 -1.666357181966304779e-02 1.683995686471462250e-02 -1.245560403913259506e-02 9.996417760848999023e-01
5.287203565239906311e-02 4.840340465307235718e-02 8.362685889005661011e-02 -1.666357181966304779e-02 1.683995686471462250e-02 -1.245560403913259506e-02 9.996417760848999023e-01
6.878992915153503418e-02 6.092870235443115234e-02 1.049791499972343445e-01 -2.144867554306983948e-02 2.719221264123916626e-02 -1.901975087821483612e-02 9.992191791534423828e-01
6.878992915153503418e-02 6.092870235443115234e-02 1.049791499972343445e-01 -2.144867554306983948e-02 2.719221264123916626e-02 -1.901975087821483612e-02 9.992191791534423828e-01
8.164835721254348755e-02 7.185027748346328735e-02 1.236866414546966553e-01 -2.657271362841129303e-02 3.854323923587799072e-02 -2.605739235877990723e-02 9.985636472702026367e-01
8.164835721254348755e-02 7.185027748346328735e-02 1.236866414546966553e-01 -2.657271362841129303e-02 3.854323923587799072e-02 -2.605739235877990723e-02 9.985636472702026367e-01
9.570727497339248657e-02 8.015184849500656128e-02 1.371807307004928589e-01 -3.125634789466857910e-02 4.924881458282470703e-02 -3.265272453427314758e-02 9.977632761001586914e-01
1.060682535171508789e-01 8.590390533208847046e-02 1.447642445564270020e-01 -3.281904757022857666e-02 5.386833474040031433e-02 -3.628868982195854187e-02 9.973486065864562988e-01
1.112026050686836243e-01 9.070409834384918213e-02 1.543629020452499390e-01 -3.507234901189804077e-02 6.102895364165306091e-02 -4.105172678828239441e-02 9.966745972633361816e-01
1.175125911831855774e-01 9.553068131208419800e-02 1.612817645072937012e-01 -3.716243058443069458e-02 6.650517135858535767e-02 -4.371974989771842957e-02 9.961348176002502441e-01
1.276051551103591919e-01 1.024389266967773438e-01 1.704864650964736938e-01 -3.876746818423271179e-02 7.158805429935455322e-02 -4.686837270855903625e-02 9.955780506134033203e-01
1.413932144641876221e-01 1.120541170239448547e-01 1.701512783765792847e-01 -3.504245355725288391e-02 6.692796945571899414e-02 -4.496531188488006592e-02 9.961279034614562988e-01
1.527663916349411011e-01 1.186808273196220398e-01 1.778682619333267212e-01 -3.538322821259498596e-02 7.052875310182571411e-02 -4.722154885530471802e-02 9.957630038261413574e-01
1.643390804529190063e-01 1.257000714540481567e-01 1.834300160408020020e-01 -3.540690615773200989e-02 7.446169853210449219e-02 -4.652272537350654602e-02 9.955086708068847656e-01
1.821141391992568970e-01 1.330045610666275024e-01 1.899552643299102783e-01 -3.450480476021766663e-02 7.537408173084259033e-02 -4.490463808178901672e-02 9.955459833145141602e-01
1.976072788238525391e-01 1.368609070777893066e-01 1.922228336334228516e-01 -3.459455817937850952e-02 7.794351130723953247e-02 -4.323900118470191956e-02 9.954187870025634766e-01
2.126152217388153076e-01 1.417445093393325806e-01 1.942195743322372437e-01 -3.407115116715431213e-02 8.143875002861022949e-02 -4.232355207204818726e-02 9.951962828636169434e-01
2.372248172760009766e-01 1.465892642736434937e-01 1.988634467124938965e-01 -3.213154152035713196e-02 8.082774281501770020e-02 -3.955417126417160034e-02 9.954245090484619141e-01
2.552568018436431885e-01 1.498048752546310425e-01 2.117209136486053467e-01 -3.069701604545116425e-02 7.836991548538208008e-02 -3.745446726679801941e-02 9.957475066184997559e-01
2.628427445888519287e-01 1.449617296457290649e-01 2.324788272380828857e-01 -3.206743672490119934e-02 7.013020664453506470e-02 -4.152550548315048218e-02 9.961571693420410156e-01
2.800669968128204346e-01 1.459559053182601929e-01 2.409618496894836426e-01 -3.170527517795562744e-02 7.048179954290390015e-02 -4.101793095469474792e-02 9.961650371551513672e-01
2.980996966361999512e-01 1.481861919164657593e-01 2.491561174392700195e-01 -3.083178400993347168e-02 6.975783407688140869e-02 -4.026043787598609924e-02 9.962742328643798828e-01
3.186225593090057373e-01 1.520674675703048706e-01 2.576053738594055176e-01 -3.083628602325916290e-02 6.996186822652816772e-02 -3.957467153668403625e-02 9.962873458862304688e-01
3.353404998779296875e-01 1.559564322233200073e-01 2.630957365036010742e-01 -3.030074946582317352e-02 7.040621340274810791e-02 -3.949224576354026794e-02 9.962757229804992676e-01
3.504126667976379395e-01 1.611629873514175415e-01 2.723079323768615723e-01 -3.033832088112831116e-02 7.102268934249877930e-02 -3.993402794003486633e-02 9.962131381034851074e-01
3.672780394554138184e-01 1.674138456583023071e-01 2.830777168273925781e-01 -3.121709823608398438e-02 7.088650763034820557e-02 -4.096879437565803528e-02 9.961537122726440430e-01
3.742815554141998291e-01 1.761050820350646973e-01 2.971175014972686768e-01 -3.164529055356979370e-02 7.054670155048370361e-02 -4.196329787373542786e-02 9.961229562759399414e-01
3.738968372344970703e-01 1.875678449869155884e-01 3.134072422981262207e-01 -3.174924477934837341e-02 7.073160260915756226e-02 -4.125572368502616882e-02 9.961360692977905273e-01
3.630727529525756836e-01 1.960568428039550781e-01 3.176651000976562500e-01 -3.060095198452472687e-02 7.150581479072570801e-02 -3.824778273701667786e-02 9.962368011474609375e-01
3.640597760677337646e-01 2.070943117141723633e-01 3.309803903102874756e-01 -3.098748438060283661e-02 7.124130427837371826e-02 -3.859267383813858032e-02 9.962304234504699707e-01
3.640625178813934326e-01 2.212209701538085938e-01 3.470513224601745605e-01 -3.044164180755615234e-02 7.128327339887619019e-02 -3.885414823889732361e-02 9.962341189384460449e-01
3.664485812187194824e-01 2.355058491230010986e-01 3.624904155731201172e-01 -3.056275472044944763e-02 7.103873044252395630e-02 -3.824674710631370544e-02 9.962713718414306641e-01
3.675716817378997803e-01 2.492119967937469482e-01 3.767441809177398682e-01 -2.968897484242916107e-02 7.105877250432968140e-02 -3.963952511548995972e-02 9.962419271469116211e-01
3.692377209663391113e-01 2.611152231693267822e-01 3.919752240180969238e-01 -3.130282834172248840e-02 7.071175426244735718e-02 -3.889809548854827881e-02 9.962464570999145508e-01
3.716081976890563965e-01 2.768031954765319824e-01 4.066008925437927246e-01 -3.007357567548751831e-02 7.114735245704650879e-02 -3.750094398856163025e-02 9.963068962097167969e-01
3.735522627830505371e-01 2.845263779163360596e-01 4.161065220832824707e-01 -3.193245455622673035e-02 6.969502568244934082e-02 -4.282630234956741333e-02 9.961369633674621582e-01
3.764077126979827881e-01 2.963264882564544678e-01 4.281215667724609375e-01 -3.232453018426895142e-02 6.980928778648376465e-02 -4.346086829900741577e-02 9.960888624191284180e-01
3.796415328979492188e-01 3.087744116783142090e-01 4.401062726974487305e-01 -3.288273885846138000e-02 6.932900846004486084e-02 -4.324296116828918457e-02 9.961135983467102051e-01
3.815026581287384033e-01 3.228105306625366211e-01 4.512329995632171631e-01 -3.191214427351951599e-02 6.979746371507644653e-02 -4.309847205877304077e-02 9.961187243461608887e-01
3.834244608879089355e-01 3.344608545303344727e-01 4.641049504280090332e-01 -3.180547431111335754e-02 6.992035359144210815e-02 -4.344294965267181396e-02 9.960985779762268066e-01
3.849342763423919678e-01 3.438069224357604980e-01 4.738608002662658691e-01 -3.226494789123535156e-02 6.998468935489654541e-02 -4.382825270295143127e-02 9.960623979568481445e-01
3.876675963401794434e-01 3.532748520374298096e-01 4.840434491634368896e-01 -3.246444836258888245e-02 6.878754496574401855e-02 -4.401980713009834290e-02 9.961308836936950684e-01
3.901095092296600342e-01 3.651707768440246582e-01 5.103130936622619629e-01 -3.804578259587287903e-02 6.391403824090957642e-02 -5.244132503867149353e-02 9.958501458168029785e-01
3.916325569152832031e-01 3.739604949951171875e-01 5.202591419219970703e-01 -3.822568804025650024e-02 6.353372335433959961e-02 -5.237004533410072327e-02 9.958713054656982422e-01
3.911028206348419189e-01 3.828995823860168457e-01 5.315662026405334473e-01 -3.873990476131439209e-02 6.411246955394744873e-02 -5.262702703475952148e-02 9.958008527755737305e-01
3.923625349998474121e-01 3.922727406024932861e-01 5.425403714179992676e-01 -3.855274617671966553e-02 6.371232867240905762e-02 -5.242810025811195374e-02 9.958442449569702148e-01
3.920311331748962402e-01 3.991158902645111084e-01 5.527759194374084473e-01 -3.871546313166618347e-02 6.398792564868927002e-02 -5.289882794022560120e-02 9.957953691482543945e-01
3.927047848701477051e-01 4.056791961193084717e-01 5.593799352645874023e-01 -3.875646740198135376e-02 6.369084864854812622e-02 -5.334919318556785583e-02 9.957888126373291016e-01
3.920912742614746094e-01 4.132085442543029785e-01 5.713847279548645020e-01 -3.876365348696708679e-02 6.385380029678344727e-02 -5.187132954597473145e-02 9.958562254905700684e-01
3.907240033149719238e-01 4.206920564174652100e-01 5.863444805145263672e-01 -3.934500366449356079e-02 6.303317844867706299e-02 -5.233959853649139404e-02 9.958611726760864258e-01
3.887667953968048096e-01 4.307875931262969971e-01 6.029266715049743652e-01 -3.864461928606033325e-02 6.350916624069213867e-02 -5.324215441942214966e-02 9.958104491233825684e-01
3.861185908317565918e-01 4.348224401473999023e-01 6.108604669570922852e-01 -3.903181478381156921e-02 6.267978996038436890e-02 -5.431906506419181824e-02 9.957897663116455078e-01
3.831415772438049316e-01 4.395546019077301025e-01 6.137924790382385254e-01 -3.313156589865684509e-02 6.841664016246795654e-02 -4.231991991400718689e-02 9.962080717086791992e-01
3.797548413276672363e-01 4.434601366519927979e-01 6.213710904121398926e-01 -3.075662069022655487e-02 7.068508863449096680e-02 -4.004134237766265869e-02 9.962200522422790527e-01
3.778181374073028564e-01 4.463883042335510254e-01 6.275519728660583496e-01 -3.062484599649906158e-02 7.029259204864501953e-02 -4.007267951965332031e-02 9.962506294250488281e-01
3.754726350307464600e-01 4.487086236476898193e-01 6.328984498977661133e-01 -3.173338621854782104e-02 7.031439244747161865e-02 -3.827217966318130493e-02 9.962852001190185547e-01
3.717555105686187744e-01 4.529823362827301025e-01 6.389794945716857910e-01 -3.084625303745269775e-02 6.977778673171997070e-02 -4.269836843013763428e-02 9.961708784103393555e-01
3.690827190876007080e-01 4.546340107917785645e-01 6.439478397369384766e-01 -3.153067827224731445e-02 6.926029175519943237e-02 -3.976765647530555725e-02 9.963068962097167969e-01
3.650148808956146240e-01 4.632270038127899170e-01 6.557177901268005371e-01 -2.909132465720176697e-02 7.176506519317626953e-02 -3.730987384915351868e-02 9.962989091873168945e-01
3.622672259807586670e-01 4.620875418186187744e-01 6.553782224655151367e-01 -3.272714838385581970e-02 6.946972757577896118e-02 -4.299049079418182373e-02 9.961198568344116211e-01
3.606484532356262207e-01 4.636982083320617676e-01 6.618428826332092285e-01 -3.289905190467834473e-02 6.744686514139175415e-02 -3.922765702009201050e-02 9.964085221290588379e-01
3.588080406188964844e-01 4.709951579570770264e-01 6.729675531387329102e-01 -2.910918556153774261e-02 7.186864316463470459e-02 -3.737128525972366333e-02 9.962885975837707520e-01
3.528828024864196777e-01 4.749265015125274658e-01 6.747101545333862305e-01 -2.715855278074741364e-02 7.609161734580993652e-02 -3.149605169892311096e-02 9.962331652641296387e-01
3.878082931041717529e-01 5.095824003219604492e-01 6.969646215438842773e-01 -1.364136842312291265e-04 -6.480987183749675751e-03 8.567626029253005981e-02 9.963019490242004395e-01
3.840313255786895752e-01 5.141751766204833984e-01 7.041416764259338379e-01 1.839844626374542713e-03 -5.049260798841714859e-03 8.948539942502975464e-02 9.959736466407775879e-01
3.824997544288635254e-01 5.192865133285522461e-01 7.143616676330566406e-01 2.121824305504560471e-03 -1.244006119668483734e-02 9.291148930788040161e-02 9.955943822860717773e-01
3.931703269481658936e-01 5.309813022613525391e-01 7.219100594520568848e-01 1.006486173719167709e-02 -2.479214593768119812e-02 1.203639432787895203e-01 9.923691749572753906e-01
3.893869817256927490e-01 5.305782556533813477e-01 7.224535346031188965e-01 1.133496686816215515e-02 -3.639594465494155884e-02 1.299213916063308716e-01 9.907912611961364746e-01
3.925020694732666016e-01 5.342751741409301758e-01 7.271225452423095703e-01 6.824542302638292313e-03 -4.698659107089042664e-02 1.275852471590042114e-01 9.906905889511108398e-01
3.919246196746826172e-01 5.540019273757934570e-01 7.529140710830688477e-01 8.095233701169490814e-03 -4.825375974178314209e-02 1.370750218629837036e-01 9.893515706062316895e-01
3.924901187419891357e-01 5.608555078506469727e-01 7.610774040222167969e-01 9.547973051667213440e-03 -5.304215475916862488e-02 1.406909525394439697e-01 9.885855913162231445e-01
3.928769230842590332e-01 5.671082735061645508e-01 7.703752517700195312e-01 1.016821805387735367e-02 -5.737061798572540283e-02 1.429506391286849976e-01 9.880133271217346191e-01
3.955955207347869873e-01 5.794388055801391602e-01 7.835393548011779785e-01 1.143434178084135056e-02 -6.169384345412254333e-02 1.445642113685607910e-01 9.875040650367736816e-01
3.944236636161804199e-01 5.856595635414123535e-01 7.923798561096191406e-01 -3.077423432841897011e-03 -6.762093305587768555e-02 1.422114521265029907e-01 9.875190854072570801e-01
3.941378295421600342e-01 5.929669737815856934e-01 8.012557029724121094e-01 -2.081149443984031677e-02 -7.331303507089614868e-02 1.383268982172012329e-01 9.874501824378967285e-01
3.963587880134582520e-01 6.040605306625366211e-01 8.147709369659423828e-01 -4.087633639574050903e-02 -7.869806885719299316e-02 1.329357177019119263e-01 9.871493577957153320e-01
3.949151039123535156e-01 6.122897863388061523e-01 8.266439437866210938e-01 -6.291634589433670044e-02 -8.389237523078918457e-02 1.254284977912902832e-01 9.865451455116271973e-01
3.942863941192626953e-01 6.179236173629760742e-01 8.345630168914794922e-01 -8.748716861009597778e-02 -8.810847252607345581e-02 1.172905638813972473e-01 9.853050112724304199e-01
3.992194533348083496e-01 6.303018331527709961e-01 8.463326692581176758e-01 -1.115051731467247009e-01 -9.414686262607574463e-02 1.079078465700149536e-01 9.833915233612060547e-01
3.966924846172332764e-01 6.395146846771240234e-01 8.584698438644409180e-01 -1.376508474349975586e-01 -9.827497601509094238e-02 9.765534102916717529e-02 9.807434678077697754e-01
3.974035382270812988e-01 6.466088891029357910e-01 8.694254159927368164e-01 -1.641159057617187500e-01 -1.037728264927864075e-01 8.609699457883834839e-02 9.771819710731506348e-01
3.947020769119262695e-01 6.552993655204772949e-01 8.819820284843444824e-01 -1.923245042562484741e-01 -1.078980043530464172e-01 7.504086941480636597e-02 9.724907279014587402e-01
3.912186622619628906e-01 6.647052764892578125e-01 8.956291675567626953e-01 -2.193109840154647827e-01 -1.122721657156944275e-01 6.311072409152984619e-02 9.671167731285095215e-01
3.897718191146850586e-01 6.719304323196411133e-01 9.072076678276062012e-01 -2.470019459724426270e-01 -1.171451658010482788e-01 5.177228525280952454e-02 9.605138301849365234e-01
3.867747187614440918e-01 6.798759698867797852e-01 9.188259243965148926e-01 -2.733706831932067871e-01 -1.220234930515289307e-01 4.113862290978431702e-02 9.532504081726074219e-01
3.827672898769378662e-01 6.872452497482299805e-01 9.335465431213378906e-01 -3.002196550369262695e-01 -1.262959539890289307e-01 3.017755784094333649e-02 9.449903964996337891e-01
3.788871169090270996e-01 6.946318745613098145e-01 9.470692873001098633e-01 -3.261901736259460449e-01 -1.313982903957366943e-01 1.996184699237346649e-02 9.359145760536193848e-01
3.750315606594085693e-01 7.024046182632446289e-01 9.606086015701293945e-01 -3.506111204624176025e-01 -1.364516317844390869e-01 1.158497016876935959e-02 9.264549016952514648e-01
3.709492683410644531e-01 7.098489403724670410e-01 9.740343093872070312e-01 -3.734799921512603760e-01 -1.419953256845474243e-01 4.119633231312036514e-03 9.166968464851379395e-01
3.661460280418395996e-01 7.176234126091003418e-01 9.873238801956176758e-01 -3.951027989387512207e-01 -1.470777988433837891e-01 -1.699716551229357719e-03 9.067850708961486816e-01
3.611515164375305176e-01 7.258912324905395508e-01 1.002102136611938477e+00 -4.148350059986114502e-01 -1.528668850660324097e-01 -6.151618435978889465e-03 8.969424962997436523e-01
3.569349646568298340e-01 7.345918416976928711e-01 1.015993952751159668e+00 -4.316782653331756592e-01 -1.590966582298278809e-01 -7.029079366475343704e-03 8.878585100173950195e-01
3.520477116107940674e-01 7.430545091629028320e-01 1.030701279640197754e+00 -4.467387199401855469e-01 -1.660997569561004639e-01 -6.745841354131698608e-03 8.790847063064575195e-01
3.474885821342468262e-01 7.503023743629455566e-01 1.044619321823120117e+00 -4.595646262168884277e-01 -1.733659505844116211e-01 -3.856024006381630898e-03 8.710510134696960449e-01
3.423720598220825195e-01 7.587089538574218750e-01 1.059498310089111328e+00 -4.702645242214202881e-01 -1.814807355403900146e-01 1.113817794248461723e-03 8.636636137962341309e-01
3.365300893783569336e-01 7.671455740928649902e-01 1.073887348175048828e+00 -4.782184958457946777e-01 -1.896930187940597534e-01 8.259452879428863525e-03 8.574703931808471680e-01
3.313249647617340088e-01 7.752122879028320312e-01 1.088384389877319336e+00 -4.843607544898986816e-01 -1.986129432916641235e-01 1.776047982275485992e-02 8.518404364585876465e-01
3.255566358566284180e-01 7.829124927520751953e-01 1.103925466537475586e+00 -4.888418614864349365e-01 -2.079822868108749390e-01 2.896031364798545837e-02 8.467221856117248535e-01
3.196885883808135986e-01 7.907864451408386230e-01 1.118809938430786133e+00 -4.912756383419036865e-01 -2.177778333425521851e-01 4.220774397253990173e-02 8.422824144363403320e-01
3.129683732986450195e-01 7.985314726829528809e-01 1.134502649307250977e+00 -4.917918741703033447e-01 -2.276417613029479980e-01 5.640633031725883484e-02 8.385334610939025879e-01
3.059733211994171143e-01 8.063939809799194336e-01 1.149390220642089844e+00 -4.901425242424011230e-01 -2.380611002445220947e-01 7.230778038501739502e-02 8.353794813156127930e-01
2.980616092681884766e-01 8.139243721961975098e-01 1.164613604545593262e+00 -4.869206249713897705e-01 -2.482709437608718872e-01 8.930817246437072754e-02 8.326427936553955078e-01
2.883739173412322998e-01 8.210762143135070801e-01 1.180563926696777344e+00 -4.823099970817565918e-01 -2.585496604442596436e-01 1.071983724832534790e-01 8.300829529762268066e-01
2.784540951251983643e-01 8.284242749214172363e-01 1.195253849029541016e+00 -4.757264852523803711e-01 -2.693891525268554688e-01 1.261303722858428955e-01 8.277710080146789551e-01
2.675151824951171875e-01 8.339511752128601074e-01 1.209599852561950684e+00 -4.678315520286560059e-01 -2.799544632434844971e-01 1.455795168876647949e-01 8.255699872970581055e-01
2.542333602905273438e-01 8.403928279876708984e-01 1.223821997642517090e+00 -4.584152102470397949e-01 -2.908312976360321045e-01 1.660556942224502563e-01 8.232242465019226074e-01
2.396602630615234375e-01 8.454583883285522461e-01 1.235512256622314453e+00 -4.471446275711059570e-01 -3.013136386871337891e-01 1.864288002252578735e-01 8.212893009185791016e-01
2.252455353736877441e-01 8.529192209243774414e-01 1.246952891349792480e+00 -4.346619546413421631e-01 -3.122466802597045898e-01 2.078040540218353271e-01 8.187724947929382324e-01
2.115577459335327148e-01 8.624021410942077637e-01 1.258359909057617188e+00 -4.212289154529571533e-01 -3.218150436878204346e-01 2.272658944129943848e-01 8.169158697128295898e-01
1.982799172401428223e-01 8.692129850387573242e-01 1.270928144454956055e+00 -4.064034819602966309e-01 -3.318799138069152832e-01 2.475511133670806885e-01 8.145001530647277832e-01
1.844694018363952637e-01 8.742258548736572266e-01 1.282780051231384277e+00 -3.907523155212402344e-01 -3.415836095809936523e-01 2.678719758987426758e-01 8.117129802703857422e-01
1.705283522605895996e-01 8.787298202514648438e-01 1.294251203536987305e+00 -3.743608593940734863e-01 -3.507601916790008545e-01 2.876676619052886963e-01 8.087450861930847168e-01
1.570116281509399414e-01 8.833507299423217773e-01 1.305249691009521484e+00 -3.572950363159179688e-01 -3.597946763038635254e-01 3.065647780895233154e-01 8.055470585823059082e-01
1.440227031707763672e-01 8.876856565475463867e-01 1.315563201904296875e+00 -3.394482135772705078e-01 -3.685712218284606934e-01 3.248844146728515625e-01 8.021099567413330078e-01
1.312576532363891602e-01 8.911447525024414062e-01 1.324944019317626953e+00 -3.208633363246917725e-01 -3.764203786849975586e-01 3.419693112373352051e-01 7.990065813064575195e-01
1.188125610351562500e-01 8.953042030334472656e-01 1.334440827369689941e+00 -3.021218776702880859e-01 -3.844042122364044189e-01 3.585090041160583496e-01 7.952529191970825195e-01
1.065990924835205078e-01 8.999054431915283203e-01 1.342721581459045410e+00 -2.821701169013977051e-01 -3.918493390083312988e-01 3.745111227035522461e-01 7.915652990341186523e-01
9.440863132476806641e-02 9.042290449142456055e-01 1.350944519042968750e+00 -2.614183723926544189e-01 -3.995772600173950195e-01 3.876529932022094727e-01 7.884945869445800781e-01
8.259856700897216797e-02 9.078450798988342285e-01 1.358839750289916992e+00 -2.401939332485198975e-01 -4.071347415447235107e-01 3.989880681037902832e-01 7.857205867767333984e-01
7.137799263000488281e-02 9.113224744796752930e-01 1.366168856620788574e+00 -2.193116247653961182e-01 -4.138763844966888428e-01 4.102721512317657471e-01 7.824868559837341309e-01
6.069326400756835938e-02 9.143868684768676758e-01 1.372950911521911621e+00 -1.990394294261932373e-01 -4.197107553482055664e-01 4.216493964195251465e-01 7.787413001060485840e-01
5.006766319274902344e-02 9.183590412139892578e-01 1.380334496498107910e+00 -1.789922863245010376e-01 -4.255755841732025146e-01 4.331338107585906982e-01 7.741074562072753906e-01
4.003822803497314453e-02 9.213500022888183594e-01 1.386501193046569824e+00 -1.595153212547302246e-01 -4.305667877197265625e-01 4.440326988697052002e-01 7.694167494773864746e-01
2.979862689971923828e-02 9.243662953376770020e-01 1.391915082931518555e+00 -1.407702565193176270e-01 -4.352537691593170166e-01 4.550797343254089355e-01 7.639635801315307617e-01
2.003562450408935547e-02 9.269301891326904297e-01 1.395115852355957031e+00 -1.224136054515838623e-01 -4.394508302211761475e-01 4.653597474098205566e-01 7.585105299949645996e-01
9.971618652343750000e-03 9.288715720176696777e-01 1.397676825523376465e+00 -1.046420782804489136e-01 -4.429166018962860107e-01 4.759619235992431641e-01 7.525525093078613281e-01
2.598762512207031250e-05 9.313091635704040527e-01 1.401431798934936523e+00 -8.811553567647933960e-02 -4.469873905181884766e-01 4.859976470470428467e-01 7.458178400993347168e-01
-7.734894752502441406e-03 9.327642917633056641e-01 1.404537320137023926e+00 -7.218784838914871216e-02 -4.504862725734710693e-01 4.957769215106964111e-01 7.389562129974365234e-01
-1.605081558227539062e-02 9.350840449333190918e-01 1.407413244247436523e+00 -5.706581473350524902e-02 -4.541286528110504150e-01 5.052834153175354004e-01 7.315732240676879883e-01
-2.453052997589111328e-02 9.373464584350585938e-01 1.408968925476074219e+00 -4.103695601224899292e-02 -4.571050405502319336e-01 5.128157138824462891e-01 7.255281209945678711e-01
-3.130805492401123047e-02 9.387260079383850098e-01 1.410832166671752930e+00 -2.657756581902503967e-02 -4.603616595268249512e-01 5.192934274673461914e-01 7.195104360580444336e-01
-4.009687900543212891e-02 9.398435950279235840e-01 1.412708997726440430e+00 -1.251173205673694611e-02 -4.633843898773193359e-01 5.254951715469360352e-01 7.134236693382263184e-01
-4.449403285980224609e-02 9.416043758392333984e-01 1.414013624191284180e+00 1.253943628398701549e-04 -4.662408828735351562e-01 5.314111709594726562e-01 7.072634696960449219e-01
-5.282306671142578125e-02 9.441863298416137695e-01 1.417563199996948242e+00 2.431133994832634926e-03 -4.731186330318450928e-01 5.311613082885742188e-01 7.028660178184509277e-01
-5.848014354705810547e-02 9.448229670524597168e-01 1.418658852577209473e+00 3.821489866822957993e-03 -4.791389405727386475e-01 5.304864048957824707e-01 6.992821693420410156e-01
-6.361639499664306641e-02 9.451480507850646973e-01 1.420742630958557129e+00 4.874240141361951828e-03 -4.851132631301879883e-01 5.301957130432128906e-01 6.953660249710083008e-01
-6.449484825134277344e-02 9.460417628288269043e-01 1.424093246459960938e+00 5.376770161092281342e-03 -4.916535615921020508e-01 5.301296710968017578e-01 6.908042430877685547e-01
-6.822073459625244141e-02 9.473783969879150391e-01 1.425023198127746582e+00 6.892626173794269562e-03 -4.967228174209594727e-01 5.305008888244628906e-01 6.868681311607360840e-01
-7.189893722534179688e-02 9.478072524070739746e-01 1.426965117454528809e+00 8.073241449892520905e-03 -5.014674663543701172e-01 5.304544568061828613e-01 6.834349036216735840e-01
-7.371258735656738281e-02 9.488762021064758301e-01 1.429076671600341797e+00 8.701493032276630402e-03 -5.058305859565734863e-01 5.307022929191589355e-01 6.800108551979064941e-01
-7.623898983001708984e-02 9.489120841026306152e-01 1.430717229843139648e+00 9.437759406864643097e-03 -5.097939968109130859e-01 5.308744311332702637e-01 6.768998503684997559e-01
-7.810389995574951172e-02 9.488996267318725586e-01 1.433541417121887207e+00 9.653237648308277130e-03 -5.135599374771118164e-01 5.307372808456420898e-01 6.741520166397094727e-01
-7.892501354217529297e-02 9.512185454368591309e-01 1.433917284011840820e+00 1.018202025443315506e-02 -5.152393579483032227e-01 5.323518514633178711e-01 6.715849637985229492e-01
-8.012890815734863281e-02 9.504624009132385254e-01 1.436472177505493164e+00 9.469171985983848572e-03 -5.169171690940856934e-01 5.327717065811157227e-01 6.699711680412292480e-01
-8.166921138763427734e-02 9.492765069007873535e-01 1.436955571174621582e+00 9.186184965074062347e-03 -5.176633596420288086e-01 5.325528383255004883e-01 6.695727705955505371e-01
-8.409130573272705078e-02 9.493197798728942871e-01 1.435715794563293457e+00 9.081938304007053375e-03 -5.163587331771850586e-01 5.338675975799560547e-01 6.695346236228942871e-01
-8.457100391387939453e-02 9.506512284278869629e-01 1.436551094055175781e+00 9.072424843907356262e-03 -5.157709121704101562e-01 5.338729619979858398e-01 6.699833869934082031e-01
-8.665561676025390625e-02 9.504216909408569336e-01 1.436746120452880859e+00 8.679224178194999695e-03 -5.137308835983276367e-01 5.340648293495178223e-01 6.714015603065490723e-01
-8.743989467620849609e-02 9.507465362548828125e-01 1.436373472213745117e+00 8.242206647992134094e-03 -5.104886293411254883e-01 5.343607068061828613e-01 6.736409664154052734e-01
-8.589529991149902344e-02 9.518585801124572754e-01 1.437156200408935547e+00 7.375732064247131348e-03 -5.074846148490905762e-01 5.346149206161499023e-01 6.757158637046813965e-01
-8.537495136260986328e-02 9.518396854400634766e-01 1.437708377838134766e+00 6.151017732918262482e-03 -5.026860237121582031e-01 5.348228812217712402e-01 6.791416406631469727e-01
-8.735179901123046875e-02 9.523169398307800293e-01 1.438286304473876953e+00 5.337968003004789352e-03 -4.967479407787322998e-01 5.343416333198547363e-01 6.838801503181457520e-01
-8.961832523345947266e-02 9.521396160125732422e-01 1.438866496086120605e+00 4.770482890307903290e-03 -4.902814626693725586e-01 5.326863527297973633e-01 6.898163557052612305e-01
-8.985030651092529297e-02 9.528867006301879883e-01 1.442307233810424805e+00 -9.848625399172306061e-03 -4.883735775947570801e-01 5.242348909378051758e-01 6.975471973419189453e-01
-9.395980834960937500e-02 9.527100920677185059e-01 1.440132975578308105e+00 -2.416848763823509216e-02 -4.828588664531707764e-01 5.143041610717773438e-01 7.083462476730346680e-01
-9.507489204406738281e-02 9.518750905990600586e-01 1.443556904792785645e+00 -4.180230945348739624e-02 -4.786048233509063721e-01 5.028029680252075195e-01 7.185952663421630859e-01
-9.768009185791015625e-02 9.525322914123535156e-01 1.445469617843627930e+00 -5.981454253196716309e-02 -4.735374748706817627e-01 4.903635680675506592e-01 7.291968464851379395e-01
-1.006892919540405273e-01 9.519605636596679688e-01 1.446479082107543945e+00 -7.825913280248641968e-02 -4.672816395759582520e-01 4.764813780784606934e-01 7.406004071235656738e-01
-1.035628318786621094e-01 9.517300128936767578e-01 1.449330568313598633e+00 -9.760673344135284424e-02 -4.609346389770507812e-01 4.617344737052917480e-01 7.515407800674438477e-01
-1.067147254943847656e-01 9.509295821189880371e-01 1.451959848403930664e+00 -1.175534501671791077e-01 -4.536364674568176270e-01 4.451387822628021240e-01 7.630509138107299805e-01
-1.108030080795288086e-01 9.512064456939697266e-01 1.454627513885498047e+00 -1.376150250434875488e-01 -4.458114206790924072e-01 4.288558661937713623e-01 7.735612988471984863e-01
-1.146048307418823242e-01 9.505913853645324707e-01 1.457342624664306641e+00 -1.578571945428848267e-01 -4.374028146266937256e-01 4.112802445888519287e-01 7.839697003364562988e-01
-1.189600229263305664e-01 9.502141475677490234e-01 1.460337042808532715e+00 -1.777687817811965942e-01 -4.287854135036468506e-01 3.931873738765716553e-01 7.936908006668090820e-01
-1.219414472579956055e-01 9.490371346473693848e-01 1.463875532150268555e+00 -1.982246637344360352e-01 -4.200113713741302490e-01 3.742595613002777100e-01 8.026376962661743164e-01
-1.249665617942810059e-01 9.505672454833984375e-01 1.466288566589355469e+00 -2.173372209072113037e-01 -4.110200107097625732e-01 3.566049337387084961e-01 8.103457093238830566e-01
-1.280199289321899414e-01 9.502189755439758301e-01 1.468465209007263184e+00 -2.362187802791595459e-01 -4.019464552402496338e-01 3.376087248325347900e-01 8.177164196968078613e-01
-1.306161880493164062e-01 9.497603774070739746e-01 1.470681309700012207e+00 -2.549890875816345215e-01 -3.925381302833557129e-01 3.190097510814666748e-01 8.240917921066284180e-01
-1.336541175842285156e-01 9.492129683494567871e-01 1.472205638885498047e+00 -2.726006507873535156e-01 -3.831346333026885986e-01 3.006318509578704834e-01 8.297694325447082520e-01
-1.349682807922363281e-01 9.496118426322937012e-01 1.473520755767822266e+00 -2.888775765895843506e-01 -3.744809627532958984e-01 2.828941643238067627e-01 8.344367742538452148e-01
-1.370617747306823730e-01 9.492633342742919922e-01 1.474606037139892578e+00 -3.046410679817199707e-01 -3.658054172992706299e-01 2.654333710670471191e-01 8.384065032005310059e-01
-1.383554935455322266e-01 9.493671655654907227e-01 1.475889921188354492e+00 -3.188976049423217773e-01 -3.582771122455596924e-01 2.491175085306167603e-01 8.413574099540710449e-01
-1.395204067230224609e-01 9.489221572875976562e-01 1.476305723190307617e+00 -3.319356739521026611e-01 -3.510071933269500732e-01 2.333116978406906128e-01 8.439066410064697266e-01
-1.404475569725036621e-01 9.490868449211120605e-01 1.476770877838134766e+00 -3.434527516365051270e-01 -3.447960019111633301e-01 2.190425246953964233e-01 8.456810116767883301e-01
-1.408377289772033691e-01 9.492906928062438965e-01 1.476917743682861328e+00 -3.536199331283569336e-01 -3.396337330341339111e-01 2.064406126737594604e-01 8.467492461204528809e-01
-1.414566040039062500e-01 9.494837522506713867e-01 1.477221250534057617e+00 -3.622131645679473877e-01 -3.354781568050384521e-01 1.945237964391708374e-01 8.475945591926574707e-01
-1.419058442115783691e-01 9.495395421981811523e-01 1.477596402168273926e+00 -3.696509897708892822e-01 -3.323703706264495850e-01 1.844611912965774536e-01 8.478574752807617188e-01
-1.421474814414978027e-01 9.494041204452514648e-01 1.477644681930541992e+00 -3.760950565338134766e-01 -3.294993638992309570e-01 1.752622425556182861e-01 8.480954766273498535e-01
-1.428403258323669434e-01 9.492058753967285156e-01 1.478160738945007324e+00 -3.816451430320739746e-01 -3.274812996387481689e-01 1.669764965772628784e-01 8.480695486068725586e-01
-1.437433063983917236e-01 9.490211009979248047e-01 1.478688240051269531e+00 -3.862127065658569336e-01 -3.256595730781555176e-01 1.597672998905181885e-01 8.480920195579528809e-01
-1.447946131229400635e-01 9.489767551422119141e-01 1.479290485382080078e+00 -3.898986577987670898e-01 -3.243429660797119141e-01 1.534993201494216919e-01 8.480676412582397461e-01
-1.459910273551940918e-01 9.487233757972717285e-01 1.480012536048889160e+00 -3.932709991931915283e-01 -3.229840695858001709e-01 1.479757577180862427e-01 8.480108380317687988e-01
-1.475283801555633545e-01 9.485993385314941406e-01 1.480761528015136719e+00 -3.955293893814086914e-01 -3.218024671077728271e-01 1.426804214715957642e-01 8.483171463012695312e-01
-1.490836441516876221e-01 9.481933116912841797e-01 1.481526613235473633e+00 -3.977383673191070557e-01 -3.202088475227355957e-01 1.381193995475769043e-01 8.486422300338745117e-01
-1.507559418678283691e-01 9.481545686721801758e-01 1.482546806335449219e+00 -3.997831344604492188e-01 -3.186435997486114502e-01 1.342847496271133423e-01 8.488860130310058594e-01
-1.523342132568359375e-01 9.474934339523315430e-01 1.483431816101074219e+00 -4.013653397560119629e-01 -3.163587152957916260e-01 1.301919817924499512e-01 8.496311902999877930e-01
-1.546241939067840576e-01 9.471300840377807617e-01 1.484549045562744141e+00 -4.031167626380920410e-01 -3.134186565876007080e-01 1.263848543167114258e-01 8.504660725593566895e-01
-1.570301353931427002e-01 9.465452432632446289e-01 1.485493421554565430e+00 -4.045530855655670166e-01 -3.093410730361938477e-01 1.227722838521003723e-01 8.518051505088806152e-01
-1.591556668281555176e-01 9.460968971252441406e-01 1.486755967140197754e+00 -4.063091874122619629e-01 -3.051094412803649902e-01 1.189448535442352295e-01 8.530376553535461426e-01
-1.613901257514953613e-01 9.455581307411193848e-01 1.487770676612854004e+00 -4.079737961292266846e-01 -2.993624508380889893e-01 1.153127998113632202e-01 8.547762632369995117e-01
-1.645283102989196777e-01 9.450219869613647461e-01 1.489091873168945312e+00 -4.103609621524810791e-01 -2.922695577144622803e-01 1.109866946935653687e-01 8.566588759422302246e-01
-1.669654846191406250e-01 9.441162943840026855e-01 1.490467309951782227e+00 -4.129994809627532959e-01 -2.839102447032928467e-01 1.064690649509429932e-01 8.587728738784790039e-01
-1.698421239852905273e-01 9.432233572006225586e-01 1.491704344749450684e+00 -4.160833954811096191e-01 -2.735186815261840820e-01 1.013104319572448730e-01 8.612771630287170410e-01
-1.735615879297256470e-01 9.428676366806030273e-01 1.492864608764648438e+00 -4.194256961345672607e-01 -2.612507343292236328e-01 9.533074498176574707e-02 8.641425371170043945e-01
-1.765384972095489502e-01 9.415695667266845703e-01 1.494115591049194336e+00 -4.238348901271820068e-01 -2.470549046993255615e-01 8.827093988656997681e-02 8.669118285179138184e-01
-1.799751222133636475e-01 9.406336545944213867e-01 1.495506048202514648e+00 -4.283688068389892578e-01 -2.315367758274078369e-01 8.093576133251190186e-02 8.696782588958740234e-01
-1.837896257638931274e-01 9.397609829902648926e-01 1.496671676635742188e+00 -4.328187108039855957e-01 -2.143724113702774048e-01 7.314548641443252563e-02 8.725607395172119141e-01
-1.873186230659484863e-01 9.385921955108642578e-01 1.498116970062255859e+00 -4.378181397914886475e-01 -1.960711330175399780e-01 6.503347307443618774e-02 8.750097751617431641e-01
-1.913444995880126953e-01 9.373352527618408203e-01 1.499326705932617188e+00 -4.425374567508697510e-01 -1.764641553163528442e-01 5.618173256516456604e-02 8.774192929267883301e-01
-1.951965242624282837e-01 9.357374906539916992e-01 1.500738739967346191e+00 -4.476681053638458252e-01 -1.564535349607467651e-01 4.745369032025337219e-02 8.791267275810241699e-01
-1.994713097810745239e-01 9.345366358757019043e-01 1.501966834068298340e+00 -4.522089660167694092e-01 -1.355561316013336182e-01 3.882878273725509644e-02 8.806951642036437988e-01
-2.038739770650863647e-01 9.332175254821777344e-01 1.503230810165405273e+00 -4.565574228763580322e-01 -1.144014000892639160e-01 2.992341294884681702e-02 8.818006515502929688e-01
-2.086751759052276611e-01 9.317992925643920898e-01 1.504293680191040039e+00 -4.600611627101898193e-01 -9.320003539323806763e-02 2.098056674003601074e-02 8.827328681945800781e-01
-2.131067812442779541e-01 9.302762746810913086e-01 1.505378723144531250e+00 -4.632105827331542969e-01 -7.240167260169982910e-02 1.310057658702135086e-02 8.831887245178222656e-01
-2.179150730371475220e-01 9.286251664161682129e-01 1.506299138069152832e+00 -4.657885432243347168e-01 -5.181007459759712219e-02 4.792072344571352005e-03 8.833650946617126465e-01
-2.231784462928771973e-01 9.267112016677856445e-01 1.507328510284423828e+00 -4.678864479064941406e-01 -3.191209584474563599e-02 -3.082409035414457321e-03 8.832069039344787598e-01
-2.281766086816787720e-01 9.249773025512695312e-01 1.508297681808471680e+00 -4.697045087814331055e-01 -1.260487642139196396e-02 -9.916188195347785950e-03 8.826780319213867188e-01
-2.333372533321380615e-01 9.231208562850952148e-01 1.509262561798095703e+00 -4.704401791095733643e-01 4.704670980572700500e-03 -1.595913432538509369e-02 8.822751045227050781e-01
-2.389571368694305420e-01 9.210989475250244141e-01 1.510070800781250000e+00 -4.704881012439727783e-01 2.122602984309196472e-02 -2.043133042752742767e-02 8.819144368171691895e-01
-2.442323714494705200e-01 9.195151329040527344e-01 1.510929822921752930e+00 -4.694897532463073730e-01 3.632225468754768372e-02 -2.218864299356937408e-02 8.819114565849304199e-01
-2.502379119396209717e-01 9.172791242599487305e-01 1.511662364006042480e+00 -4.680992960929870605e-01 4.927983507513999939e-02 -2.436240017414093018e-02 8.819643259048461914e-01
-2.560141682624816895e-01 9.153205156326293945e-01 1.512533903121948242e+00 -4.660020172595977783e-01 5.876320227980613708e-02 -2.627173438668251038e-02 8.824391961097717285e-01
-2.621943950653076172e-01 9.126797914505004883e-01 1.513215780258178711e+00 -4.631024301052093506e-01 6.538484990596771240e-02 -2.781474404036998749e-02 8.834519982337951660e-01
-2.681205868721008301e-01 9.102696180343627930e-01 1.513934254646301270e+00 -4.595843851566314697e-01 6.827252358198165894e-02 -2.874507941305637360e-02 8.850394487380981445e-01
-2.742915153503417969e-01 9.082138538360595703e-01 1.514460802078247070e+00 -4.547584652900695801e-01 6.956903636455535889e-02 -2.570019848644733429e-02 8.875215649604797363e-01
-2.806682884693145752e-01 9.058076143264770508e-01 1.515210151672363281e+00 -4.495348334312438965e-01 6.822758167982101440e-02 -2.135673537850379944e-02 8.903973102569580078e-01
-2.877765893936157227e-01 9.033271074295043945e-01 1.516196489334106445e+00 -4.434392154216766357e-01 6.441140174865722656e-02 -1.600182242691516876e-02 8.938438892364501953e-01
-2.940191030502319336e-01 9.023663997650146484e-01 1.517078876495361328e+00 -4.361978471279144287e-01 5.835202336311340332e-02 -8.069776929914951324e-03 8.979206085205078125e-01
-3.005146086215972900e-01 8.999637365341186523e-01 1.517961740493774414e+00 -4.282123446464538574e-01 4.977088049054145813e-02 1.006291480734944344e-03 9.023059606552124023e-01
-3.076061010360717773e-01 8.972402811050415039e-01 1.518640995025634766e+00 -4.194047749042510986e-01 3.938819095492362976e-02 1.086240634322166443e-02 9.068794250488281250e-01
-3.153283596038818359e-01 8.944579362869262695e-01 1.520305633544921875e+00 -4.103586375713348389e-01 2.793701551854610443e-02 2.155338600277900696e-02 9.112413525581359863e-01
-3.228425681591033936e-01 8.922226428985595703e-01 1.521442890167236328e+00 -3.997933864593505859e-01 1.506243273615837097e-02 3.294954821467399597e-02 9.158890843391418457e-01
-3.304777443408966064e-01 8.891132473945617676e-01 1.522987604141235352e+00 -3.888404667377471924e-01 8.650317322462797165e-04 4.589395225048065186e-02 9.201608896255493164e-01
-3.381162881851196289e-01 8.861496448516845703e-01 1.524723291397094727e+00 -3.771133124828338623e-01 -1.458763144910335541e-02 5.944970250129699707e-02 9.241421222686767578e-01
-3.449769020080566406e-01 8.827137351036071777e-01 1.526398181915283203e+00 -3.648733496665954590e-01 -3.064444288611412048e-02 7.460790872573852539e-02 9.275570511817932129e-01
-3.530318140983581543e-01 8.796024322509765625e-01 1.528648972511291504e+00 -3.516731858253479004e-01 -4.697972163558006287e-02 8.926700800657272339e-02 9.306719899177551270e-01
-3.611254096031188965e-01 8.760263919830322266e-01 1.531186342239379883e+00 -3.381861746311187744e-01 -6.334787607192993164e-02 1.045752242207527161e-01 9.331030249595642090e-01
-3.684795498847961426e-01 8.739249706268310547e-01 1.533410310745239258e+00 -3.230626285076141357e-01 -7.995016127824783325e-02 1.208516433835029602e-01 9.352183938026428223e-01
-3.774211406707763672e-01 8.709460496902465820e-01 1.536175847053527832e+00 -3.079290688037872314e-01 -9.548477083444595337e-02 1.369783282279968262e-01 9.366425871849060059e-01
-3.851344585418701172e-01 8.665976524353027344e-01 1.539215803146362305e+00 -2.928829789161682129e-01 -1.110266745090484619e-01 1.533507704734802246e-01 9.372172951698303223e-01
-3.930774331092834473e-01 8.639097809791564941e-01 1.542780637741088867e+00 -2.770524322986602783e-01 -1.260628998279571533e-01 1.700240522623062134e-01 9.372524023056030273e-01
-4.017418622970581055e-01 8.607561588287353516e-01 1.546277165412902832e+00 -2.607952654361724854e-01 -1.398126333951950073e-01 1.870036423206329346e-01 9.367325901985168457e-01
-4.089692831039428711e-01 8.574311733245849609e-01 1.549626827239990234e+00 -2.447198629379272461e-01 -1.525751203298568726e-01 2.039045691490173340e-01 9.355511665344238281e-01
-4.155186116695404053e-01 8.540674448013305664e-01 1.552569746971130371e+00 -2.286529242992401123e-01 -1.633490025997161865e-01 2.204600125551223755e-01 9.340408444404602051e-01
-4.218591451644897461e-01 8.508687019348144531e-01 1.555902361869812012e+00 -2.129272967576980591e-01 -1.727354973554611206e-01 2.363906055688858032e-01 9.321715831756591797e-01
-4.276393949985504150e-01 8.481597304344177246e-01 1.559014201164245605e+00 -1.970880031585693359e-01 -1.807563304901123047e-01 2.523558139801025391e-01 9.299463033676147461e-01
-4.324982464313507080e-01 8.452317714691162109e-01 1.561062455177307129e+00 -1.815810352563858032e-01 -1.868173629045486450e-01 2.683877348899841309e-01 9.274134039878845215e-01
-4.362109899520874023e-01 8.430666923522949219e-01 1.563076019287109375e+00 -1.660725623369216919e-01 -1.920600533485412598e-01 2.837410271167755127e-01 9.246750473976135254e-01
-4.392843842506408691e-01 8.412675857543945312e-01 1.565024018287658691e+00 -1.507312357425689697e-01 -1.963517516851425171e-01 2.989101707935333252e-01 9.216175079345703125e-01
-4.426392316818237305e-01 8.388553261756896973e-01 1.566810011863708496e+00 -1.365916728973388672e-01 -1.986966729164123535e-01 3.136106729507446289e-01 9.184284210205078125e-01
-4.461170732975006104e-01 8.373096585273742676e-01 1.567865133285522461e+00 -1.221313700079917908e-01 -2.000865489244461060e-01 3.268608152866363525e-01 9.155387878417968750e-01
-4.490199983119964600e-01 8.350948095321655273e-01 1.569184064865112305e+00 -1.087308675050735474e-01 -2.006826996803283691e-01 3.398391902446746826e-01 9.123669266700744629e-01
-4.502092897891998291e-01 8.342639803886413574e-01 1.569280982017517090e+00 -9.514050930738449097e-02 -2.010369747877120972e-01 3.523891568183898926e-01 9.090403914451599121e-01
-4.522975981235504150e-01 8.330343961715698242e-01 1.570274353027343750e+00 -8.272133767604827881e-02 -2.001268416643142700e-01 3.636257648468017578e-01 9.060258269309997559e-01
-4.531835019588470459e-01 8.324182033538818359e-01 1.570980787277221680e+00 -7.094589620828628540e-02 -1.991686522960662842e-01 3.747604489326477051e-01 9.026921987533569336e-01
-4.552624225616455078e-01 8.295896053314208984e-01 1.570567965507507324e+00 -6.057448685169219971e-02 -1.967232972383499146e-01 3.846995830535888672e-01 8.997982740402221680e-01
-4.571839869022369385e-01 8.283430933952331543e-01 1.570780277252197266e+00 -5.045130848884582520e-02 -1.943563371896743774e-01 3.939170241355895996e-01 8.969447016716003418e-01
-4.574135541915893555e-01 8.265299797058105469e-01 1.571647882461547852e+00 -4.149736836552619934e-02 -1.924096792936325073e-01 4.020991623401641846e-01 8.941883444786071777e-01
-4.568665027618408203e-01 8.266928195953369141e-01 1.573614120483398438e+00 -3.322028368711471558e-02 -1.912463903427124023e-01 4.101158678531646729e-01 8.911375999450683594e-01
-4.602019786834716797e-01 8.251727819442749023e-01 1.572379231452941895e+00 -2.529770508408546448e-02 -1.886545270681381226e-01 4.159981012344360352e-01 8.892216086387634277e-01
-4.653114080429077148e-01 8.251203894615173340e-01 1.573907017707824707e+00 -1.805496588349342346e-02 -1.864745169878005981e-01 4.209447801113128662e-01 8.875284790992736816e-01
-4.630199670791625977e-01 8.239228725433349609e-01 1.576489925384521484e+00 -1.320098899304866791e-02 -1.874950528144836426e-01 4.246026575565338135e-01 8.856545090675354004e-01
-4.672228693962097168e-01 8.220531940460205078e-01 1.578572988510131836e+00 -9.111054241657257080e-03 -1.862879991531372070e-01 4.275204837322235107e-01 8.845564126968383789e-01
-4.703500270843505859e-01 8.196650743484497070e-01 1.580653429031372070e+00 -6.308797746896743774e-03 -1.857553273439407349e-01 4.290388226509094238e-01 8.839575052261352539e-01
-4.745183587074279785e-01 8.144690394401550293e-01 1.582602977752685547e+00 -7.469473406672477722e-03 -1.858852207660675049e-01 4.283094406127929688e-01 8.842747807502746582e-01
-4.796984791755676270e-01 8.121256828308105469e-01 1.585151195526123047e+00 -7.341308519244194031e-03 -1.864866316318511963e-01 4.273923933506011963e-01 8.845929503440856934e-01
-4.869571626186370850e-01 8.081407546997070312e-01 1.587822914123535156e+00 -6.986003369092941284e-03 -1.872966140508651733e-01 4.258432686328887939e-01 8.851715922355651855e-01
-4.931628108024597168e-01 8.041185140609741211e-01 1.587464570999145508e+00 -7.289038039743900299e-03 -1.876895874738693237e-01 4.235342144966125488e-01 8.861931562423706055e-01
-4.980491697788238525e-01 8.019078969955444336e-01 1.589392900466918945e+00 -9.282432496547698975e-03 -1.908324956893920898e-01 4.200434386730194092e-01 8.871642351150512695e-01
-5.053732395172119141e-01 7.967979907989501953e-01 1.591310739517211914e+00 -1.254957541823387146e-02 -1.934044063091278076e-01 4.144686162471771240e-01 8.891867399215698242e-01
-5.126148462295532227e-01 7.912446260452270508e-01 1.591102957725524902e+00 -1.714458502829074860e-02 -1.964165866374969482e-01 4.091348052024841309e-01 8.909182548522949219e-01
-5.208451747894287109e-01 7.880110740661621094e-01 1.588332056999206543e+00 -2.122178487479686737e-02 -1.989859789609909058e-01 4.037424623966217041e-01 8.927184939384460449e-01
-5.282918214797973633e-01 7.826099395751953125e-01 1.586909532546997070e+00 -2.685754373669624329e-02 -2.023476809263229370e-01 3.970789015293121338e-01 8.947974443435668945e-01
-5.420698523521423340e-01 7.780640125274658203e-01 1.582916975021362305e+00 -3.117196634411811829e-02 -2.045237720012664795e-01 3.896557390689849854e-01 8.974223136901855469e-01
-5.455945730209350586e-01 7.744270563125610352e-01 1.582468986511230469e+00 -3.788702189922332764e-02 -2.099832594394683838e-01 3.823306262493133545e-01 8.990522623062133789e-01
-5.553826093673706055e-01 7.715686559677124023e-01 1.580023050308227539e+00 -4.320674017071723938e-02 -2.140902876853942871e-01 3.745771944522857666e-01 9.011051058769226074e-01
-5.663188695907592773e-01 7.641499042510986328e-01 1.576039910316467285e+00 -5.079303681850433350e-02 -2.173633724451065063e-01 3.661279678344726562e-01 9.033955931663513184e-01
-5.769385099411010742e-01 7.576406002044677734e-01 1.572865843772888184e+00 -5.825446918606758118e-02 -2.210654020309448242e-01 3.572204113006591797e-01 9.056103825569152832e-01
-5.874946117401123047e-01 7.523436546325683594e-01 1.571089982986450195e+00 -6.582739949226379395e-02 -2.259252816438674927e-01 3.484754562377929688e-01 9.072978496551513672e-01
-5.986276865005493164e-01 7.474561929702758789e-01 1.568569898605346680e+00 -7.338868826627731323e-02 -2.301285564899444580e-01 3.391011655330657959e-01 9.092114567756652832e-01
-6.090417504310607910e-01 7.420562505722045898e-01 1.567980885505676270e+00 -8.225020766258239746e-02 -2.350331395864486694e-01 3.295443058013916016e-01 9.107112884521484375e-01
-6.243878602981567383e-01 7.420606613159179688e-01 1.560420155525207520e+00 -8.739434927701950073e-02 -2.370135039091110229e-01 3.220149576663970947e-01 9.124106168746948242e-01
-6.379450559616088867e-01 7.397829890251159668e-01 1.555580377578735352e+00 -9.360968321561813354e-02 -2.406467795372009277e-01 3.139306306838989258e-01 9.136596918106079102e-01
-6.522427797317504883e-01 7.328082919120788574e-01 1.550061941146850586e+00 -1.015067398548126221e-01 -2.434900552034378052e-01 3.051711618900299072e-01 9.150297641754150391e-01
-6.651092767715454102e-01 7.272364497184753418e-01 1.545182228088378906e+00 -1.087180972099304199e-01 -2.470988333225250244e-01 2.971466779708862305e-01 9.158747196197509766e-01
-6.780912876129150391e-01 7.218562364578247070e-01 1.539351463317871094e+00 -1.154155060648918152e-01 -2.504335939884185791e-01 2.898761630058288574e-01 9.164792299270629883e-01
-6.921833157539367676e-01 7.146736979484558105e-01 1.532975196838378906e+00 -1.221923679113388062e-01 -2.528843581676483154e-01 2.821660935878753662e-01 9.173336029052734375e-01
-7.061429023742675781e-01 7.069674730300903320e-01 1.527684211730957031e+00 -1.295101344585418701e-01 -2.552026510238647461e-01 2.749030590057373047e-01 9.178927540779113770e-01
-7.202461957931518555e-01 7.001835703849792480e-01 1.520897865295410156e+00 -1.356515884399414062e-01 -2.575478255748748779e-01 2.685957551002502441e-01 9.182179570198059082e-01
-7.343409061431884766e-01 6.940555572509765625e-01 1.514605522155761719e+00 -1.415559649467468262e-01 -2.601493597030639648e-01 2.622833251953125000e-01 9.184181094169616699e-01
-7.503237724304199219e-01 6.861519217491149902e-01 1.507022857666015625e+00 -1.475460231304168701e-01 -2.617264986038208008e-01 2.559387981891632080e-01 9.188171029090881348e-01
-7.652292251586914062e-01 6.791512966156005859e-01 1.500313997268676758e+00 -1.532074958086013794e-01 -2.639063298702239990e-01 2.504116296768188477e-01 9.187899231910705566e-01
-7.805399894714355469e-01 6.702362298965454102e-01 1.491878509521484375e+00 -1.592511832714080811e-01 -2.653919458389282227e-01 2.446286380290985107e-01 9.188923239707946777e-01
-7.944177985191345215e-01 6.610186100006103516e-01 1.484102964401245117e+00 -1.650751829147338867e-01 -2.674941420555114746e-01 2.383690923452377319e-01 9.189000725746154785e-01
-8.066827654838562012e-01 6.499828696250915527e-01 1.471926331520080566e+00 -1.706707030534744263e-01 -2.685877382755279541e-01 2.326702326536178589e-01 9.190195202827453613e-01
-8.162541985511779785e-01 6.386640667915344238e-01 1.458255529403686523e+00 -1.762476861476898193e-01 -2.694455981254577637e-01 2.267709076404571533e-01 9.191903471946716309e-01
-8.236903548240661621e-01 6.274567842483520508e-01 1.444030523300170898e+00 -1.823255419731140137e-01 -2.708688974380493164e-01 2.210288047790527344e-01 9.189851880073547363e-01
-8.306083679199218750e-01 6.168219447135925293e-01 1.430192351341247559e+00 -1.880630105733871460e-01 -2.717654109001159668e-01 2.155968844890594482e-01 9.188547134399414062e-01
-8.371174335479736328e-01 6.054367423057556152e-01 1.416628360748291016e+00 -1.940626502037048340e-01 -2.726242244243621826e-01 2.097850590944290161e-01 9.186980128288269043e-01
-8.431313037872314453e-01 5.942509174346923828e-01 1.403614521026611328e+00 -2.000484168529510498e-01 -2.736065983772277832e-01 2.041138708591461182e-01 9.183994531631469727e-01
-8.493971824645996094e-01 5.826650261878967285e-01 1.389240264892578125e+00 -2.055377960205078125e-01 -2.738751173019409180e-01 1.981172710657119751e-01 9.184204936027526855e-01
-8.547269105911254883e-01 5.702556967735290527e-01 1.376285552978515625e+00 -2.116038948297500610e-01 -2.744696736335754395e-01 1.916573792695999146e-01 9.182361960411071777e-01
-8.604380488395690918e-01 5.574172735214233398e-01 1.362897396087646484e+00 -2.177275419235229492e-01 -2.745806872844696045e-01 1.851330399513244629e-01 9.181100130081176758e-01
-8.653895258903503418e-01 5.426928400993347168e-01 1.350430965423583984e+00 -2.247762829065322876e-01 -2.748179137706756592e-01 1.778865903615951538e-01 9.177728891372680664e-01
-8.705202341079711914e-01 5.291572809219360352e-01 1.337943673133850098e+00 -2.311528325080871582e-01 -2.752175927162170410e-01 1.707757860422134399e-01 9.174199104309082031e-01
-8.757687807083129883e-01 5.153695940971374512e-01 1.325479984283447266e+00 -2.375629693269729614e-01 -2.750288546085357666e-01 1.636862009763717651e-01 9.171313047409057617e-01
-8.792613744735717773e-01 5.001553297042846680e-01 1.313366293907165527e+00 -2.445484995841979980e-01 -2.753567695617675781e-01 1.562192887067794800e-01 9.164988994598388672e-01
-8.824997544288635254e-01 4.861870408058166504e-01 1.302259683609008789e+00 -2.512487471103668213e-01 -2.758751213550567627e-01 1.482393294572830200e-01 9.158559441566467285e-01
-8.862168192863464355e-01 4.718595743179321289e-01 1.290854454040527344e+00 -2.579665482044219971e-01 -2.758922278881072998e-01 1.401667892932891846e-01 9.152541160583496094e-01
-8.900197744369506836e-01 4.560114145278930664e-01 1.280071020126342773e+00 -2.654563486576080322e-01 -2.755066156387329102e-01 1.315635591745376587e-01 9.145054221153259277e-01
-8.933774232864379883e-01 4.410930275917053223e-01 1.269702196121215820e+00 -2.726699113845825195e-01 -2.754509449005126953e-01 1.228827461600303650e-01 9.136070609092712402e-01
-8.977690339088439941e-01 4.264803826808929443e-01 1.259099602699279785e+00 -2.797788679599761963e-01 -2.747265994548797607e-01 1.138313785195350647e-01 9.128480553627014160e-01
-9.010925292968750000e-01 4.114527702331542969e-01 1.248622536659240723e+00 -2.869115471839904785e-01 -2.740369141101837158e-01 1.050605624914169312e-01 9.118924140930175781e-01
-9.048097133636474609e-01 3.953963816165924072e-01 1.238688945770263672e+00 -2.948143780231475830e-01 -2.733250260353088379e-01 9.613521397113800049e-02 9.105690717697143555e-01
-9.081196188926696777e-01 3.799651265144348145e-01 1.228438258171081543e+00 -3.022138178348541260e-01 -2.725216150283813477e-01 8.678625524044036865e-02 9.093222618103027344e-01
-9.109619259834289551e-01 3.648391067981719971e-01 1.218680620193481445e+00 -3.095644414424896240e-01 -2.720883786678314209e-01 7.745786011219024658e-02 9.078205227851867676e-01
-9.137709140777587891e-01 3.489215373992919922e-01 1.209217190742492676e+00 -3.172822892665863037e-01 -2.715576291084289551e-01 6.837503612041473389e-02 9.060426354408264160e-01
-9.169343709945678711e-01 3.341284692287445068e-01 1.199407100677490234e+00 -3.244842290878295898e-01 -2.707373797893524170e-01 5.894555896520614624e-02 9.043985605239868164e-01
-9.200448989868164062e-01 3.190875053405761719e-01 1.189945220947265625e+00 -3.318100571632385254e-01 -2.697630226612091064e-01 4.988325387239456177e-02 9.025750756263732910e-01
-9.230649471282958984e-01 3.046652674674987793e-01 1.180608510971069336e+00 -3.389816880226135254e-01 -2.691846489906311035e-01 4.050392657518386841e-02 9.005500674247741699e-01
-9.257991909980773926e-01 2.897888422012329102e-01 1.171100378036499023e+00 -3.459527492523193359e-01 -2.683592438697814941e-01 3.130040317773818970e-02 8.985100388526916504e-01
-9.284915328025817871e-01 2.761758565902709961e-01 1.162390947341918945e+00 -3.528717458248138428e-01 -2.675299644470214844e-01 2.206940390169620514e-02 8.963382840156555176e-01
