2.755729565728603347e+01
2.755729565728603347e+01
2.728776594048651205e+01
2.728776594048651205e+01
2.706376823954920496e+01
2.706376823954920496e+01
2.689213720910158401e+01
2.689213720910158401e+01
2.674131700542690027e+01
2.674131700542690027e+01
2.656238997908251775e+01
2.656238997908251775e+01
2.641223746411406381e+01
2.641223746411406381e+01
2.625352770332047925e+01
2.618498273998747550e+01
2.609845651375819742e+01
2.606266685182966825e+01
2.611485371328168270e+01
2.608780890827088683e+01
2.606669688722939426e+01
2.608378318438426291e+01
2.615233108530020445e+01
2.625477660765939092e+01
2.627373571167311894e+01
2.622942896116051870e+01
2.625692926451829479e+01
2.627222721556100993e+01
2.630944257011096710e+01
2.627877014435100023e+01
2.633639725091244799e+01
2.634462410922513342e+01
2.624137054586466888e+01
2.606837853180567777e+01
2.587750470912016709e+01
2.567510657494596060e+01
2.539439433577611283e+01
2.521270248697635807e+01
2.489480794314915002e+01
2.474630713624171108e+01
2.454529313712940564e+01
2.432089082911319267e+01
2.410785307178047177e+01
2.392306737653688486e+01
2.370429929161370808e+01
2.350008862654841479e+01
2.323310178599025377e+01
2.307524792502047362e+01
2.281437479549573055e+01
2.263953760156072903e+01
2.247288797693067153e+01
2.230201828461588676e+01
2.216036386187618490e+01
2.197534475194222381e+01
2.183603164879857061e+01
2.168610944518585271e+01
2.161792597965368401e+01
2.145853131701828431e+01
2.125871328338056898e+01
2.112896620682314364e+01
2.097750779790842657e+01
2.083216080410945636e+01
2.071012236051017297e+01
2.066189844705488454e+01
2.041140493712057946e+01
2.035100384249845362e+01
2.036903618864936050e+01
2.005283852342459738e+01
2.003355566821908340e+01
1.991411476120653390e+01
1.975720980030229157e+01
1.963048587762683894e+01
1.946879982635289608e+01
1.943780984467369066e+01
1.925020933102602072e+01
1.910397213305231290e+01
1.894641494528345760e+01
1.877234165593211657e+01
1.865388187420427357e+01
1.848765272536023829e+01
1.831208470599660387e+01
1.813596951871884855e+01
1.792120495155542770e+01
1.781402855149053721e+01
1.760666432245952606e+01
1.739729533577797582e+01
1.725219523980496916e+01
1.704746716979041210e+01
1.681786362133012958e+01
1.662145440171239130e+01
1.642176911411334572e+01
1.621586478904475470e+01
1.598691625779896341e+01
1.575843549743656169e+01
1.553422428833540181e+01
1.531209993916094447e+01
1.507908726872677008e+01
1.484822007939149202e+01
1.461264127797967305e+01
1.438180886996782881e+01
1.414128135713634471e+01
1.391079184296891391e+01
1.363876730699516493e+01
1.338155214593723485e+01
1.313019305541759962e+01
1.286470997964610952e+01
1.261953565605768723e+01
1.234852178533543920e+01
1.208005211198990914e+01
1.180612291318734464e+01
1.152752298348067228e+01
1.124353801674985043e+01
1.097794198987119252e+01
1.071066135192547009e+01
1.044702188747167959e+01
1.017356262313409943e+01
9.900848248440732746e+00
9.646546834135351745e+00
9.396216200391275919e+00
9.156506791083689478e+00
8.930731636366434856e+00
8.708627124948552733e+00
8.487000243413065803e+00
8.280510686191473013e+00
8.083904626166049212e+00
7.896415490521428993e+00
7.711906887321488213e+00
7.548123412710122437e+00
7.381774011423205550e+00
7.227939260685404932e+00
7.083095238078247036e+00
6.969020532503805043e+00
6.826076357875205503e+00
6.721884808830626667e+00
6.620005326183772354e+00
6.540921598462023923e+00
6.433576551523334075e+00
6.363472442992904377e+00
6.261880019581710144e+00
6.178784677099208977e+00
6.118823568244188493e+00
6.065717241079141786e+00
5.981992716497234852e+00
5.916564054293623087e+00
5.863603111728345141e+00
5.826694296273160489e+00
5.791136945400356950e+00
5.760756001490495493e+00
5.713176218215643587e+00
5.682217608467034609e+00
5.656838136261033156e+00
5.645645386642382135e+00
5.633467416976795761e+00
5.611437861278659511e+00
5.591044672343468136e+00
5.587955301740034741e+00
5.594134850095120015e+00
5.563940625376847748e+00
5.568933405920795110e+00
5.530139998949440638e+00
5.505836826291545805e+00
5.473861496800019211e+00
5.447933918038032175e+00
5.402555953377849107e+00
5.366845011668676335e+00
5.321198183992823516e+00
5.271600579947214982e+00
5.226978772684795160e+00
5.165294638201942234e+00
5.101194871926452379e+00
5.048613239457335311e+00
5.002007733728603966e+00
4.962101022405573048e+00
4.913188403840312191e+00
4.878680767032417265e+00
4.849353343980666864e+00
4.822918206367312166e+00
4.802304069956093713e+00
4.786276821644044333e+00
4.776191797691591745e+00
4.773595612920299658e+00
4.762316668203059322e+00
4.759853166345820341e+00
4.748492571176839760e+00
4.739790944003939188e+00
4.728523110576389854e+00
4.713026756272512330e+00
4.698127489896318565e+00
4.679934352260055164e+00
4.663061508280474499e+00
4.641870262842068939e+00
4.619851844193327395e+00
4.598727581318019730e+00
4.572352234829693884e+00
4.545537033558197493e+00
4.517924546347138914e+00
4.488471214519126562e+00
4.458133342934999632e+00
4.425635974215182955e+00
4.395968921427442666e+00
4.364644058239182556e+00
4.327412019418577671e+00
4.293051500560142841e+00
4.255059344227678508e+00
4.220061598091106703e+00
4.183304178184286570e+00
4.147094252386406055e+00
4.110436364291320643e+00
4.073921158944258991e+00
4.036727108210314441e+00
3.999946601689611470e+00
3.959178965478848511e+00
3.923481297374376453e+00
3.884275803148756978e+00
3.846801000660398984e+00
3.807996955572875208e+00
3.767948793546565867e+00
3.727047226036457772e+00
3.693124085581949601e+00
3.654521887718473749e+00
3.610042207147657223e+00
3.570920377386503475e+00
3.525900912642377705e+00
3.482860376385826129e+00
3.434279256964718030e+00
3.387733344251817158e+00
3.340040197607891059e+00
3.281984141375620112e+00
3.229851263412161444e+00
3.172032159027260434e+00
3.111993116217671940e+00
3.049644299902215749e+00
2.986791288551252421e+00
2.921135499617637521e+00
2.854736991166589632e+00
2.780019247691722484e+00
2.710396934321504858e+00
2.628567761397373914e+00
2.551407625430808679e+00
2.487237550001044184e+00
2.422494081770320662e+00
2.378931059056263564e+00
2.329182169389046209e+00
2.287664845469087993e+00
2.253443501625028489e+00
2.223312330449505936e+00
2.204347384977761948e+00
2.161234673169769138e+00
2.148052462790563055e+00
2.136499674408735672e+00
2.130473295132098599e+00
2.129996693575389344e+00
2.121961118718356687e+00
2.133142691525172552e+00
2.105286808129299914e+00
2.088894806422128880e+00
2.054416209600478993e+00
2.019668662121151925e+00
1.953624323354937076e+00
1.917644340355149524e+00
1.865781408667498198e+00
1.815569199274225554e+00
1.767619932072349798e+00
1.728412812631173523e+00
1.686021427231342074e+00
1.661709270638777269e+00
1.663742969826017770e+00
1.636233027847673327e+00
1.613569620436418717e+00
1.592199340867530566e+00
1.582932706753517493e+00
1.602647647799358310e+00
1.600904957806637441e+00
1.588831530087798427e+00
1.570039326391569290e+00
1.539305077867304306e+00
1.516082840957651001e+00
1.495280935368345610e+00
1.479402102159408372e+00
1.461287873499038881e+00
1.463076468034589794e+00
1.452866351064656669e+00
1.461000217844972582e+00
1.471898468883434674e+00
1.502671013284437862e+00
1.518889007636357036e+00
1.530973360334346722e+00
1.554457524971493143e+00
1.583984232537115844e+00
1.626894804779247750e+00
1.753793107664098017e+00
1.911892428603053418e+00
2.081788234892314904e+00
2.237311249316256578e+00
2.431520201157674421e+00
2.610685537905162334e+00
2.776717266171552012e+00
2.959592506425849479e+00
3.135452725508255156e+00
3.315845303670649002e+00
3.503310844041436667e+00
3.689827096339403312e+00
3.875451792202024848e+00
4.057722895508391048e+00
4.238192218769906816e+00
4.416672074494005784e+00
4.598074572180376407e+00
4.774949292746807572e+00
4.941311440976026148e+00
5.125445520126412191e+00
5.297686368643823585e+00
5.468282360198013947e+00
5.630986475577316241e+00
5.802349423070047862e+00
5.978540798881425644e+00
6.159272685724886287e+00
6.332896247041333027e+00
6.488902526507953183e+00
