2.773401579933291572e+01
2.773401579933291572e+01
2.741672570341424375e+01
2.741672570341424375e+01
2.712101361856700166e+01
2.712101361856700166e+01
2.689442237523410029e+01
2.689442237523410029e+01
2.671274830943088574e+01
2.671274830943088574e+01
2.650762506867301838e+01
2.650762506867301838e+01
2.638302680347221596e+01
2.638302680347221596e+01
2.617414824186648303e+01
2.609058448088466164e+01
2.600498626669375923e+01
2.592436013992965371e+01
2.598296378045022337e+01
2.594128936092231186e+01
2.596124384047398692e+01
2.592179500015012295e+01
2.594274041287151533e+01
2.605524660081321997e+01
2.603298275427851749e+01
2.604784767329429584e+01
2.603139263761046607e+01
2.601890960341960835e+01
2.602489760417845588e+01
2.601682717986741622e+01
2.604847194795021181e+01
2.597676698815348928e+01
2.594729709188899847e+01
2.583397902643825006e+01
2.546439861446429020e+01
2.525395407483028265e+01
2.501656546436377937e+01
2.478344790110898188e+01
2.450595062404332580e+01
2.433021908958138368e+01
2.414178394844238795e+01
2.406207663708319444e+01
2.385245996659620715e+01
2.365158519349098398e+01
2.345841546674366285e+01
2.327308037539417285e+01
2.313012299987757103e+01
2.295249582004208833e+01
2.281195598117430379e+01
2.264590802639431999e+01
2.247945225920338075e+01
2.230622410083368479e+01
2.219672842177119065e+01
2.200911502400856889e+01
2.187838646207414683e+01
2.176775243781415980e+01
2.164107158960037580e+01
2.144011035557181799e+01
2.132026312075017316e+01
2.119034573978862923e+01
2.101406637861069981e+01
2.090002909700004707e+01
2.078577803078773201e+01
2.069553399970157415e+01
2.066389244607399434e+01
2.048044868437756350e+01
2.044604045326384778e+01
2.033348417965694921e+01
2.032866985878970567e+01
2.021929829701751302e+01
2.010895545157806907e+01
1.999659171544382374e+01
1.987798292292065838e+01
1.972369985247251023e+01
1.964114808005140844e+01
1.947398295732670093e+01
1.932235923603612093e+01
1.921288748399108215e+01
1.908298847440695667e+01
1.887109734846596609e+01
1.870247625217582410e+01
1.848708672989830148e+01
1.837731071839446173e+01
1.805398044875855135e+01
1.781332880465088664e+01
1.777466661169550122e+01
1.756441187229428635e+01
1.731679196010775001e+01
1.719871515688567598e+01
1.699129834037190534e+01
1.678076680550842426e+01
1.655715456073742686e+01
1.632371845307919500e+01
1.610466278733678891e+01
1.586479028882331299e+01
1.566240203677158327e+01
1.543610559247092162e+01
1.521081274235940839e+01
1.494615830510746335e+01
1.471640646152588872e+01
1.447154748893093767e+01
1.422821657488328384e+01
1.397588241571580703e+01
1.373575771545316293e+01
1.346621005562226436e+01
1.320564405560834764e+01
1.294444777998794116e+01
1.267061844922760372e+01
1.240158905736272743e+01
1.212977115313748122e+01
1.183227050596346430e+01
1.154707938668313538e+01
1.126561598487337790e+01
1.098231838880083089e+01
1.071067538544308917e+01
1.043422284206182837e+01
1.014813561235536987e+01
9.874849531368139921e+00
9.621407921586291323e+00
9.390023825433253535e+00
9.157811464173095217e+00
8.917410481702409797e+00
8.704866675220364058e+00
8.489790782128681101e+00
8.290436889989882374e+00
8.096075274175019487e+00
7.905017344585866468e+00
7.721345420264253079e+00
7.567223426283103294e+00
7.389971472183873402e+00
7.243332851914187742e+00
7.086531801658427554e+00
6.967732553046655397e+00
6.869931339131305492e+00
6.752786509895663869e+00
6.674302322900192763e+00
6.578493249184514724e+00
6.503365684651573275e+00
6.421396336204104216e+00
6.346603967826268899e+00
6.276156437579519576e+00
6.223724007119066925e+00
6.156213263896130883e+00
6.071233267719062354e+00
6.026046635870471846e+00
5.947780124275524827e+00
5.925781561151708843e+00
5.869445315469995705e+00
5.812977531869538694e+00
5.823009913207243926e+00
5.829382969158341865e+00
5.786622667002099263e+00
5.805245053170196456e+00
5.790826256041889053e+00
5.753348314718355283e+00
5.764985679604162527e+00
5.751149217920229262e+00
5.740250072788310121e+00
5.712033956147703151e+00
5.725751441712965573e+00
5.713282655957474532e+00
5.670785146092285345e+00
5.615265530493907420e+00
5.513899502976897793e+00
5.470626443872511402e+00
5.422258575512362455e+00
5.361445060768510018e+00
5.302466586710707475e+00
5.239895609928147735e+00
5.175058870424074087e+00
5.125087905556604539e+00
5.073397523868642622e+00
5.026807442236535195e+00
4.983467559013543990e+00
4.952307762559538418e+00
4.915799457388491334e+00
4.892852410395430951e+00
4.869841826689405906e+00
4.853104491510332963e+00
4.842261330666975283e+00
4.839948090611166265e+00
4.834531265816519152e+00
4.825282658887591225e+00
4.815865712338421645e+00
4.806273975749633109e+00
4.789189589442219841e+00
4.785107087396522019e+00
4.769114942146881475e+00
4.751251955734993260e+00
4.733631799310440869e+00
4.709734419106084147e+00
4.685252520502540818e+00
4.662141861270296062e+00
4.636104497542969938e+00
4.609302410389179983e+00
4.582610498960040246e+00
4.551138149858012127e+00
4.521548217520024338e+00
4.488838426888630551e+00
4.452181204225020394e+00
4.415765284361619081e+00
4.378329038855554245e+00
4.344467038010989768e+00
4.305097374692884671e+00
4.267040514294173192e+00
4.226840319095664711e+00
4.187722180968190600e+00
4.149491823470167873e+00
4.111391746059229746e+00
4.069308093367894230e+00
4.029189540386266088e+00
3.989959803965046348e+00
3.952820769762194431e+00
3.913073141080435136e+00
3.871948074420419772e+00
3.831301475055902017e+00
3.786028617978438149e+00
3.745378022407518159e+00
3.704217522817344843e+00
3.658380861584600297e+00
3.616303641293377780e+00
3.571058278361284977e+00
3.521781627740807608e+00
3.471340655662217500e+00
3.430133742231955551e+00
3.375127009793850164e+00
3.319414339436718819e+00
3.259310245815498774e+00
3.207357849702429320e+00
3.140134148652872881e+00
3.070951133994448412e+00
3.009623094197070969e+00
2.928521944738257332e+00
2.849838986527295503e+00
2.779982402754839654e+00
2.700166080187138107e+00
2.619492886930000708e+00
2.538937300043045298e+00
2.451289723891694194e+00
2.381260425404136072e+00
2.315185308619319926e+00
2.247415705660344543e+00
2.200800630245840495e+00
2.152408329282284427e+00
2.104321232107970729e+00
2.070555800121422152e+00
2.041291289307913814e+00
2.025949254952656986e+00
2.010459548672510977e+00
1.993582321132382873e+00
1.963015612820203870e+00
1.971775856355343137e+00
1.985934044905825147e+00
1.983267182230068926e+00
1.966068351961222760e+00
1.952324299562828713e+00
1.938311887186365823e+00
1.901574529508859968e+00
1.855021341663753986e+00
1.815049044504771558e+00
1.761329443396295602e+00
1.710737009196169112e+00
1.660890717554913465e+00
1.618916627592120960e+00
1.578558118231260465e+00
1.521020926963842612e+00
1.500647297423761017e+00
1.488494349171936904e+00
1.446445559267647951e+00
1.422464298510334402e+00
1.418523215229168244e+00
1.404683690902604809e+00
1.384570295850775068e+00
1.366161817432409720e+00
1.335952268151892497e+00
1.300973868977983727e+00
1.289543849035300838e+00
1.249030730506103026e+00
1.212192783106278426e+00
1.203388179271282610e+00
1.197375958542714613e+00
1.193322278004753656e+00
1.203793773585839944e+00
1.193332407068496082e+00
1.202772948694143196e+00
1.212015743072086593e+00
1.213322217597390562e+00
1.232853240486313950e+00
1.235249031969917866e+00
1.270288126268539486e+00
1.399362450261953938e+00
1.552144211527245687e+00
1.712580642379339935e+00
1.884496768236036957e+00
2.059487414032279418e+00
2.246068373845538702e+00
2.412597064500062061e+00
2.586187413593691531e+00
2.772366243647105932e+00
2.950315248221368591e+00
3.141244639117086734e+00
3.316908249603162773e+00
3.505541450106353096e+00
3.686276885735971121e+00
3.858521193429442775e+00
4.032083475162473007e+00
4.203032932642901898e+00
4.368075642399826819e+00
4.549031510382686605e+00
4.724267232015673557e+00
4.893489496549776163e+00
5.062565715880893435e+00
5.229518226179145302e+00
5.397092422865995331e+00
5.556377310248510781e+00
5.733041584665972579e+00
5.896072069844343844e+00
6.049678009442317261e+00
