2.665738161563339759e+01
2.665738161563339759e+01
2.646504590788009637e+01
2.635713234358212276e+01
2.635713234358212276e+01
2.621698955658817809e+01
2.621698955658817809e+01
2.610766657286178827e+01
2.610766657286178827e+01
2.595539405347832584e+01
2.595539405347832584e+01
2.585226184343095213e+01
2.585226184343095213e+01
2.577293282039969569e+01
2.574625521582540344e+01
2.568573250909075156e+01
2.566562839301614929e+01
2.572957392985905045e+01
2.570563009326609460e+01
2.571637499905503432e+01
2.569031320970327670e+01
2.576451981557303128e+01
2.576247635519936452e+01
2.582986173167858368e+01
2.592243899715658628e+01
2.591024003061131964e+01
2.576293125977161580e+01
2.578836592536540806e+01
2.576234025323084609e+01
2.578091794469625597e+01
2.577156999919100500e+01
2.577177066043028830e+01
2.557235510846274451e+01
2.544818379697470334e+01
2.523291609271075586e+01
2.503586752209046296e+01
2.492108612452130600e+01
2.471493478094611973e+01
2.449734017365691230e+01
2.434012389798330744e+01
2.410619912412855470e+01
2.383328405154617613e+01
2.359062280771185272e+01
2.351064608913513254e+01
2.346430036737147873e+01
2.329236313500844702e+01
2.310611920819963316e+01
2.293790906660283113e+01
2.277823312454664872e+01
2.260163186283303816e+01
2.247535387023319942e+01
2.239288221700287451e+01
2.223125018322648216e+01
2.209145054270242170e+01
2.193482743886022135e+01
2.177816894827968852e+01
2.166757986707300532e+01
2.155353206082471829e+01
2.137629989173068523e+01
2.124661684927152194e+01
2.113594622548768598e+01
2.100538991375159625e+01
2.089251350363819881e+01
2.079409202284184488e+01
2.060542114502625211e+01
2.054136995673364297e+01
2.056368334067571624e+01
2.052492431945181295e+01
2.050470607442246873e+01
2.036265819530068555e+01
2.019777133648780421e+01
2.013758861345100470e+01
1.984707378158129387e+01
1.973187343729541965e+01
1.959965459563248658e+01
1.944942378765258439e+01
1.941914502900949202e+01
1.918452775552162848e+01
1.906019433100789584e+01
1.889552891637608667e+01
1.868880083883183119e+01
1.869801082475613896e+01
1.855775131058479133e+01
1.835857589223314790e+01
1.825415997587457184e+01
1.813470584417093789e+01
1.796714452837225195e+01
1.772672045818743314e+01
1.752174456270479652e+01
1.732186247573787696e+01
1.711067466533175008e+01
1.687891132569823327e+01
1.668016002381421004e+01
1.644586353533739498e+01
1.620400957558200972e+01
1.598288927372881929e+01
1.573887507120235796e+01
1.549535867112325960e+01
1.526291899203987690e+01
1.498988220360409329e+01
1.475298226086436237e+01
1.449494736602106393e+01
1.423244491679444401e+01
1.397846450078657909e+01
1.371490892646767357e+01
1.344537292456217870e+01
1.316853945586584373e+01
1.289591614385482288e+01
1.260381069566860290e+01
1.231534367254542062e+01
1.203717201649182833e+01
1.174387441955713740e+01
1.145049511389336594e+01
1.117807547957894698e+01
1.089564531769757316e+01
1.061757911515351083e+01
1.032289222962436170e+01
1.005002079377847934e+01
9.789326621894236524e+00
9.537136478866729661e+00
9.290434473825396111e+00
9.059523009842994412e+00
8.823261043214751354e+00
8.605078967733604145e+00
8.399340773895906054e+00
8.200266518215627798e+00
8.010344998279173012e+00
7.832433265121366617e+00
7.652580001303769919e+00
7.493614927771112377e+00
7.339691108473971326e+00
7.200124213026533937e+00
7.092691057570911894e+00
6.977033179054668466e+00
6.872193773255547811e+00
6.760643179884024079e+00
6.665382904599656655e+00
6.569878251151287429e+00
6.478149070442835722e+00
6.422512717482259603e+00
6.334437053820053620e+00
6.255015650412062200e+00
6.176084964912437414e+00
6.122739392910393263e+00
6.060730929157092106e+00
6.015072203273970075e+00
5.971069468183149098e+00
5.933368264322965047e+00
5.889062887390956291e+00
5.849989111688781662e+00
5.841431058949421384e+00
5.815002339211002180e+00
5.788305025471085941e+00
5.802178038442384889e+00
5.786198328069911412e+00
5.793176376934106031e+00
5.764472989563060423e+00
5.721655127767604654e+00
5.733720964172619006e+00
5.703549409328605435e+00
5.689135978659432880e+00
5.641941605490124800e+00
5.607571689410676186e+00
5.566253846790242932e+00
5.523690104283915048e+00
5.470950459660503640e+00
5.412796962404520684e+00
5.360854529138158853e+00
5.292736262314811313e+00
5.228849675769286165e+00
5.170219296055503122e+00
5.114088190230308584e+00
5.062221525111390008e+00
5.020472590218606257e+00
4.983194902730506470e+00
4.950983038630102584e+00
4.924262113254869178e+00
4.905197609599717623e+00
4.886722242603902089e+00
4.877318676187890389e+00
4.871013439962638358e+00
4.863723843826029736e+00
4.859807575707932870e+00
4.848890976778161388e+00
4.840293621891156306e+00
4.825592125446895864e+00
4.808372638437717228e+00
4.795120599503984948e+00
4.776181335791413574e+00
4.752899415832349206e+00
4.732925510166033689e+00
4.709553643361402919e+00
4.685275512317190305e+00
4.659353075004631251e+00
4.631877411790746635e+00
4.601204789951065521e+00
4.573524088982772184e+00
4.538620291284743757e+00
4.503383030738127957e+00
4.469648108330968483e+00
4.432651012341523256e+00
4.394873932395299221e+00
4.356468837204623412e+00
4.319432621424233787e+00
4.279146739523621790e+00
4.237315702506258219e+00
4.198024994758018380e+00
4.156933473314847305e+00
4.117316194065779200e+00
4.077206297398351609e+00
4.036624958182933653e+00
3.996455553380794612e+00
3.954209824819287178e+00
3.912476033266376163e+00
3.873380833741737916e+00
3.827499364613768051e+00
3.784687801612012237e+00
3.744798295056554593e+00
3.702395003790169170e+00
3.659346601605150795e+00
3.613823763977592307e+00
3.568668097896207314e+00
3.522626068149257605e+00
3.480005535262638006e+00
3.416429752573161949e+00
3.362716210809765016e+00
3.307989794301736453e+00
3.249964362400302065e+00
3.190410786077638505e+00
3.131709069047527549e+00
3.069278247436081131e+00
2.994290435818651730e+00
2.928274365747313368e+00
2.859074978928934030e+00
2.779093109995994126e+00
2.699682567483087325e+00
2.614495558237880601e+00
2.525695721219840095e+00
2.447913843695790348e+00
2.379244075345521736e+00
2.306722768965471460e+00
2.243344586820221309e+00
2.192570397107310498e+00
2.144455666266555482e+00
2.095801128496884047e+00
2.061406433439373131e+00
2.016471287408545976e+00
1.999791962373144827e+00
1.991003580454599131e+00
1.982073897510147731e+00
1.974679945113525292e+00
1.971862411793683378e+00
1.966797035933122828e+00
1.969554575411091690e+00
1.949006545267820911e+00
1.928736362013719230e+00
1.902822097860532580e+00
1.860239149322350016e+00
1.821375176523854833e+00
1.785824346873852164e+00
1.744589424278750300e+00
1.658476491666501573e+00
1.629656265983115304e+00
1.582903865225318896e+00
1.531911922890103028e+00
1.469716391743702388e+00
1.453038081291584405e+00
1.431564238996884342e+00
1.415142365659807666e+00
1.393026265905639605e+00
1.384971053539484132e+00
1.367569784710433112e+00
1.358031723220047837e+00
1.331990666702751014e+00
1.306128488712882785e+00
1.271615863680857217e+00
1.238448163912774902e+00
1.203316662747873522e+00
1.181146452957687387e+00
1.167301595904941536e+00
1.149763838337037214e+00
1.149196772716710058e+00
1.147705435865901791e+00
1.147621529042378796e+00
1.170838707647241961e+00
1.178356256200590479e+00
1.189097272280427831e+00
1.210459592493624115e+00
1.226302157064885989e+00
1.268292460903484908e+00
1.389448196346563691e+00
1.557522354450441071e+00
1.723726962792863304e+00
1.903132013847901760e+00
2.082160334727326756e+00
2.254393958789684405e+00
2.450085223819819191e+00
2.628997379811661261e+00
2.817934546423952469e+00
3.010303709323359556e+00
3.206428484306439231e+00
3.400511876340075901e+00
3.592625579529812541e+00
3.784079747975326313e+00
3.976380113835062957e+00
4.158784515104109403e+00
4.339294900390974874e+00
4.516005698555161985e+00
4.698395942314821383e+00
4.888144274352036689e+00
5.066214235850335257e+00
5.242773912401936798e+00
5.418458723051319481e+00
5.586698202657345291e+00
5.773058186123893876e+00
5.946729477619598470e+00
6.119748408755000924e+00
6.282082295160527963e+00
