2.754127557842379304e+01
2.754127557842379304e+01
2.730120044123247780e+01
2.730120044123247780e+01
2.704133793561719301e+01
2.704133793561719301e+01
2.683382754785244018e+01
2.683382754785244018e+01
2.662578310870757647e+01
2.662578310870757647e+01
2.637858767660363668e+01
2.637858767660363668e+01
2.615838265060319046e+01
2.615838265060319046e+01
2.603079980472811528e+01
2.598295420511362863e+01
2.590783884245555413e+01
2.586231735373107909e+01
2.603436169968511749e+01
2.601997852381479603e+01
2.600363672667972637e+01
2.601187666153376554e+01
2.606904755864045242e+01
2.610158220088136005e+01
2.615939381100130134e+01
2.616527731366122467e+01
2.605229686858060134e+01
2.602403091859665096e+01
2.605007956651132872e+01
2.607299179315930360e+01
2.609414188421100533e+01
2.610953060753995203e+01
2.600422229520344786e+01
2.591224758993110910e+01
2.573093701807422207e+01
2.553843656919574201e+01
2.525483654427776870e+01
2.503880820099696436e+01
2.480133747817733436e+01
2.448770846628600850e+01
2.426032107365667656e+01
2.409277340010025625e+01
2.387915533096260035e+01
2.370803015122730528e+01
2.359125736124570949e+01
2.338077149553825862e+01
2.323945167005888379e+01
2.306932891065957492e+01
2.286724944734508469e+01
2.263340641227794947e+01
2.242285102885629300e+01
2.240562997750951979e+01
2.223594602936667641e+01
2.207992225468293768e+01
2.188846471870588317e+01
2.176282237130309483e+01
2.157654950408568695e+01
2.141519483446783312e+01
2.129508756389938640e+01
2.120697600116671211e+01
2.108858726006819140e+01
2.097105221240067152e+01
2.082314772220716037e+01
2.071338244824371344e+01
2.063739767634001510e+01
2.048944800106887243e+01
2.037164000488278504e+01
2.043493336775758351e+01
2.026768141042882831e+01
1.995977165201007608e+01
1.985090507169954677e+01
1.973325140281882284e+01
1.965913777781890559e+01
1.949946958169469724e+01
1.939852679344070907e+01
1.928116256687074781e+01
1.902405550972919812e+01
1.884203665364893254e+01
1.869327116265840871e+01
1.853646897285092621e+01
1.842244956218579333e+01
1.819311953600530529e+01
1.811018740382642633e+01
1.788775752455789814e+01
1.768667727018863189e+01
1.747886649909317924e+01
1.742009884546059340e+01
1.720892463178608267e+01
1.699873547761865211e+01
1.680767244589564413e+01
1.660673956100775328e+01
1.637075653026460031e+01
1.616426533914608044e+01
1.591927089734004142e+01
1.568362250922482382e+01
1.545177379692129271e+01
1.524583194686190879e+01
1.500557619614224869e+01
1.476772431864270274e+01
1.453555318963416454e+01
1.425903230668447286e+01
1.403776104022991333e+01
1.378579345727305139e+01
1.353108446599321013e+01
1.326719070683517288e+01
1.301494319963406099e+01
1.274732496888610278e+01
1.248190291932169238e+01
1.220548818685190895e+01
1.193054066314066297e+01
1.165679225731082091e+01
1.136617734663384205e+01
1.108844329890356306e+01
1.081296565848065683e+01
1.054882889852932593e+01
1.027951206870116074e+01
1.000133262101766718e+01
9.738204120459263535e+00
9.482428852894106086e+00
9.237752253236129363e+00
9.015420516276533291e+00
8.787231618008094713e+00
8.569376790815807610e+00
8.373623339374571373e+00
8.169418484562077865e+00
7.978714191100703346e+00
7.795460489436582208e+00
7.614551404014482827e+00
7.449743937091897195e+00
7.287807854436033850e+00
7.142574517360102959e+00
7.021036416647902456e+00
6.883784715292797785e+00
6.780787912608921886e+00
6.676211269761346045e+00
6.592442098630449721e+00
6.505171617655431504e+00
6.397346074157127305e+00
6.318907519825874175e+00
6.244232054885635819e+00
6.161764019553054084e+00
6.105112178758385966e+00
6.047243100151366235e+00
5.989543180720058757e+00
5.962485063673682362e+00
5.886210686208904974e+00
5.847868425534489489e+00
5.785712545732192069e+00
5.760808376622346572e+00
5.723130155712606637e+00
5.688033322645633660e+00
5.683801505021303768e+00
5.689626285035991771e+00
5.664184564663496957e+00
5.643985100886148132e+00
5.638787774814698395e+00
5.635992778990765117e+00
5.604566489943852758e+00
5.592672183020756194e+00
5.550079325848837897e+00
5.539036914643649112e+00
5.547530580396838218e+00
5.499838777141974333e+00
5.460939006964171227e+00
5.434164009504129922e+00
5.384815809723090041e+00
5.335509847122985150e+00
5.273875568771632771e+00
5.212414782562511562e+00
5.153282968750652060e+00
5.088053652248611058e+00
5.035406018886749990e+00
4.989890343453534882e+00
4.960936822776520927e+00
4.927661323724731091e+00
4.889992119385340175e+00
4.863392278320286977e+00
4.843929161494454405e+00
4.832564567104217446e+00
4.818907655950379620e+00
4.815619285005769967e+00
4.809336654498288510e+00
4.798164844558023390e+00
4.790288171600121103e+00
4.780432217049160215e+00
4.766826250391062558e+00
4.752555013147528484e+00
4.737570139005750747e+00
4.721633262332463943e+00
4.700180299045722876e+00
4.681330429436460605e+00
4.658248431289504055e+00
4.635071387071267424e+00
4.611775520563490716e+00
4.584374919839131479e+00
4.556569925802456567e+00
4.529755040848229442e+00
4.495650433228895793e+00
4.461863570189915862e+00
4.429088295276603304e+00
4.395905799748835108e+00
4.358820667541440486e+00
4.324864584964753789e+00
4.289850517291579735e+00
4.253259794133885663e+00
4.212131945491233154e+00
4.176597453587429953e+00
4.139359279348070686e+00
4.100842160342232035e+00
4.059762134928607935e+00
4.022044156527332603e+00
3.984466987988586339e+00
3.946200630306080370e+00
3.909733000618672349e+00
3.870365120366173528e+00
3.827608979686281998e+00
3.794043024668741992e+00
3.755524315382512412e+00
3.714126386786745115e+00
3.666695416338548341e+00
3.626790187020358047e+00
3.578357522412574099e+00
3.533796783289396615e+00
3.483585475293015321e+00
3.443373985061754183e+00
3.387351843991531553e+00
3.339128248413540945e+00
3.285880168365594045e+00
3.233770241476030094e+00
3.172381397346875076e+00
3.113714554734503537e+00
3.046228261678290750e+00
2.978929607541154212e+00
2.908105315458474394e+00
2.831961643635725778e+00
2.758746231793768544e+00
2.676547285035397294e+00
2.599545597182864043e+00
2.531534347739103907e+00
2.463771340889550743e+00
2.402585459598775230e+00
2.347249459912784886e+00
2.293779577689541327e+00
2.245329854238633516e+00
2.208098168914467863e+00
2.169383142953218879e+00
2.153870884495734828e+00
2.123050955397879136e+00
2.112250216767737498e+00
2.098611271160724101e+00
2.092953664303024652e+00
2.104611084103506613e+00
2.097012873304002767e+00
2.076502813587683960e+00
2.054232444843524519e+00
2.031508198926900377e+00
1.997633110911877452e+00
1.959250858657821226e+00
1.913290574629275653e+00
1.860754603478504521e+00
1.812781435902920180e+00
1.779425589629830995e+00
1.750662158734900942e+00
1.711933202952511834e+00
1.673873194416923837e+00
1.626237436529631708e+00
1.600524300896545071e+00
1.610713496689960778e+00
1.592533913136229273e+00
1.568100877785372660e+00
1.564588553856662401e+00
1.537500987912558514e+00
1.544382162296308536e+00
1.523473862238908794e+00
1.494112613235738962e+00
1.473101499131196590e+00
1.450351242601424673e+00
1.413563243074310805e+00
1.398785227240566087e+00
1.390821401617024833e+00
1.382153097342534664e+00
1.374553826417013624e+00
1.381676431042876629e+00
1.383229331092088898e+00
1.398156657588895513e+00
1.403651049897472802e+00
1.434874017832694193e+00
1.449529940918271365e+00
1.471372964823036256e+00
1.515458682235916399e+00
1.625474446519348248e+00
1.778734888161608296e+00
1.946251277866505092e+00
2.134007224004069059e+00
2.308934900973287796e+00
2.491668253895831242e+00
2.670323598467483350e+00
2.846564636582289864e+00
3.031190440229934779e+00
3.207028072668649088e+00
3.399149187694089136e+00
3.579276605962768087e+00
3.764276263992769600e+00
3.946489558078464910e+00
4.119965276285221023e+00
4.295200240247378787e+00
4.499877222856259351e+00
4.672705856353204013e+00
4.842602387070638059e+00
5.021045390097214067e+00
5.190595664377905649e+00
5.368069848563543189e+00
5.541053117614740842e+00
5.708919579453489490e+00
5.876135833321185942e+00
6.040720508177113146e+00
6.208107810687199191e+00
6.361574953627080475e+00
