2.764672742950627082e+01
2.764672742950627082e+01
2.740159519206957484e+01
2.740159519206957484e+01
2.711168650531503488e+01
2.711168650531503488e+01
2.691237346211717707e+01
2.680694205054939516e+01
2.680694205054939516e+01
2.660871166691043044e+01
2.660871166691043044e+01
2.642764425708647380e+01
2.642764425708647380e+01
2.632861865330641393e+01
2.628507671827351544e+01
2.618571776334376722e+01
2.612592340913793976e+01
2.605598235612538005e+01
2.611102481727859370e+01
2.606886679650689231e+01
2.605152411255767220e+01
2.606508145067784454e+01
2.612895151791582293e+01
2.618770633757164745e+01
2.628302581079580946e+01
2.624355359373419105e+01
2.607636842984565106e+01
2.609309853487399877e+01
2.611301558332743866e+01
2.613957912806647599e+01
2.617409248505222408e+01
2.614712587436884661e+01
2.610951653865481958e+01
2.595268833127216368e+01
2.570440348279431575e+01
2.553807837351039112e+01
2.533633939490998443e+01
2.508067539404852653e+01
2.484840810877080486e+01
2.462392695627204375e+01
2.440036824709609320e+01
2.417086120890277812e+01
2.403628986345507457e+01
2.385929793417652789e+01
2.368223874946629337e+01
2.349805155263250356e+01
2.330516357391812932e+01
2.315689068579735732e+01
2.301162446446553034e+01
2.266406720976210920e+01
2.251630167703852692e+01
2.233744498598290562e+01
2.217299606767824471e+01
2.201806720117209082e+01
2.191412493346435753e+01
2.173319887016877061e+01
2.151253575024615827e+01
2.125627833820886892e+01
2.112543188546522188e+01
2.104763113215134851e+01
2.091637927743597203e+01
2.081635337808140207e+01
2.072613440300785825e+01
2.060837796576043601e+01
2.052347536914346549e+01
2.031598726017341505e+01
2.030609223998311208e+01
2.021123513541666838e+01
2.003312159907701329e+01
1.995237561493723888e+01
1.977181857200917747e+01
1.963926859147164095e+01
1.948432841035656793e+01
1.941511498418049086e+01
1.938408681359730323e+01
1.933361745426729073e+01
1.893322848944897174e+01
1.880885574125210269e+01
1.867277714240506015e+01
1.847882358975328643e+01
1.833731564252716595e+01
1.819644843744840301e+01
1.800076313110201909e+01
1.781222469335592962e+01
1.768813029947855142e+01
1.752585857800738012e+01
1.732193676485219669e+01
1.716468926705201170e+01
1.695710593924855303e+01
1.672783740123355756e+01
1.654750581566288403e+01
1.635239530850628853e+01
1.611653905014830102e+01
1.589554500212119770e+01
1.567269347130116053e+01
1.545114385632678733e+01
1.522455817241326237e+01
1.497682117176300665e+01
1.474288761194194031e+01
1.449580936667456754e+01
1.426607011547843484e+01
1.401563487630660276e+01
1.376570919023641437e+01
1.352074798341485717e+01
1.326132778533509970e+01
1.300808304421581063e+01
1.273998613535072444e+01
1.247884471108069526e+01
1.220890591254874380e+01
1.191976779961976618e+01
1.164285086835931615e+01
1.137147081755319711e+01
1.108074015274844903e+01
1.081718328375813876e+01
1.054627717129502962e+01
1.027125550977509150e+01
9.998197640288790211e+00
9.738350666575225745e+00
9.484473041709080121e+00
9.238563633279982312e+00
9.005755440376937315e+00
8.789624489209556302e+00
8.571049792896634045e+00
8.366265271009075022e+00
8.163640680390788162e+00
7.970895999942991139e+00
7.789591041309524400e+00
7.620429923301283992e+00
7.440311652064490744e+00
7.283319825243321333e+00
7.133561961860166889e+00
7.015262081025301910e+00
6.905313117095676745e+00
6.779830459623894967e+00
6.681980530710493582e+00
6.578814537390286432e+00
6.490257266144485726e+00
6.414244514126998808e+00
6.325193006026683662e+00
6.270636916642580161e+00
6.158230177220954005e+00
6.102622436397499683e+00
6.040563140287336097e+00
5.990841822721360899e+00
5.947411648509998372e+00
5.896762520862758095e+00
5.854174344353317849e+00
5.817017629331200368e+00
5.770852413486728949e+00
5.749650532917215173e+00
5.714822536994514479e+00
5.703974023858929598e+00
5.701300842913035183e+00
5.681802965004223438e+00
5.665966920974408794e+00
5.663285583526199929e+00
5.659663865189326515e+00
5.656931014754288611e+00
5.633999595212948464e+00
5.612119768367563211e+00
5.566578588653793958e+00
5.564062004862766031e+00
5.520038943451954339e+00
5.476182120099146289e+00
5.445926683229199483e+00
5.393394867615537436e+00
5.344224468693688834e+00
5.282905191643845200e+00
5.227282237184834202e+00
5.163365968157197727e+00
5.106518425640327763e+00
5.049693194698509302e+00
5.004374114733682433e+00
4.962326986827360287e+00
4.925714820823330342e+00
4.899162814164277790e+00
4.873387473082548382e+00
4.848748332139631856e+00
4.837806047634497730e+00
4.825055520476137616e+00
4.819623391599673567e+00
4.810799034154531029e+00
4.802978318234927713e+00
4.801358956922712196e+00
4.791382579606700887e+00
4.779732163675291190e+00
4.765495598113695053e+00
4.749828614951432826e+00
4.730836242438613226e+00
4.712870170534195324e+00
4.689343359104203302e+00
4.671022041373369404e+00
4.643562633289818109e+00
4.618369602918082961e+00
4.590764699346340905e+00
4.565731868165240570e+00
4.530744796094243299e+00
4.501801758466001502e+00
4.471335234112324031e+00
4.433295760800135099e+00
4.403887862728478098e+00
4.367893375112558374e+00
4.331581634483594456e+00
4.295402529761599197e+00
4.258916188036092620e+00
4.222898427122917298e+00
4.184182004715818692e+00
4.144708904446371633e+00
4.105267280107103289e+00
4.068659407589148458e+00
4.031946282167016449e+00
3.992009025000573530e+00
3.953784232489287120e+00
3.915051408437236091e+00
3.875717598257857333e+00
3.836125372722882787e+00
3.795989142005321781e+00
3.754513656281766032e+00
3.715669343350267440e+00
3.677083518586567124e+00
3.637345028714445760e+00
3.595213985423090008e+00
3.545518845323794466e+00
3.495896655226861327e+00
3.451348655501835339e+00
3.406528843968594344e+00
3.346000807808138688e+00
3.290518794133337366e+00
3.233564154528302481e+00
3.173652514676501113e+00
3.122163095038786196e+00
3.053987564645009201e+00
2.984388639561949219e+00
2.916647133911727252e+00
2.835577214251149059e+00
2.766426160079920038e+00
2.681609678619707893e+00
2.594742436082739800e+00
2.520504595365228084e+00
2.455984151703113127e+00
2.387574431013511855e+00
2.323360298829285853e+00
2.279134047983330191e+00
2.239736116167048152e+00
2.203857090015606701e+00
2.170817326522598734e+00
2.141366236254423683e+00
2.116040159413756783e+00
2.110501747538975792e+00
2.090030442316841430e+00
2.078452473466459338e+00
2.082144957585796874e+00
2.072086930359663626e+00
2.068919124651259267e+00
2.048922816405561065e+00
2.047211337796387198e+00
1.993657059334012160e+00
1.985146275340188282e+00
1.940086200681015782e+00
1.905076831080180000e+00
1.877642480072964304e+00
1.822515689836194497e+00
1.759148554898686712e+00
1.738896539513532957e+00
1.692472854731857268e+00
1.642838753082177305e+00
1.620825814393523245e+00
1.610903775935302207e+00
1.600975877637743849e+00
1.572663657870617016e+00
1.570458804222592875e+00
1.544001615238752123e+00
1.549196435716144293e+00
1.542800015670842129e+00
1.514684187344407462e+00
1.489298984026493855e+00
1.448748764475261908e+00
1.429641793928638549e+00
1.402032748062111978e+00
1.399518084475666058e+00
1.392891900608361766e+00
1.395699064340604423e+00
1.405679539682680002e+00
1.406349975713037992e+00
1.419166034937827447e+00
1.423128990101790947e+00
1.437410248192044548e+00
1.444714501211020519e+00
1.478528723405961642e+00
1.516103879545244837e+00
1.625275363016754682e+00
1.772235503877052309e+00
1.940161793910601062e+00
2.104467400951484990e+00
2.271996815665481506e+00
2.435602621022006531e+00
2.615298530236174201e+00
2.788833136983544847e+00
2.966813794242039393e+00
3.148285599936972545e+00
3.323090307001532295e+00
3.497989457201750696e+00
3.687898253988109332e+00
3.861854749317853219e+00
4.037660203913404189e+00
4.212799740826955741e+00
4.381782163593651802e+00
4.544791562221004000e+00
4.715802877766130052e+00
4.882566293360145693e+00
5.052936964306230294e+00
5.219356657544441447e+00
5.386323115644824355e+00
5.549519508460559081e+00
5.710181870682390581e+00
5.867069380712134574e+00
6.030134482187982314e+00
6.178117472851806014e+00
