2.704424740385855941e+01
2.704424740385855941e+01
2.683948090593410640e+01
2.673155673061403803e+01
2.673155673061403803e+01
2.651099807704988720e+01
2.651099807704988720e+01
2.639230151336042951e+01
2.639230151336042951e+01
2.626145705200868008e+01
2.626145705200868008e+01
2.613878153789841718e+01
2.613878153789841718e+01
2.603412815922729351e+01
2.599833387726306455e+01
2.596077458412498729e+01
2.597103287050103404e+01
2.595057347056192043e+01
2.593812001072262774e+01
2.591090336679260631e+01
2.588485433873679042e+01
2.596149738669165785e+01
2.600978378754868814e+01
2.606484618801360753e+01
2.616237140580414433e+01
2.629798795095583941e+01
2.588968769449956042e+01
2.593217795847795770e+01
2.595698295960455226e+01
2.598710839376933635e+01
2.596714864564233238e+01
2.596046997919872368e+01
2.584185676211027527e+01
2.574633885085025753e+01
2.560586056068246563e+01
2.533505090475572175e+01
2.505264975956375295e+01
2.485478182317941176e+01
2.463135662861354191e+01
2.440165736996006629e+01
2.417805932926035339e+01
2.396700110673094741e+01
2.379026049434948575e+01
2.365576841961007659e+01
2.352442811466072925e+01
2.333497722942281882e+01
2.318627628766571291e+01
2.300342539190862823e+01
2.280322682729036288e+01
2.259342113233204685e+01
2.240201558205940202e+01
2.234996724825409586e+01
2.220406244519607597e+01
2.203374794005268100e+01
2.190776538069024681e+01
2.173342438060556958e+01
2.160570036214654976e+01
2.147380521357757033e+01
2.133068535382567887e+01
2.116636071272267827e+01
2.114598021498340685e+01
2.104132810016448474e+01
2.090868341011929488e+01
2.076826463143178714e+01
2.053485242914623754e+01
2.042002514446410544e+01
2.036843736324276932e+01
2.033465449406773118e+01
2.018917475090190550e+01
2.018548685928935171e+01
2.011782873562676599e+01
2.001125655341149923e+01
1.986658491801388493e+01
1.973301460636182370e+01
1.963307047622800638e+01
1.951169743321188221e+01
1.937266273535189853e+01
1.922767507848208268e+01
1.909550772051269618e+01
1.893005216450451655e+01
1.878271329537119172e+01
1.863119878001325347e+01
1.845457617446713527e+01
1.831395137266135720e+01
1.814332313707786071e+01
1.788653239171786780e+01
1.769670555897949882e+01
1.752412917621028043e+01
1.731725953435258702e+01
1.704037739847790078e+01
1.685134445954372140e+01
1.663899200715063387e+01
1.640510381395188588e+01
1.618451772739603456e+01
1.599006735195558981e+01
1.577588335545315346e+01
1.548421176934832921e+01
1.525532987635603810e+01
1.502777212256380857e+01
1.478713128972505331e+01
1.453818414348159038e+01
1.427376558108359816e+01
1.402781715927459416e+01
1.377770336825565956e+01
1.350425900606565577e+01
1.324440189390269218e+01
1.298522227104614402e+01
1.269292370299203121e+01
1.241939703662946926e+01
1.213613972617463155e+01
1.184945811697849649e+01
1.156630775605652062e+01
1.128159130465527049e+01
1.100758800185010777e+01
1.073790478602272103e+01
1.044969738610479482e+01
1.016977867923723267e+01
9.901952298132675523e+00
9.632543368311329957e+00
9.386241118449675014e+00
9.162878637010599903e+00
8.917566537937480220e+00
8.688360311095982169e+00
8.476655238182720709e+00
8.259754108949735496e+00
8.066063205288145355e+00
7.879359256396572420e+00
7.705530830362469885e+00
7.537247003217782293e+00
7.363055780578324772e+00
7.213656138905708559e+00
7.087947126472233350e+00
6.964529988868896737e+00
6.857076844002335747e+00
6.744527671997861518e+00
6.637398219235333130e+00
6.543218380367537890e+00
6.458323603839392746e+00
6.366529098707459866e+00
6.255992594821286445e+00
6.196255264879400926e+00
6.121353162514068913e+00
6.072794113468454213e+00
6.021907273393612314e+00
5.942300491698386367e+00
5.902470349838978336e+00
5.852656196908682773e+00
5.794336205779259785e+00
5.759694783182034428e+00
5.747254741408568179e+00
5.721680624239105839e+00
5.718431350925683887e+00
5.699413579389414508e+00
5.682840895198218334e+00
5.664895092105727059e+00
5.681953517357804628e+00
5.653589075438535616e+00
5.654834489146299603e+00
5.656172968663007339e+00
5.642982620272817940e+00
5.599875697833127219e+00
5.580434858724036218e+00
5.541838516525064762e+00
5.525331837171986393e+00
5.480810144968945252e+00
5.417771506708216833e+00
5.371553802596682914e+00
5.313199268325782043e+00
5.249873167085482351e+00
5.181731044960002919e+00
5.126767664735886854e+00
5.075666701670964898e+00
5.022018387655656113e+00
4.976734428476653704e+00
4.938004775881729813e+00
4.909806899494110866e+00
4.886456390141173500e+00
4.863265319669835662e+00
4.851423940036696081e+00
4.840512327957501526e+00
4.833152347518481662e+00
4.828700060206905675e+00
4.822587266813908258e+00
4.811685807423721428e+00
4.799771626691949677e+00
4.786847536536274816e+00
4.773484759384402309e+00
4.756401248076990385e+00
4.737364289917707083e+00
4.715869560128020055e+00
4.696992785771634260e+00
4.676703590583112913e+00
4.652108913091954179e+00
4.626072753427592943e+00
4.598943367089578516e+00
4.571126810546829233e+00
4.540104201282705532e+00
4.508302222916569235e+00
4.476102839128891731e+00
4.441449112970609292e+00
4.404752757242512473e+00
4.371192922652475943e+00
4.333528594054460115e+00
4.294951139864355838e+00
4.257545718314293737e+00
4.218251125394044010e+00
4.182338161626589113e+00
4.141414935715101109e+00
4.100679055757645131e+00
4.061828311180470052e+00
4.024124327745393970e+00
3.982096604597145983e+00
3.944817684425526494e+00
3.906597076386734813e+00
3.859504839952784039e+00
3.820326244072752786e+00
3.780351549001100153e+00
3.739419476248698970e+00
3.698926080642401359e+00
3.659528918063813308e+00
3.616725389750442332e+00
3.573673897009552292e+00
3.527949713930713216e+00
3.483253631801368044e+00
3.416584105180763942e+00
3.363283887108437398e+00
3.313294945597128560e+00
3.257062043357713321e+00
3.204621367573558643e+00
3.144613036121604921e+00
3.083439949447857487e+00
3.019640528274585733e+00
2.951962691602307842e+00
2.887175788978410651e+00
2.806277717695994767e+00
2.727800073490627142e+00
2.646125584731990443e+00
2.568151486332684641e+00
2.490466037709776259e+00
2.433246714310172365e+00
2.369106842378030819e+00
2.285367792194548997e+00
2.228872919213362280e+00
2.188790736910817714e+00
2.151749460711339879e+00
2.121426615527703063e+00
2.103183450134263666e+00
2.071207890866734402e+00
2.054847015017575274e+00
2.036535391234039594e+00
2.033831402339558281e+00
2.037515545936688710e+00
2.030510491386724681e+00
2.029740891678365244e+00
2.025943860946668451e+00
2.002385937871263621e+00
1.976675788205039197e+00
1.916805306875801307e+00
1.864062698288790898e+00
1.832133586576819795e+00
1.777846150243224344e+00
1.734871517521327178e+00
1.671155253309244415e+00
1.643566719691872180e+00
1.587098488572891597e+00
1.563951805906715009e+00
1.529620015646955267e+00
1.513107506052396189e+00
1.491452788273075925e+00
1.463596291200151001e+00
1.453527277455982869e+00
1.470687958845417143e+00
1.452547191201457366e+00
1.428852820865806450e+00
1.414717275641407923e+00
1.381520772939637709e+00
1.345613123512528375e+00
1.316243703605000093e+00
1.296097466999810877e+00
1.283256317568110205e+00
1.266293850181853031e+00
1.251912093652073565e+00
1.259001981403262249e+00
1.274535198645136091e+00
1.301423881612482347e+00
1.307378378453009304e+00
1.315040801435603868e+00
1.328333517058155167e+00
1.354741817295533224e+00
1.391088720918371990e+00
1.508693687242185888e+00
1.667800748989240134e+00
1.834720409212270198e+00
1.996940975976407628e+00
2.173197821297680576e+00
2.358357758625331257e+00
2.521795818915364862e+00
2.698455869562000231e+00
2.871004177105881183e+00
3.052272218301549600e+00
3.241672360579077150e+00
3.425008290797290300e+00
3.613886038876053419e+00
3.796420180194001404e+00
3.969285632893519988e+00
4.143514804602865809e+00
4.310902045507393865e+00
4.490414549059309479e+00
4.660517877856772628e+00
4.850376663112029973e+00
5.024981593674592517e+00
5.192080682483606324e+00
5.352936637240372164e+00
5.517136301617838967e+00
5.676259950028448742e+00
5.851593957946594315e+00
6.014692111905496574e+00
6.163065147647245112e+00
