9.665031768799094536e+00
9.665031768799094536e+00
9.194379091466233334e+00
8.971949234029027664e+00
8.971949234029027664e+00
8.572311226592862710e+00
8.572311226592862710e+00
8.212244470172713307e+00
8.212244470172713307e+00
7.794153976259726058e+00
7.794153976259726058e+00
7.455118129419147976e+00
7.455118129419147976e+00
7.112774314922215346e+00
6.921042206920333228e+00
6.712372431123101002e+00
6.524726680266605960e+00
6.543044246970946887e+00
6.293500731702343032e+00
6.031753013316716761e+00
5.782151058669225741e+00
5.487403661998922821e+00
5.276557368197885900e+00
4.972769189278050561e+00
4.666292247198112086e+00
4.393306002718145642e+00
4.357817295442731442e+00
4.097249379783999501e+00
3.825246522231761759e+00
3.550770065138029175e+00
3.266701145699340003e+00
2.981421216015787579e+00
2.734302634053647374e+00
2.486327409201014582e+00
2.346548078132010495e+00
2.151238561305921060e+00
2.201085836292422826e+00
2.036015418038286562e+00
1.860100923974274956e+00
1.653831944210143234e+00
1.480545464110963216e+00
1.301245851097520223e+00
1.107633779366247850e+00
9.667191679686801820e-01
7.740403277117717806e-01
6.040336777026427129e-01
4.250294011541004835e-01
2.877662353190970634e-01
1.155094425775473610e-01
-3.909640687675519644e-02
-1.946684189266987275e-01
-2.014993778157796456e-01
-3.095080811622636929e-01
-4.161714109331349221e-01
-5.064891372006394832e-01
-6.152809170350197476e-01
-6.859475192482813455e-01
-7.423126835643465427e-01
-8.036095592007166388e-01
-8.358449154993357055e-01
-9.809497248820706616e-01
-9.918779939241613164e-01
-9.812088293317602350e-01
-9.673172386417174806e-01
-1.041344104819557970e+00
-1.088847597372136100e+00
-1.252827576072692572e+00
-1.398570532744786377e+00
-1.490937696102320409e+00
-1.457648228115912659e+00
-1.673093970121601437e+00
-1.758097053650820030e+00
-1.863897141250017597e+00
-1.941230943926678165e+00
-2.021530758503436331e+00
-2.117199449789358034e+00
-2.210150289003223634e+00
-2.304704004350286439e+00
-2.404168280907906130e+00
-2.491369150554621825e+00
-2.585738391491811505e+00
-2.674363507974755194e+00
-2.796049131815184552e+00
-2.889931680898449429e+00
-2.976718032342818177e+00
-3.095314651522484972e+00
-3.174941136262648733e+00
-3.244556617349632077e+00
-3.281724735932227688e+00
-3.429832493003950766e+00
-3.500343381776175988e+00
-3.566780086652176607e+00
-3.663309685022091422e+00
-3.735569588579028988e+00
-3.792087050034544049e+00
-3.857426306387487180e+00
-3.931436137453985680e+00
-3.992847678229453301e+00
-4.053033031498636696e+00
-4.112928292391766050e+00
-4.184724337561068097e+00
-4.243138023366771705e+00
-4.300391146512525964e+00
-4.360491459995667896e+00
-4.416104194170389796e+00
-4.473959439422511508e+00
-4.514847597668033785e+00
-4.554118967075766911e+00
-4.586361943066542324e+00
-4.600979483223663458e+00
-4.593242315839378698e+00
-4.571231607147883125e+00
-4.523079140468984072e+00
-4.439683202737745304e+00
-4.353498357015127773e+00
-4.329326304728826180e+00
-4.272232155587500024e+00
-4.199164097350553071e+00
-4.126966068862703452e+00
-4.047690006067074187e+00
-3.963636686281686750e+00
-3.876967530990417465e+00
-3.800837565169413956e+00
-3.728445978749589607e+00
-3.644090563428983742e+00
-3.570902729660779151e+00
-3.489410925802607366e+00
-3.422411713197486272e+00
-3.341158956831963067e+00
-3.290744007381004366e+00
-3.220719892099948467e+00
-3.130547789238172562e+00
-3.053271638092616591e+00
-2.960092501834216350e+00
-2.878126499130381433e+00
-2.791391481068193237e+00
-2.739004893967392107e+00
-2.655217581659316650e+00
-2.602489671004100558e+00
-2.534459543511248469e+00
-2.474558592651169064e+00
-2.415509519169998676e+00
-2.373243608935589499e+00
-2.352586223918198272e+00
-2.299123614887073508e+00
-2.282182407229606191e+00
-2.264733939971807608e+00
-2.220532052316806393e+00
-2.185490856683026450e+00
-2.184129624394753222e+00
-2.173364044528334205e+00
-2.176561152928845999e+00
-2.151086086124515795e+00
-2.143046931985052694e+00
-2.152428049927652687e+00
-2.172555108916754740e+00
-2.148252299469084470e+00
-2.152967162996993089e+00
-2.175640541128206706e+00
-2.166195619692276253e+00
-2.156511205660389230e+00
-2.124794902815155595e+00
-2.127858417984166195e+00
-2.119540847492104696e+00
-2.108210273291667214e+00
-2.077248474407037193e+00
-2.027519792164153678e+00
-1.997353920086821333e+00
-1.957153785727301809e+00
-1.942675712381029207e+00
-1.915309613544160072e+00
-1.882429539044530031e+00
-1.848537991249727064e+00
-1.833916730121813998e+00
-1.810063230362472630e+00
-1.787920198008267292e+00
-1.771071053032075682e+00
-1.757246613817348369e+00
-1.751712745391460935e+00
-1.742156416898091642e+00
-1.739931875264641548e+00
-1.738052411500833117e+00
-1.730639912429641214e+00
-1.723457284850474558e+00
-1.716152276052604009e+00
-1.705919655529410051e+00
-1.693977718674413602e+00
-1.678236025519041164e+00
-1.663843642676642531e+00
-1.646372489156357588e+00
-1.629113465393126070e+00
-1.613929237161979557e+00
-1.590984051070257976e+00
-1.567199112803828065e+00
-1.541596582242098279e+00
-1.512592899883967057e+00
-1.479858031382454975e+00
-1.448985106944630452e+00
-1.415244731918037679e+00
-1.374802559559966220e+00
-1.335761676511377338e+00
-1.294432131278590248e+00
-1.251373910234272913e+00
-1.204412334734698220e+00
-1.154974094333498513e+00
-1.102653113872025692e+00
-1.050534664204549884e+00
-9.931744426592201691e-01
-9.339760063150528424e-01
-8.729415397686359768e-01
-8.074800953960608041e-01
-7.439653814839592982e-01
-6.761130123639942369e-01
-6.091464150566316960e-01
-5.359271679558643697e-01
-4.606329624342500040e-01
-3.850903349330958569e-01
-3.003441824416182016e-01
-2.149312195773491752e-01
-1.320540228968289931e-01
-4.623082973613357183e-02
4.125398376041111703e-02
1.360868925292959553e-01
2.362879033235731896e-01
3.146112131671312540e-01
4.188653983255008484e-01
5.176382496129301458e-01
6.193825353315416393e-01
7.191955262445932640e-01
8.235270548990589745e-01
9.294206263476212371e-01
1.034154637730809956e+00
1.153290952978050843e+00
1.245502526513548425e+00
1.350567272742128733e+00
1.458700864024241373e+00
1.563427496362236102e+00
1.675300420105277244e+00
1.772251606562275317e+00
1.851410727388351773e+00
1.938648410593148075e+00
2.022875917725400097e+00
2.097643949230427296e+00
2.148805660970273479e+00
2.203475805737554971e+00
2.247028980288584776e+00
2.295171991691955071e+00
2.313388506346414353e+00
2.347909276611047424e+00
2.373155502478501155e+00
2.385322554461765776e+00
2.414270533181525735e+00
2.437889988304436706e+00
2.445273248555696277e+00
2.445045248174031904e+00
2.478810651500042539e+00
2.537356351466346194e+00
2.612876908116583685e+00
2.676947400813265432e+00
2.647992679379806980e+00
2.716827139506827749e+00
2.788760249082330667e+00
2.861395401164775976e+00
2.973191010436531556e+00
3.038175894928660359e+00
3.149798580814238136e+00
3.268238062802997668e+00
3.430931413393337515e+00
3.638172879235314294e+00
3.743125863120421837e+00
3.901879343161692493e+00
4.003511283699275225e+00
4.180542566145265759e+00
4.350842070604990397e+00
4.525523481616669841e+00
4.708540842055099596e+00
4.920511646016911378e+00
5.181378556304623295e+00
5.382897907834780504e+00
5.593784922055028197e+00
5.817394818409885815e+00
6.044241885888054888e+00
6.292267446183416268e+00
6.542935005590774900e+00
6.806702821426577898e+00
7.067074309971702384e+00
7.321515456549689382e+00
7.603192840136566488e+00
7.879963341360294748e+00
8.163774144238745478e+00
8.431955443099903746e+00
8.694645177746421538e+00
8.917015952582168836e+00
9.151069502913941278e+00
9.373810469807079215e+00
9.608308331960621729e+00
9.808536717765278468e+00
1.002214372768773210e+01
1.024084906608818102e+01
1.045123926663702996e+01
1.067904524664869825e+01
1.090881125475902458e+01
1.110734936204583789e+01
1.131369896235961825e+01
1.151842334354801878e+01
1.172089929575169265e+01
1.190428368022293704e+01
1.211762795247782876e+01
1.232651100494806329e+01
1.252351602187610169e+01
1.271854801165181570e+01
1.291045346913985625e+01
1.308732363442257807e+01
1.328236306008946954e+01
1.347363565642760364e+01
1.367507991209120632e+01
1.385862111588269130e+01
1.402208318535637233e+01
