8.733101618128081611e+00
8.733101618128081611e+00
8.305727793109776158e+00
8.305727793109776158e+00
7.972828513079070589e+00
7.972828513079070589e+00
7.666344099646475563e+00
7.666344099646475563e+00
7.402629219787900894e+00
7.402629219787900894e+00
7.073823226645799878e+00
7.073823226645799878e+00
6.777748559590572874e+00
6.777748559590572874e+00
6.463598147007538763e+00
6.295097426145872532e+00
6.202614455504124713e+00
5.981491059399546728e+00
6.179418217569344840e+00
5.944691717342276860e+00
5.677359352464048214e+00
5.379070991462848284e+00
5.091301970214402672e+00
4.791660354084573470e+00
4.525959861705239895e+00
4.249656392259677062e+00
4.300017912117999330e+00
4.061241246082749612e+00
3.807102025317028904e+00
3.513956061782478102e+00
3.259425405990430846e+00
2.994545268223567369e+00
2.725303505112177227e+00
2.487968518766257908e+00
2.463181874868362264e+00
2.311380816445339548e+00
2.161522360650196539e+00
1.967727002111946177e+00
1.804879309366307361e+00
1.630603713294338064e+00
1.487645239350307236e+00
1.423802519740178241e+00
1.244667597988208918e+00
1.078618616886594772e+00
9.118719089551001744e-01
7.227026280548018988e-01
6.208192794881695065e-01
4.633375901711627165e-01
3.482108672201347233e-01
2.324722756802106716e-01
1.141535542787694979e-01
-4.942456675395945354e-03
-8.585607319757215805e-02
-1.882799024644610242e-01
-2.634409927714420618e-01
-3.303609197323700286e-01
-3.810750800209934397e-01
-4.758404276607244299e-01
-5.190012924240114955e-01
-5.479109580911520894e-01
-5.737474116655958412e-01
-6.258702883196045619e-01
-5.824827065995243913e-01
-6.195981184951397935e-01
-6.109256985963655850e-01
-6.296793123217030441e-01
-6.430124198000291003e-01
-6.884123309664467172e-01
-1.132662397512803842e+00
-1.155352263499149323e+00
-1.188576001041743879e+00
-1.235587470784691000e+00
-1.292462478968878337e+00
-1.384624623600350546e+00
-1.442154753026552605e+00
-1.780690766687839321e+00
-1.863664905657205217e+00
-1.928471495617317899e+00
-2.000879267079636037e+00
-2.177271902713870055e+00
-2.272113130825945682e+00
-2.358634280042960718e+00
-2.526849973991838638e+00
-2.696957251815599754e+00
-2.775065037862841422e+00
-2.808902078570163496e+00
-2.889053276203886078e+00
-3.022664017907063183e+00
-3.155487871778193565e+00
-3.247470558799342655e+00
-3.350903135442752756e+00
-3.406942098595148849e+00
-3.480992759601575948e+00
-3.562071919524814945e+00
-3.633622972648015370e+00
-3.712213797377786229e+00
-3.783492313947782293e+00
-3.848808369442599187e+00
-3.926794255232445963e+00
-3.976873625533396961e+00
-4.041385260233593790e+00
-4.106476575914177474e+00
-4.173225667188020793e+00
-4.252186326037383779e+00
-4.304678944033627275e+00
-4.362499063911269737e+00
-4.414126513726843726e+00
-4.463728445929601385e+00
-4.496707369470035687e+00
-4.511719673471620951e+00
-4.509768001461935683e+00
-4.482179010056816182e+00
-4.435088417977798514e+00
-4.342668519359309975e+00
-4.270889729017010694e+00
-4.243812918407864565e+00
-4.206753811733428883e+00
-4.141385456723113201e+00
-4.065322396288434170e+00
-3.993057696490835085e+00
-3.919307025117206855e+00
-3.832486928803004567e+00
-3.766187674541818353e+00
-3.687945894750878750e+00
-3.609482387285649629e+00
-3.532572186585141161e+00
-3.461477844573737528e+00
-3.386152277848897718e+00
-3.312373689269492161e+00
-3.247894256866050711e+00
-3.168788054672229570e+00
-3.097573114679239126e+00
-3.021396134364477071e+00
-2.949571378316720782e+00
-2.853192336834294629e+00
-2.774065937795795023e+00
-2.736426609098654872e+00
-2.676858744722570016e+00
-2.641674313117881923e+00
-2.574189281733494816e+00
-2.528196618602269297e+00
-2.489114428145380309e+00
-2.423705899002372988e+00
-2.381131969857974262e+00
-2.338435604944204549e+00
-2.307154037047491002e+00
-2.245888642207899188e+00
-2.244461682233842126e+00
-2.221578220671244885e+00
-2.192256747233128245e+00
-2.202714991252213927e+00
-2.189906699940132206e+00
-2.213648551102219031e+00
-2.172466086262232920e+00
-2.192905252582866282e+00
-2.138763414181330091e+00
-2.166860054232880195e+00
-2.198921084573935758e+00
-2.183789516365600925e+00
-2.184819984275898186e+00
-2.240242070652580963e+00
-2.207500111982736435e+00
-2.147565480163422968e+00
-2.146462331575271776e+00
-2.107605306635614184e+00
-2.083239955389312392e+00
-2.073622024551593057e+00
-2.031580537433312017e+00
-1.990608138280577144e+00
-1.972928917077231503e+00
-1.939342528751151207e+00
-1.919662166439889184e+00
-1.887904748219490614e+00
-1.865027302278628341e+00
-1.846061477494731484e+00
-1.819974697428072830e+00
-1.809575473644386534e+00
-1.795902118130350722e+00
-1.785002732875475395e+00
-1.776102893500584479e+00
-1.777833739136677416e+00
-1.770235532487438590e+00
-1.764991725452643045e+00
-1.758617839756768220e+00
-1.748669036302430868e+00
-1.738406322378089008e+00
-1.734979990802577809e+00
-1.721215481936768654e+00
-1.707728283273076464e+00
-1.689983029206063136e+00
-1.672433968556195971e+00
-1.651222097938755518e+00
-1.632009037265214957e+00
-1.606324219377927243e+00
-1.582040202168714771e+00
-1.555747196905946872e+00
-1.527840924840189629e+00
-1.494187999608874051e+00
-1.462139933623193500e+00
-1.423865878961174225e+00
-1.384122667498078663e+00
-1.344322853702413667e+00
-1.300935155161112355e+00
-1.253733377522350700e+00
-1.204149704446689562e+00
-1.152045614485914804e+00
-1.098121205242803988e+00
-1.041025470233707395e+00
-9.844998380619860434e-01
-9.222859414848358917e-01
-8.612115369703232659e-01
-7.940371412143671925e-01
-7.266141086408515193e-01
-6.575310948505901365e-01
-5.874096773621153567e-01
-5.144699892257031948e-01
-4.334093576440740669e-01
-3.550592601588147268e-01
-2.723770423463101054e-01
-1.922413974201733211e-01
-1.056471266566854084e-01
-1.117731191753534858e-02
7.843603771451235218e-02
1.755744697584722402e-01
2.687838281429622000e-01
3.607737827365200545e-01
4.612786032982496565e-01
5.703689881487830071e-01
6.634161015555464225e-01
7.684256572903560567e-01
8.795758779626003943e-01
9.762819058051390719e-01
1.084583153647571852e+00
1.191839562999000179e+00
1.292328813879042748e+00
1.392601171996731058e+00
1.499484067301102286e+00
1.599322749930492060e+00
1.694935652871616849e+00
1.777577980881839492e+00
1.872831418526319514e+00
1.955566077304774719e+00
2.015454707906624954e+00
2.068447503937514753e+00
2.111487654112327750e+00
2.156063013751232660e+00
2.200297347805576287e+00
2.223954697932531310e+00
2.258696803267260300e+00
2.266890997649881001e+00
2.299240904073445613e+00
2.322794569925034747e+00
2.321368731835150800e+00
2.337332801390129777e+00
2.365280066658526970e+00
2.397079085437618939e+00
2.422190308261945368e+00
2.469800611443142557e+00
2.485222430628959422e+00
2.538456704364423722e+00
2.584027424296499120e+00
2.623824128188512184e+00
2.705136432235955901e+00
2.809653155680076342e+00
2.902629828877848706e+00
3.032380259559066094e+00
3.186667159084072054e+00
3.312795851399911395e+00
3.453574071622340202e+00
3.645039507831170589e+00
3.759321422393815393e+00
3.949984251197822260e+00
4.141750329750086834e+00
4.317358385241504060e+00
4.504749986921063432e+00
4.676440177707998913e+00
4.874696848553229600e+00
5.104078319580671597e+00
5.300582926130439354e+00
5.512119161208856255e+00
5.760329497401640353e+00
5.995040430923955554e+00
6.250242769676356502e+00
6.498504129438013699e+00
6.788127186341643693e+00
7.044479530739485185e+00
7.316982589097438705e+00
7.608446916759078249e+00
7.889805311343739191e+00
8.199746326645604100e+00
8.427779639532626987e+00
8.685323164956848530e+00
8.937707106435320625e+00
9.164447095223888340e+00
9.392480930625442426e+00
9.625292351731911111e+00
9.857914023675700577e+00
1.007693382904213308e+01
1.030238604132905245e+01
1.051777957756859294e+01
1.074591291434101237e+01
1.096033932464964700e+01
1.116532332366352875e+01
1.137726922952379915e+01
1.158285597065166428e+01
1.179370246158070756e+01
1.200636996720180782e+01
1.221260589381209272e+01
1.241289866621734816e+01
1.260284229351398011e+01
1.279836378525585694e+01
1.298984888358588918e+01
1.318846289617927248e+01
1.339482372507204744e+01
1.358869634615708932e+01
1.377376398530805623e+01
1.396104973000774585e+01
1.412896568157820809e+01
