7.335249382821247721e+00
7.335249382821247721e+00
7.000526149709259016e+00
7.000526149709259016e+00
6.723079390810605460e+00
6.723079390810605460e+00
6.436547848357239587e+00
6.436547848357239587e+00
6.176825721538692804e+00
6.176825721538692804e+00
5.926778495757253573e+00
5.926778495757253573e+00
5.695975211173965214e+00
5.695975211173965214e+00
5.493287981163755163e+00
5.372275481374841455e+00
5.245670099730135760e+00
5.094712236638456737e+00
4.800835900063354700e+00
4.650570569589961067e+00
4.472858983174472947e+00
4.269687430592871813e+00
4.069425669367834786e+00
3.823166713213766776e+00
3.596537003963568679e+00
3.388717116151466868e+00
3.262228478569202839e+00
3.065733098206972596e+00
2.866399815343234625e+00
2.654903257580351728e+00
2.445730629331806405e+00
2.233498316216487645e+00
2.050882883362586284e+00
1.873675092507008699e+00
1.744522535721447554e+00
1.783661191854863937e+00
1.665917906159480211e+00
1.552112287273693880e+00
1.428602126168145858e+00
1.289928647079162438e+00
1.154204209528846725e+00
9.880861051694314057e-01
9.003569176499386373e-01
8.063980773411509873e-01
6.822969640531812985e-01
5.522541991302674091e-01
4.261375469268919858e-01
2.951243093583801880e-01
2.065251093368161150e-01
1.222501155601785072e-01
3.542711380856022885e-02
-5.716520638706867885e-02
-1.375425695711385288e-01
-2.278360262952130455e-01
-2.976014902005577056e-01
-3.747356401328110209e-01
-4.219129246831103686e-01
-4.468471929145323429e-01
-4.742434664707992908e-01
-4.724302230441379535e-01
-4.865145264030079630e-01
-4.693346362677397465e-01
-4.657937511907279671e-01
-4.815937831659180546e-01
-4.738429714370315793e-01
-4.644412299226212681e-01
-4.868982810383979398e-01
-5.082301299955362950e-01
-4.934629932282099674e-01
-5.669737011408777505e-01
-6.296147636826177063e-01
-6.978487643925337380e-01
-9.800230540279413205e-01
-1.035565977996026454e+00
-1.110164428171659168e+00
-1.164033627367246027e+00
-1.205367484309010528e+00
-1.382988256646826564e+00
-1.482470202654956992e+00
-1.594146280048849285e+00
-1.621530657100214157e+00
-1.695013605782480504e+00
-1.791161025125595607e+00
-1.906602755091471479e+00
-1.994202252775123085e+00
-2.075302434896751258e+00
-2.176625939407414556e+00
-2.347803134232775868e+00
-2.428046536015686208e+00
-2.522270022873604134e+00
-2.603743564405133437e+00
-2.777646118432916200e+00
-2.846659029310589339e+00
-2.951034705361985644e+00
-3.049038621571398266e+00
-3.121925840145386655e+00
-3.207846423719314277e+00
-3.298325482067173908e+00
-3.384196329235045653e+00
-3.460166596412204587e+00
-3.545155768059994106e+00
-3.625185330224326208e+00
-3.703103433235803266e+00
-3.784386279094359651e+00
-3.858022333253567915e+00
-3.938327684372079140e+00
-4.003704747257931906e+00
-4.063498200839557484e+00
-4.113079825440498993e+00
-4.141767783015057880e+00
-4.148599871380707960e+00
-4.148138969666632647e+00
-4.121774938613544492e+00
-4.053332273133642083e+00
-4.003206941708757682e+00
-3.984206955686967255e+00
-3.945840305406113302e+00
-3.885871547961654571e+00
-3.829846439090420773e+00
-3.759599661330470077e+00
-3.706034785646946439e+00
-3.641026248289088052e+00
-3.575936055832157123e+00
-3.518735960183569489e+00
-3.446057721166998711e+00
-3.379968820163568033e+00
-3.313007786060403248e+00
-3.242269197240146283e+00
-3.193248651809462935e+00
-3.140738023282759528e+00
-3.053241740932612025e+00
-2.969294051603321272e+00
-2.881055842138492196e+00
-2.861255258183458494e+00
-2.779737540593262501e+00
-2.724408242843621153e+00
-2.650549445335959042e+00
-2.601528957287616350e+00
-2.537753428180118398e+00
-2.487066343897581078e+00
-2.415146814737442860e+00
-2.342358467853656201e+00
-2.336552609611203479e+00
-2.306889981395958245e+00
-2.289905323228010214e+00
-2.259927155657983189e+00
-2.223703316341679503e+00
-2.214558110751903008e+00
-2.194830463946589649e+00
-2.166904235770517051e+00
-2.148564037239967917e+00
-2.154147141543863775e+00
-2.152506282572865359e+00
-2.132828733016176148e+00
-2.146145770105474693e+00
-2.141333040068328142e+00
-2.161608297232567200e+00
-2.140891044479062977e+00
-2.160061656076200709e+00
-2.144757813574309502e+00
-2.117721591617097499e+00
-2.113159277862697749e+00
-2.125247467582553007e+00
-2.094922204325590620e+00
-2.071504562167080454e+00
-2.047728147155019052e+00
-2.022706101719480731e+00
-1.997506920770387495e+00
-1.959697475025933056e+00
-1.932441856618534626e+00
-1.895220002359669031e+00
-1.879929411881833268e+00
-1.853536257763403139e+00
-1.829212733804465252e+00
-1.807362595688442486e+00
-1.787801686050268124e+00
-1.776400562821999429e+00
-1.764314576666364154e+00
-1.752680958693388469e+00
-1.745843280195980451e+00
-1.741796238367211203e+00
-1.736744560994720743e+00
-1.734065026546423471e+00
-1.723847658945835359e+00
-1.716409055507734038e+00
-1.710435584599937719e+00
-1.699255172668757030e+00
-1.687131505172937196e+00
-1.673619485073315705e+00
-1.656608689091638720e+00
-1.640677888077004098e+00
-1.622681340073415690e+00
-1.599923575141847909e+00
-1.578733820533741117e+00
-1.550663323553211903e+00
-1.527570991106034448e+00
-1.495455426989927616e+00
-1.466960936570459229e+00
-1.425634214993137583e+00
-1.392459436912066195e+00
-1.358613730595826130e+00
-1.319540967548730848e+00
-1.271943401236691695e+00
-1.226548533147814979e+00
-1.179647630839412376e+00
-1.127482493722018031e+00
-1.072797917833693493e+00
-1.015550898807903391e+00
-9.575019861661773213e-01
-8.936970220179012436e-01
-8.366030040411729374e-01
-7.688934250298951056e-01
-6.992218140106754021e-01
-6.256384876246205984e-01
-5.506409462452208636e-01
-4.767983039987204741e-01
-3.963760428371108091e-01
-3.138236938589749059e-01
-2.329954855575184780e-01
-1.527732540062796129e-01
-5.920939019539095405e-02
3.452190716885672472e-02
1.168113723657542291e-01
2.134898739865096484e-01
3.121164814147563416e-01
4.042329562662083653e-01
5.006945932887483242e-01
6.050863145806308907e-01
7.108116596948688137e-01
8.023108165555754567e-01
9.085278363433262339e-01
1.019969194777126775e+00
1.115802820948437413e+00
1.218986982854443291e+00
1.322288399549772508e+00
1.427555433833404663e+00
1.535693141452104893e+00
1.643587411238692564e+00
1.732009740456547320e+00
1.822878954336666357e+00
1.906068547643755551e+00
1.966677661862371362e+00
2.026334293088374761e+00
2.098771491738557149e+00
2.151367229083072541e+00
2.199110305159230006e+00
2.245006634745385643e+00
2.270916368986406031e+00
2.293373612560829056e+00
2.294419733885753043e+00
2.302090680348987561e+00
2.322246041274200756e+00
2.327862122600117711e+00
2.344653013959217436e+00
2.355056105323826365e+00
2.367509260900615864e+00
2.400426686247874475e+00
2.429473028498843057e+00
2.488748836207421711e+00
2.536665177741964428e+00
2.597043917125630319e+00
2.639508062463904459e+00
2.726136010043730185e+00
2.867193975714778187e+00
2.940163586376334237e+00
3.031125447387348792e+00
3.156757732478910228e+00
3.352830207163342902e+00
3.466111240704417895e+00
3.616823831331726247e+00
3.801499840940185670e+00
3.962453953922421057e+00
4.147245072384155407e+00
4.300175859989016303e+00
4.513139933618074195e+00
4.671494789613496401e+00
4.916539552098914356e+00
5.143749394931382390e+00
5.344745235277185813e+00
5.579911477272180065e+00
5.839354519421198653e+00
6.074873048047859214e+00
6.304259593947909579e+00
6.530010639499714387e+00
6.798519588622841781e+00
7.055546251152963855e+00
7.340010630171166284e+00
7.643345580249931714e+00
7.959790207154770592e+00
8.204848333097061186e+00
8.501549200654199723e+00
8.771904055755904039e+00
9.026808252857687620e+00
9.267094133822265434e+00
9.513945526972703348e+00
9.745614903370682924e+00
9.990073952307902516e+00
1.022924681252054313e+01
1.046012046595606471e+01
1.069207839861123865e+01
1.093019172914180359e+01
1.115674169631764201e+01
1.137957928511164951e+01
1.160141147080465984e+01
1.183727122367640661e+01
1.206934963403684336e+01
1.228490912367668919e+01
1.250004844499810375e+01
1.271927361973257220e+01
1.293201660268380060e+01
1.313919677190681057e+01
1.333837908327086552e+01
1.355570907737039477e+01
1.375602344263680088e+01
1.396454736029988020e+01
1.417380927744368613e+01
1.437419964051311538e+01
1.456146641265283570e+01
