9.574704344695936342e+00
9.574704344695936342e+00
9.160073208728114480e+00
9.160073208728114480e+00
8.793516947523567495e+00
8.793516947523567495e+00
8.416472727088926575e+00
8.243085889760425999e+00
8.243085889760425999e+00
7.872998777226163369e+00
7.872998777226163369e+00
7.562131876845914036e+00
7.562131876845914036e+00
7.277730072239522841e+00
7.081004276812140397e+00
6.944523771334514706e+00
6.805548949399093495e+00
6.596997332683463888e+00
6.367517261034459253e+00
6.152094451539673159e+00
5.941050145288763851e+00
5.649579609573594396e+00
5.427741673237473918e+00
5.205858830788289815e+00
4.857693457029233386e+00
4.563388046512901752e+00
4.414693222680407203e+00
4.164478271379477015e+00
3.897380414610412735e+00
3.588039599930865187e+00
3.337175277761032177e+00
3.080648258472503898e+00
2.788663522060570443e+00
2.583650371827403980e+00
2.438205408507314154e+00
2.490900799685597633e+00
2.345003064191335973e+00
2.177620996437952705e+00
1.983398292705036425e+00
1.813461531522891690e+00
1.645095251245334289e+00
1.445011160952757834e+00
1.327091797569774911e+00
1.159306866325351848e+00
9.826855759990333894e-01
8.153744167719878533e-01
6.560319104626231024e-01
5.310887522581824172e-01
3.887919824508774269e-01
1.627505137127460699e-01
4.062778566231628474e-02
-6.391886492991982749e-02
-1.914000098560997287e-01
-2.792525873534223990e-01
-3.612822974967695444e-01
-4.582249794117414510e-01
-5.587973823916936311e-01
-6.773312583885227056e-01
-7.081020766666430433e-01
-7.177685826534521141e-01
-7.372541641383802968e-01
-7.612642918680752047e-01
-7.725532252294682323e-01
-7.840362395511091265e-01
-7.851650843579696115e-01
-8.470191107516482631e-01
-8.048289925919434040e-01
-8.248594022128203918e-01
-9.016609411227696214e-01
-8.653285174236611255e-01
-1.618589008293681353e+00
-1.636352017130652925e+00
-1.697899673689365230e+00
-1.938910860696519300e+00
-1.893245883268357410e+00
-1.976361758326194540e+00
-2.217838365718449722e+00
-2.307405481416401116e+00
-2.395693702818145532e+00
-2.570518320389883371e+00
-2.637922905542855467e+00
-2.723536708982100762e+00
-2.885466625378665384e+00
-2.976691155669532129e+00
-3.042531005702157287e+00
-3.238070946622775281e+00
-3.324229517396815936e+00
-3.429440746313563437e+00
-3.511770584226283631e+00
-3.594429466999022438e+00
-3.677441411642514701e+00
-3.747008779645784493e+00
-3.814145819988771891e+00
-3.877668686831088785e+00
-3.944205527474525574e+00
-4.005278676507519897e+00
-4.059387574246748009e+00
-4.121120937096931947e+00
-4.191243333244215385e+00
-4.255284908644532571e+00
-4.311464054275234048e+00
-4.373130057399304604e+00
-4.424168334357013954e+00
-4.480768193920126485e+00
-4.532695515260971142e+00
-4.581738906325637295e+00
-4.623244632588134451e+00
-4.658732786734065101e+00
-4.682445512433920598e+00
-4.685494649738924267e+00
-4.681579412521728045e+00
-4.651473505500981709e+00
-4.599049204981391803e+00
-4.510625896340177299e+00
-4.439420988071155705e+00
-4.390630231377044446e+00
-4.333526866159630231e+00
-4.254579922313872942e+00
-4.168911483155278930e+00
-4.087049778332921157e+00
-4.006539957407756702e+00
-3.918613986868065169e+00
-3.839827408326673464e+00
-3.761505476564593664e+00
-3.681302210793131025e+00
-3.599364436968579994e+00
-3.521048460998382090e+00
-3.443915286733865599e+00
-3.376351666375693839e+00
-3.303858883802878843e+00
-3.225720668355971377e+00
-3.140475214528848369e+00
-3.044552337695563438e+00
-2.958686948034648267e+00
-2.889389304625200161e+00
-2.818366744907061516e+00
-2.739197237063134338e+00
-2.675701283850078660e+00
-2.586393860218461960e+00
-2.551553134049505900e+00
-2.485126845436997023e+00
-2.426582400256697802e+00
-2.376472749039783672e+00
-2.386786036349706208e+00
-2.355429126267960527e+00
-2.322861317728971642e+00
-2.317744253814906230e+00
-2.294947677879519254e+00
-2.284931740360550023e+00
-2.292646928295592801e+00
-2.284264260365609367e+00
-2.259819235661560732e+00
-2.225682851561845865e+00
-2.232732363887494742e+00
-2.207061723131363173e+00
-2.198265220082049609e+00
-2.227811224356173625e+00
-2.236333336589019005e+00
-2.218477450925651517e+00
-2.192677298003483877e+00
-2.210119364521752949e+00
-2.150176789389381504e+00
-2.146130057503958355e+00
-2.127843238676091708e+00
-2.092333463294020923e+00
-2.068868991002044133e+00
-2.037191373620323986e+00
-2.001857656255221940e+00
-1.964047526715413383e+00
-1.922469226061036984e+00
-1.894240573805379135e+00
-1.879105994534882029e+00
-1.849720829220077967e+00
-1.825224223430874204e+00
-1.791796494496813885e+00
-1.784570611365897896e+00
-1.761884676066182820e+00
-1.752744132832204649e+00
-1.737574279373340858e+00
-1.729646117196681487e+00
-1.727017407732517995e+00
-1.722264493192233736e+00
-1.718915616254943046e+00
-1.715306810884103861e+00
-1.707919011724090552e+00
-1.698158404476520111e+00
-1.687912842525409296e+00
-1.675023245196588739e+00
-1.659057344757943753e+00
-1.641014804730917653e+00
-1.625208277071972240e+00
-1.605667968926942635e+00
-1.580668521921166025e+00
-1.552004340556923268e+00
-1.529028432100457913e+00
-1.503041357107256282e+00
-1.467599422639358053e+00
-1.438253662111442566e+00
-1.403127561795746381e+00
-1.361258141662069931e+00
-1.322216073350674037e+00
-1.280765529387788426e+00
-1.234238642786346318e+00
-1.190326802803911121e+00
-1.138829366246121744e+00
-1.087964555021292412e+00
-1.033952648596788926e+00
-9.777568657558699527e-01
-9.152287222691652957e-01
-8.565037242064565959e-01
-7.916693655901063664e-01
-7.200640180986828121e-01
-6.526033511689735001e-01
-5.823389361240010054e-01
-5.047558824231970220e-01
-4.345240167731510006e-01
-3.505249140980741807e-01
-2.717817033360829804e-01
-1.826952001678892046e-01
-9.839039833041907102e-02
-1.274312953779821456e-02
7.679274430304294796e-02
1.745542435967477601e-01
2.519910421429738534e-01
3.423377783924230755e-01
4.429108302392741336e-01
5.471139727532050578e-01
6.473912188896862041e-01
7.533199317114167570e-01
8.574516382607502152e-01
9.557755616974232815e-01
1.063643344032167981e+00
1.173902126434091198e+00
1.266577181747104319e+00
1.381892503372896375e+00
1.490687951352198670e+00
1.588547385631024156e+00
1.698534885089896473e+00
1.793140243507672649e+00
1.881679110362229235e+00
1.964877799718243390e+00
2.038981523732915413e+00
2.108224069579802684e+00
2.158670718585526060e+00
2.199243467592666867e+00
2.248098907375811528e+00
2.295693773405064420e+00
2.339836009335917844e+00
2.359341511938883862e+00
2.388407893545410055e+00
2.400136019966113921e+00
2.446220689079032340e+00
2.476834477960375480e+00
2.488203069450028782e+00
2.471910678673440831e+00
2.527674409448140480e+00
2.582490075454257017e+00
2.551935508690460708e+00
2.605919676382186800e+00
2.650592128507254230e+00
2.727548393877375243e+00
2.794435632098771549e+00
2.896913541239235279e+00
3.000338291026350301e+00
3.065519420701035891e+00
3.179799078104022847e+00
3.305458595508304231e+00
3.438299504026093523e+00
3.570700286637316978e+00
3.784304112692326694e+00
3.853390292999687716e+00
4.000879786454269116e+00
4.200117290344108412e+00
4.385780876039202525e+00
4.556238559347447037e+00
4.734061625246116733e+00
4.898317127787520597e+00
5.115158728998800086e+00
5.314289337358665932e+00
5.557457253609350722e+00
5.771074772457547297e+00
5.988934774737803224e+00
6.234829307114599928e+00
6.477965764288324380e+00
6.723062200634654317e+00
6.961392482678952831e+00
7.240156991968563105e+00
7.496000863624530552e+00
7.777395167169606438e+00
8.040814753151899197e+00
8.316702646779120300e+00
8.568845280881259185e+00
8.797095841319642062e+00
9.013522980976933496e+00
9.228995101243228305e+00
9.434758972198295623e+00
9.652251190880360099e+00
9.857952674992585429e+00
1.007306283073809183e+01
1.028796255426016693e+01
1.049695026799748376e+01
1.070897312359188547e+01
1.090821945613842203e+01
1.109146333356465597e+01
1.128420942171819519e+01
1.148567853824335216e+01
1.167362495212800155e+01
1.187287815182864747e+01
1.206163938661691404e+01
1.225977993434479529e+01
1.245015184923064666e+01
1.263067082921601170e+01
1.281492554172973186e+01
1.299723672035698208e+01
1.317908553525412074e+01
1.335506107214716209e+01
1.353148087028103319e+01
1.369523427969649454e+01
