9.758407641081218387e+00
9.758407641081218387e+00
9.296214285137732958e+00
9.296214285137732958e+00
8.905704105625304123e+00
8.905704105625304123e+00
8.561868725734141705e+00
8.561868725734141705e+00
8.215294922091818108e+00
8.215294922091818108e+00
7.914675788581185145e+00
7.914675788581185145e+00
7.598206486989125708e+00
7.598206486989125708e+00
7.333116470999181402e+00
7.147668982113997593e+00
6.943387355983972498e+00
6.775622703865870733e+00
6.636217032502802482e+00
6.399549308833365480e+00
6.184905743027373504e+00
5.940831578502528743e+00
5.656356549731571093e+00
5.359096493790840299e+00
5.090708325035587123e+00
4.862719992058988083e+00
4.616545484893708640e+00
4.385212233448861241e+00
4.153505905137782506e+00
3.873437501737224231e+00
3.658037978554126823e+00
3.335661299578729810e+00
3.119929481379731584e+00
2.867205511035371579e+00
2.684795376152347757e+00
2.527487309744000044e+00
2.351185870046768933e+00
2.193949166849393784e+00
2.052947406369380445e+00
1.877066450619067517e+00
1.718249344659127154e+00
1.533256201398020657e+00
1.353566213550060127e+00
1.155434546011332664e+00
1.009393232237759896e+00
8.023070056859431531e-01
5.774919288970510323e-01
4.432432210288865804e-01
2.479040549274529326e-01
1.114229067298078135e-01
-2.034144349020383657e-02
-1.379269081912406492e-01
-2.459997051595745887e-01
-3.310310126682907139e-01
-4.193351274457226552e-01
-4.952217310148432361e-01
-5.415768021878433203e-01
-5.980885725363593863e-01
-7.257671340999136689e-01
-7.562604424544012716e-01
-7.821327847483203755e-01
-8.051895420709325180e-01
-8.001753523353638542e-01
-8.122459236745838140e-01
-8.118212439074010689e-01
-8.544524015435071007e-01
-8.241355376089325446e-01
-8.851977309051815013e-01
-1.542063299808544841e+00
-1.558490095623228378e+00
-1.625791343999777538e+00
-1.761928607994849294e+00
-1.895171610350346647e+00
-2.059268683085249130e+00
-2.108507480745558382e+00
-2.211770302129603571e+00
-2.308608839823585335e+00
-2.430021486189961166e+00
-2.532021508045925628e+00
-2.652091671448271626e+00
-2.753518802163601897e+00
-2.877262766427856278e+00
-2.986417377226609382e+00
-3.073800807383255673e+00
-3.200967647308179842e+00
-3.305275185420159190e+00
-3.372371976164872720e+00
-3.453542938618295643e+00
-3.547442029995051982e+00
-3.612605761893214584e+00
-3.697660990360332356e+00
-3.763747236742031710e+00
-3.846832953432519631e+00
-3.909988743296198166e+00
-3.971948798509144396e+00
-4.025655662369874044e+00
-4.083164206909282612e+00
-4.140991836879570620e+00
-4.198914107999086376e+00
-4.257479930020696912e+00
-4.318392855954099829e+00
-4.362423028043281192e+00
-4.421360758122787615e+00
-4.474692509454111899e+00
-4.523730736687275211e+00
-4.579386175094525058e+00
-4.613317517788781963e+00
-4.638604860292479870e+00
-4.666295202351804505e+00
-4.678738499222928837e+00
-4.665681730586760168e+00
-4.628771057221314322e+00
-4.572758939558822178e+00
-4.490585279333400237e+00
-4.413575358332444409e+00
-4.363467703709308587e+00
-4.309064029424059861e+00
-4.225345057464967802e+00
-4.139053842887514101e+00
-4.055509316175498036e+00
-3.980418223322685023e+00
-3.893817342373713686e+00
-3.816067646368366262e+00
-3.742152550893210972e+00
-3.656831799678950112e+00
-3.574858401653525419e+00
-3.497242998158393235e+00
-3.415646782641444723e+00
-3.342301648400415104e+00
-3.273743838277016316e+00
-3.188639400973639404e+00
-3.084923842529569527e+00
-3.007902604061374774e+00
-2.949606280824688120e+00
-2.866412623280684357e+00
-2.789750238422746165e+00
-2.721424278089421556e+00
-2.637870908810501014e+00
-2.575622416997851438e+00
-2.548253074439418064e+00
-2.476645719727210704e+00
-2.418167423861834031e+00
-2.359812900467286312e+00
-2.356979340402594048e+00
-2.331200401398807465e+00
-2.292734972224979018e+00
-2.265202640568315218e+00
-2.262602138775177352e+00
-2.229008292897149524e+00
-2.226822330015685303e+00
-2.234932678906000447e+00
-2.218115751736550401e+00
-2.178610363773775482e+00
-2.192101644095993507e+00
-2.198133986887716773e+00
-2.158119991136000060e+00
-2.182967876438953958e+00
-2.186243080144445017e+00
-2.169814651237494729e+00
-2.144999832575466669e+00
-2.157942341102518036e+00
-2.137607662907826445e+00
-2.122834666278379245e+00
-2.091845815923070617e+00
-2.056801773008051448e+00
-2.034943295753699033e+00
-1.997675950994898919e+00
-2.006034643154047004e+00
-1.965486078588824626e+00
-1.945546568121335973e+00
-1.889254548461483552e+00
-1.873919843534367580e+00
-1.841047951295391449e+00
-1.811241885218165315e+00
-1.792914757914800816e+00
-1.765067205993477550e+00
-1.759386699777818031e+00
-1.744001751645816611e+00
-1.733522094946577496e+00
-1.726511044610376189e+00
-1.724771244954450999e+00
-1.718680915458769221e+00
-1.710823154786865530e+00
-1.706682591705025231e+00
-1.696343712871902554e+00
-1.687781270776119946e+00
-1.680805680270576197e+00
-1.668088913589341971e+00
-1.655313813681192237e+00
-1.637008890170272402e+00
-1.618575775656250215e+00
-1.598351697150870443e+00
-1.578416576698862706e+00
-1.552674552160082655e+00
-1.525868083186816548e+00
-1.497203788764577048e+00
-1.465952025774530654e+00
-1.430760556189688337e+00
-1.399107889045607678e+00
-1.362430641731020131e+00
-1.327747518669257332e+00
-1.284378337864027664e+00
-1.239289518870305251e+00
-1.193852638569701696e+00
-1.144591531029885978e+00
-1.090676159853188665e+00
-1.037543495783187275e+00
-9.843457419045620327e-01
-9.243955373025922739e-01
-8.616112777088629215e-01
-7.993184249611449133e-01
-7.315635365614925334e-01
-6.609340995270311936e-01
-5.946087946901519317e-01
-5.212754643229882134e-01
-4.450217680337282822e-01
-3.683294748691996467e-01
-2.861589763370084860e-01
-2.089730260485680446e-01
-1.250928109490505591e-01
-3.363263119181691962e-02
4.721184122883848033e-02
1.412801241689591869e-01
2.308642654870181055e-01
3.332254407895103299e-01
4.290098548517691235e-01
5.317321882070382699e-01
6.351928496750516295e-01
7.250221710926867402e-01
8.279199553435430126e-01
9.329164103298297483e-01
1.033470551145150296e+00
1.133891083235287756e+00
1.236440664947644930e+00
1.344501107257599415e+00
1.457128846831969415e+00
1.559396323319747868e+00
1.663553183081948550e+00
1.763648655477100480e+00
1.854592239499041284e+00
1.944311432265073414e+00
2.019212975942293209e+00
2.089056189666366414e+00
2.146219293893071089e+00
2.211011184397119855e+00
2.254942937771409639e+00
2.279091937781125843e+00
2.308706100934062810e+00
2.331956456980297077e+00
2.364166938340617641e+00
2.381444372109212004e+00
2.390312486497640165e+00
2.396518329254260227e+00
2.383435141944352686e+00
2.393596783866934530e+00
2.406087120071290997e+00
2.415528329859668588e+00
2.468591588309420715e+00
2.529491344259100494e+00
2.553446305305855368e+00
2.574305980064115928e+00
2.736360813184019136e+00
2.801956756483326316e+00
2.891133969338185672e+00
3.011737090567082831e+00
3.118121381771815415e+00
3.277393108001052546e+00
3.394374736443191320e+00
3.525570056671620378e+00
3.707574634069146668e+00
3.873262146751051738e+00
3.988796677944094426e+00
4.158534895648472229e+00
4.343330157644023970e+00
4.501879599429136292e+00
4.682226168319801651e+00
4.875937200225109791e+00
5.106149437170969030e+00
5.289957724372545300e+00
5.506566575305226863e+00
5.726455996712926932e+00
5.971111944637559787e+00
6.190397282324205719e+00
6.445612513348388362e+00
6.686758492612242755e+00
6.955278062923448523e+00
7.210531857651240273e+00
7.483848013447912173e+00
7.771451497632249961e+00
8.041720444042372407e+00
8.262743572257850388e+00
8.518237563139104296e+00
8.740360149267992540e+00
8.957622004971341312e+00
9.178251390598322956e+00
9.391174001133910210e+00
9.583002474788901992e+00
9.790951674786853687e+00
9.992480869741356742e+00
1.021226952270295030e+01
1.041103693133970332e+01
1.062281620383063085e+01
1.081011748266595873e+01
1.100200351992359948e+01
1.119998539009360172e+01
1.140071247291373524e+01
1.159412840613157059e+01
1.177779103784354575e+01
1.197479728714601421e+01
1.215465976308684404e+01
1.234094742395870625e+01
1.251959961001322696e+01
1.270110101779337697e+01
1.289339187238071105e+01
1.306760744327187496e+01
1.327556979463021314e+01
1.345545380754385434e+01
1.361944557324075689e+01
