-0.000000000000000000e+00 -0.000000000000000000e+00 -0.000000000000000000e+00 -0.000000000000000000e+00 -0.000000000000000000e+00 -0.000000000000000000e+00 1.000000000000000000e+00
-0.000000000000000000e+00 -0.000000000000000000e+00 -0.000000000000000000e+00 -0.000000000000000000e+00 -0.000000000000000000e+00 -0.000000000000000000e+00 1.000000000000000000e+00
1.328002102673053741e-02 1.766680926084518433e-02 2.139036729931831360e-02 -3.171274671331048012e-03 8.350185235030949116e-04 -2.920179162174463272e-03 9.999904036521911621e-01
1.328002102673053741e-02 1.766680926084518433e-02 2.139036729931831360e-02 -3.171274671331048012e-03 8.350185235030949116e-04 -2.920179162174463272e-03 9.999904036521911621e-01
2.411925233900547028e-02 3.203618898987770081e-02 4.137443006038665771e-02 -7.317971903830766678e-03 5.857578944414854050e-03 -6.407071836292743683e-03 9.999355673789978027e-01
2.411925233900547028e-02 3.203618898987770081e-02 4.137443006038665771e-02 -7.317971903830766678e-03 5.857578944414854050e-03 -6.407071836292743683e-03 9.999355673789978027e-01
3.637782111763954163e-02 4.184470325708389282e-02 5.997667834162712097e-02 -1.183987781405448914e-02 1.397389918565750122e-02 -1.125840004533529282e-02 9.997688531875610352e-01
3.637782484292984009e-02 4.184470325708389282e-02 5.997667834162712097e-02 -1.183987874537706375e-02 1.397390011698007584e-02 -1.125840097665786743e-02 9.997689127922058105e-01
4.716186597943305969e-02 5.095490813255310059e-02 7.599134743213653564e-02 -1.668048463761806488e-02 2.402286231517791748e-02 -1.764050684869289398e-02 9.994165897369384766e-01
4.716186597943305969e-02 5.095490813255310059e-02 7.599134743213653564e-02 -1.668048463761806488e-02 2.402286231517791748e-02 -1.764050684869289398e-02 9.994165897369384766e-01
5.728054046630859375e-02 6.180922687053680420e-02 9.342789649963378906e-02 -2.144083008170127869e-02 3.663349896669387817e-02 -2.525882236659526825e-02 9.987794756889343262e-01
5.728054046630859375e-02 6.180922687053680420e-02 9.342789649963378906e-02 -2.144083008170127869e-02 3.663349896669387817e-02 -2.525882236659526825e-02 9.987794756889343262e-01
6.583020836114883423e-02 7.109999656677246094e-02 1.100564152002334595e-01 -2.650150284171104431e-02 4.991132393479347229e-02 -3.319815173745155334e-02 9.978498816490173340e-01
6.583020836114883423e-02 7.109999656677246094e-02 1.100564152002334595e-01 -2.650150284171104431e-02 4.991132393479347229e-02 -3.319815173745155334e-02 9.978498816490173340e-01
7.437597215175628662e-02 7.985236495733261108e-02 1.256253719329833984e-01 -3.106860816478729248e-02 6.366606056690216064e-02 -4.131190106272697449e-02 9.966317415237426758e-01
8.052843809127807617e-02 8.467869460582733154e-02 1.340569853782653809e-01 -3.338341414928436279e-02 6.929663568735122681e-02 -4.533630609512329102e-02 9.960061311721801758e-01
8.497633039951324463e-02 8.930436521768569946e-02 1.409734487533569336e-01 -3.537630289793014526e-02 7.616061717271804810e-02 -4.916257783770561218e-02 9.952542781829833984e-01
9.219551086425781250e-02 9.508729726076126099e-02 1.484850496053695679e-01 -3.615221753716468811e-02 8.134437352418899536e-02 -5.270645022392272949e-02 9.946346879005432129e-01
1.125362738966941833e-01 9.871543198823928833e-02 1.414672732353210449e-01 -3.297416865825653076e-02 7.431212067604064941e-02 -5.009036511182785034e-02 9.954302906990051270e-01
1.187474951148033142e-01 1.039929836988449097e-01 1.496868133544921875e-01 -3.442456200718879700e-02 7.998736947774887085e-02 -5.298003926873207092e-02 9.947915077209472656e-01
1.300535053014755249e-01 1.088924780488014221e-01 1.561908423900604248e-01 -3.510769084095954895e-02 8.407647907733917236e-02 -5.203448235988616943e-02 9.944803118705749512e-01
1.427602618932723999e-01 1.133131757378578186e-01 1.626275777816772461e-01 -3.557860478758811951e-02 8.691817522048950195e-02 -5.199364572763442993e-02 9.942213296890258789e-01
1.578218787908554077e-01 1.172597557306289673e-01 1.677109301090240479e-01 -3.579042106866836548e-02 8.918229490518569946e-02 -5.103051289916038513e-02 9.940631389617919922e-01
1.718860864639282227e-01 1.225340366363525391e-01 1.720246821641921997e-01 -3.499791398644447327e-02 9.104179590940475464e-02 -4.953004792332649231e-02 9.939987063407897949e-01
1.912266314029693604e-01 1.250119954347610474e-01 1.766603291034698486e-01 -3.362537920475006104e-02 8.905024081468582153e-02 -4.643800482153892517e-02 9.943757057189941406e-01
2.043208926916122437e-01 1.253771036863327026e-01 1.832334399223327637e-01 -3.202982991933822632e-02 9.010382741689682007e-02 -4.615597054362297058e-02 9.943465590476989746e-01
2.257316708564758301e-01 1.272941529750823975e-01 1.922364681959152222e-01 -2.874008193612098694e-02 7.920078933238983154e-02 -4.399110376834869385e-02 9.954727888107299805e-01
2.406964600086212158e-01 1.290556788444519043e-01 1.986243426799774170e-01 -2.751245349645614624e-02 7.995302975177764893e-02 -4.312568902969360352e-02 9.954851865768432617e-01
2.559456229209899902e-01 1.313610672950744629e-01 2.037217915058135986e-01 -2.653975412249565125e-02 8.025499433279037476e-02 -4.198370501399040222e-02 9.955361485481262207e-01
2.731508314609527588e-01 1.358087658882141113e-01 2.112002372741699219e-01 -2.569773606956005096e-02 7.945842295885086060e-02 -4.089805856347084045e-02 9.956672787666320801e-01
2.887289226055145264e-01 1.406545192003250122e-01 2.202555835247039795e-01 -2.512154728174209595e-02 7.888509333133697510e-02 -3.967894241213798523e-02 9.957769513130187988e-01
3.031909167766571045e-01 1.456857323646545410e-01 2.259237319231033325e-01 -2.429482340812683105e-02 8.012571185827255249e-02 -3.904089331626892090e-02 9.957236051559448242e-01
3.114025890827178955e-01 1.513688117265701294e-01 2.406099736690521240e-01 -2.504244819283485413e-02 8.118171244859695435e-02 -3.928697854280471802e-02 9.956098794937133789e-01
3.141607940196990967e-01 1.643597930669784546e-01 2.554387450218200684e-01 -2.368380501866340637e-02 8.207326382398605347e-02 -3.896072134375572205e-02 9.955828189849853516e-01
3.168236017227172852e-01 1.737934648990631104e-01 2.717791795730590820e-01 -2.521141804754734039e-02 7.978857308626174927e-02 -3.969863057136535645e-02 9.957019090652465820e-01
3.227219879627227783e-01 1.713395416736602783e-01 2.751367688179016113e-01 -2.815744467079639435e-02 7.815232127904891968e-02 -4.356585443019866943e-02 9.955909848213195801e-01
3.229513764381408691e-01 1.815399378538131714e-01 2.871512472629547119e-01 -2.835588902235031128e-02 7.837088406085968018e-02 -4.387158155441284180e-02 9.955548048019409180e-01
3.241199254989624023e-01 1.918495595455169678e-01 3.008079230785369873e-01 -2.866210043430328369e-02 7.790788263082504272e-02 -4.463971033692359924e-02 9.955481886863708496e-01
3.249258399009704590e-01 2.026674300432205200e-01 3.138333857059478760e-01 -2.896588668227195740e-02 7.749146968126296997e-02 -4.577697813510894775e-02 9.955202341079711914e-01
3.272093236446380615e-01 2.161578983068466187e-01 3.290587663650512695e-01 -2.905841730535030365e-02 7.645270228385925293e-02 -4.469295963644981384e-02 9.956471323966979980e-01
3.282412290573120117e-01 2.249535769224166870e-01 3.366518318653106689e-01 -2.855963818728923798e-02 7.729217410087585449e-02 -4.574720934033393860e-02 9.955488443374633789e-01
3.316724300384521484e-01 2.384003549814224243e-01 3.518524169921875000e-01 -2.980025112628936768e-02 7.628727704286575317e-02 -4.441399499773979187e-02 9.956503510475158691e-01
3.331395983695983887e-01 2.505069375038146973e-01 3.591665327548980713e-01 -2.740022540092468262e-02 7.905101031064987183e-02 -4.306472092866897583e-02 9.955630302429199219e-01
3.353969156742095947e-01 2.625449299812316895e-01 3.706940710544586182e-01 -2.721616812050342560e-02 7.920833677053451538e-02 -4.289154335856437683e-02 9.955629706382751465e-01
3.385962247848510742e-01 2.711380720138549805e-01 3.810549378395080566e-01 -2.882540039718151093e-02 7.848208397626876831e-02 -4.446313157677650452e-02 9.955062866210937500e-01
3.405094742774963379e-01 2.828411459922790527e-01 3.917223811149597168e-01 -2.796405740082263947e-02 7.845750451087951660e-02 -4.426820948719978333e-02 9.955414533615112305e-01
3.423633277416229248e-01 2.944861948490142822e-01 4.051303267478942871e-01 -2.888642624020576477e-02 7.777278870344161987e-02 -4.518068954348564148e-02 9.955278635025024414e-01
3.445310294628143311e-01 3.064879477024078369e-01 4.155493080615997314e-01 -2.760101854801177979e-02 7.869530469179153442e-02 -4.447233304381370544e-02 9.955236911773681641e-01
3.455812931060791016e-01 3.133376836776733398e-01 4.257099330425262451e-01 -2.939329668879508972e-02 7.797362655401229858e-02 -4.579894244670867920e-02 9.954690337181091309e-01
3.486021459102630615e-01 3.221632242202758789e-01 4.385532438755035400e-01 -3.353970870375633240e-02 7.524773478507995605e-02 -4.959124699234962463e-02 9.953660964965820312e-01
3.498952686786651611e-01 3.304347991943359375e-01 4.483535885810852051e-01 -3.390950337052345276e-02 7.504332810640335083e-02 -4.952375218272209167e-02 9.953723549842834473e-01
3.511869013309478760e-01 3.387872576713562012e-01 4.577230513095855713e-01 -3.353085368871688843e-02 7.464925944805145264e-02 -4.994091391563415527e-02 9.953939914703369141e-01
3.511676192283630371e-01 3.470219075679779053e-01 4.669173657894134521e-01 -3.333444893360137939e-02 7.546047121286392212e-02 -4.870079830288887024e-02 9.954007863998413086e-01
3.512912690639495850e-01 3.546983897686004639e-01 4.754947721958160400e-01 -3.302100300788879395e-02 7.626825571060180664e-02 -4.865912348031997681e-02 9.953517913818359375e-01
3.509086072444915771e-01 3.602566719055175781e-01 4.828808307647705078e-01 -3.212908655405044556e-02 7.655400782823562622e-02 -4.851272702217102051e-02 9.953662157058715820e-01
3.502919375896453857e-01 3.661147654056549072e-01 4.912523031234741211e-01 -3.144906461238861084e-02 7.737729698419570923e-02 -4.654001817107200623e-02 9.954184293746948242e-01
3.486377298831939697e-01 3.750125765800476074e-01 5.022200345993041992e-01 -2.950646914541721344e-02 7.909235358238220215e-02 -4.519049450755119324e-02 9.954053163528442383e-01
3.475457131862640381e-01 3.816559612751007080e-01 5.142762064933776855e-01 -2.887582592666149139e-02 7.778838276863098145e-02 -4.354410991072654724e-02 9.955998659133911133e-01
3.484564721584320068e-01 3.819640874862670898e-01 5.169062614440917969e-01 -3.032838553190231323e-02 7.675807178020477295e-02 -4.792233556509017944e-02 9.954354763031005859e-01
3.460615575313568115e-01 3.862594068050384521e-01 5.243577957153320312e-01 -2.809312753379344940e-02 7.759062945842742920e-02 -4.493081942200660706e-02 9.955761432647705078e-01
3.451411724090576172e-01 3.931010961532592773e-01 5.359580516815185547e-01 -2.385972626507282257e-02 7.323686033487319946e-02 -3.670350462198257446e-02 9.963533282279968262e-01
3.496132194995880127e-01 4.010151028633117676e-01 5.451352000236511230e-01 -1.823310926556587219e-02 6.217319145798683167e-02 -2.485564723610877991e-02 9.975892901420593262e-01
3.550009429454803467e-01 4.026903510093688965e-01 5.364078283309936523e-01 -1.313984394073486328e-02 5.452631413936614990e-02 -1.206776686012744904e-02 9.983530044555664062e-01
3.482512533664703369e-01 4.052421748638153076e-01 5.467684864997863770e-01 -1.157175004482269287e-02 5.550702661275863647e-02 -3.758768318220973015e-03 9.983841776847839355e-01
3.483032882213592529e-01 4.125870168209075928e-01 5.546685457229614258e-01 -7.604110520333051682e-03 5.135576054453849792e-02 1.075286883860826492e-02 9.985935688018798828e-01
3.513345122337341309e-01 4.198563694953918457e-01 5.560649037361145020e-01 -6.049643852747976780e-04 4.495601728558540344e-02 3.090946003794670105e-02 9.985105395317077637e-01
3.517379462718963623e-01 4.256110191345214844e-01 5.682820677757263184e-01 1.321730320341885090e-03 3.229820728302001953e-02 4.696274548768997192e-02 9.983735084533691406e-01
3.536359369754791260e-01 4.335643947124481201e-01 5.814612507820129395e-01 -4.856318264501169324e-05 2.010613307356834412e-02 4.940444976091384888e-02 9.985764622688293457e-01
3.531923592090606689e-01 4.388237297534942627e-01 5.871914625167846680e-01 2.731304848566651344e-03 1.487810537219047546e-02 6.155667826533317566e-02 9.979889392852783203e-01
3.538785874843597412e-01 4.438163340091705322e-01 5.946507453918457031e-01 4.957545548677444458e-03 5.051207263022661209e-03 7.270294427871704102e-02 9.973285198211669922e-01
3.547233641147613525e-01 4.494311213493347168e-01 6.019804477691650391e-01 6.379822269082069397e-03 -4.086084198206663132e-03 8.350624889135360718e-02 9.964784979820251465e-01
3.546754121780395508e-01 4.558496475219726562e-01 6.089919209480285645e-01 9.186579845845699310e-03 -9.632982313632965088e-03 9.422195702791213989e-02 9.954622983932495117e-01
3.552338480949401855e-01 4.624409079551696777e-01 6.180794835090637207e-01 1.093017309904098511e-02 -1.710189506411552429e-02 1.043706685304641724e-01 9.943314194679260254e-01
3.568638861179351807e-01 4.718856513500213623e-01 6.290084719657897949e-01 1.261920388787984848e-02 -2.661968208849430084e-02 1.142028793692588806e-01 9.930205941200256348e-01
3.577090501785278320e-01 4.786833226680755615e-01 6.372281908988952637e-01 1.425076741725206375e-02 -3.369681164622306824e-02 1.231382638216018677e-01 9.917149543762207031e-01
3.584015369415283203e-01 4.859247803688049316e-01 6.463905572891235352e-01 1.559447124600410461e-02 -4.012735560536384583e-02 1.306391507387161255e-01 9.904948472976684570e-01
3.587397933006286621e-01 4.936942756175994873e-01 6.562443971633911133e-01 1.724728755652904510e-02 -4.552686586976051331e-02 1.367755830287933350e-01 9.894050955772399902e-01
3.594970703125000000e-01 5.011399984359741211e-01 6.661378145217895508e-01 1.757176220417022705e-02 -5.086857825517654419e-02 1.405222713947296143e-01 9.886137843132019043e-01
3.604351878166198730e-01 5.090757012367248535e-01 6.763082742691040039e-01 1.850886456668376923e-02 -5.537573620676994324e-02 1.429164856672286987e-01 9.880110621452331543e-01
3.606845736503601074e-01 5.170761346817016602e-01 6.872413158416748047e-01 1.943631842732429504e-02 -5.840113386511802673e-02 1.433670669794082642e-01 9.877537488937377930e-01
3.588095009326934814e-01 5.244067311286926270e-01 6.992185711860656738e-01 4.327956587076187134e-03 -6.425312906503677368e-02 1.413749754428863525e-01 9.878593087196350098e-01
3.591366112232208252e-01 5.321320295333862305e-01 7.096456885337829590e-01 -1.359767559915781021e-02 -7.009491324424743652e-02 1.373425275087356567e-01 9.879468083381652832e-01
3.571074604988098145e-01 5.395419001579284668e-01 7.204143404960632324e-01 -3.346414119005203247e-02 -7.455203682184219360e-02 1.310653090476989746e-01 9.880000352859497070e-01
3.581821620464324951e-01 5.468228459358215332e-01 7.307090759277343750e-01 -5.550269782543182373e-02 -7.965259999036788940e-02 1.236953884363174438e-01 9.875598549842834473e-01
3.575284779071807861e-01 5.542499423027038574e-01 7.416046857833862305e-01 -7.932254672050476074e-02 -8.434755355119705200e-02 1.148811802268028259e-01 9.866082072257995605e-01
3.566945195198059082e-01 5.635504126548767090e-01 7.542341947555541992e-01 -1.045508086681365967e-01 -8.946373313665390015e-02 1.056126058101654053e-01 9.848408102989196777e-01
3.552404344081878662e-01 5.724062919616699219e-01 7.660481929779052734e-01 -1.305115669965744019e-01 -9.370273351669311523e-02 9.518586844205856323e-02 9.824084043502807617e-01
3.524232506752014160e-01 5.805919766426086426e-01 7.777321338653564453e-01 -1.573813706636428833e-01 -9.785163402557373047e-02 8.455579727888107300e-02 9.790334701538085938e-01
3.515329062938690186e-01 5.873998403549194336e-01 7.889788150787353516e-01 -1.852580159902572632e-01 -1.028654500842094421e-01 7.272446900606155396e-02 9.745815992355346680e-01
3.477730751037597656e-01 5.947783589363098145e-01 8.000510334968566895e-01 -2.128471285104751587e-01 -1.061205789446830750e-01 6.090236082673072815e-02 9.693943858146667480e-01
3.459613025188446045e-01 6.025479435920715332e-01 8.118035197257995605e-01 -2.404126673936843872e-01 -1.104975342750549316e-01 4.941556230187416077e-02 9.630941152572631836e-01
3.427878916263580322e-01 6.095747351646423340e-01 8.249226808547973633e-01 -2.677422761917114258e-01 -1.151997372508049011e-01 3.895551711320877075e-02 9.557853937149047852e-01
3.391070961952209473e-01 6.158319115638732910e-01 8.380925655364990234e-01 -2.948032915592193604e-01 -1.196402832865715027e-01 2.824393846094608307e-02 9.476178288459777832e-01
3.364693224430084229e-01 6.230337619781494141e-01 8.487938046455383301e-01 -3.202394843101501465e-01 -1.246844455599784851e-01 1.864547096192836761e-02 9.389104247093200684e-01
3.325438499450683594e-01 6.303153634071350098e-01 8.619998097419738770e-01 -3.447978794574737549e-01 -1.295657753944396973e-01 1.009011920541524887e-02 9.296372532844543457e-01
3.288768231868743896e-01 6.373888850212097168e-01 8.746839761734008789e-01 -3.677660524845123291e-01 -1.349183022975921631e-01 2.929777139797806740e-03 9.200742840766906738e-01
3.251001834869384766e-01 6.436574459075927734e-01 8.875573873519897461e-01 -3.895616829395294189e-01 -1.397584378719329834e-01 -2.653494011610746384e-03 9.103308320045471191e-01
3.214473426342010498e-01 6.507335901260375977e-01 9.001824855804443359e-01 -4.093863368034362793e-01 -1.459937691688537598e-01 -6.492316722869873047e-03 9.005812406539916992e-01
3.172033131122589111e-01 6.582042574882507324e-01 9.125582575798034668e-01 -4.263314306735992432e-01 -1.518573909997940063e-01 -7.862204685807228088e-03 8.916944265365600586e-01
3.129475414752960205e-01 6.654394268989562988e-01 9.257520437240600586e-01 -4.415012300014495850e-01 -1.590123474597930908e-01 -7.816113531589508057e-03 8.830236792564392090e-01
3.087795078754425049e-01 6.729822754859924316e-01 9.395881891250610352e-01 -4.544553458690643311e-01 -1.664951294660568237e-01 -4.716642200946807861e-03 8.750586509704589844e-01
3.039098381996154785e-01 6.802878379821777344e-01 9.534920454025268555e-01 -4.651894569396972656e-01 -1.742865294218063354e-01 2.056312514469027519e-04 8.678842186927795410e-01
2.990211844444274902e-01 6.873768568038940430e-01 9.663971662521362305e-01 -4.732282757759094238e-01 -1.827534735202789307e-01 7.154511753469705582e-03 8.617453575134277344e-01
2.942368686199188232e-01 6.947342753410339355e-01 9.806356430053710938e-01 -4.797305464744567871e-01 -1.917280554771423340e-01 1.652569882571697235e-02 8.560525774955749512e-01
2.889845371246337891e-01 7.021037340164184570e-01 9.948339462280273438e-01 -4.837929308414459229e-01 -2.012342661619186401e-01 2.763608284294605255e-02 8.512845635414123535e-01
2.838724255561828613e-01 7.091648578643798828e-01 1.008325219154357910e+00 -4.859104156494140625e-01 -2.109851390123367310e-01 4.080944508314132690e-02 8.471782207489013672e-01
2.778611183166503906e-01 7.163512706756591797e-01 1.022357463836669922e+00 -4.862418770790100098e-01 -2.210435420274734497e-01 5.504402145743370056e-02 8.436105251312255859e-01
2.718176841735839844e-01 7.229301929473876953e-01 1.036665678024291992e+00 -4.850007891654968262e-01 -2.314732074737548828e-01 7.083517313003540039e-02 8.403432965278625488e-01
2.649360597133636475e-01 7.297599315643310547e-01 1.050961494445800781e+00 -4.818412363529205322e-01 -2.419980019330978394e-01 8.782961964607238770e-02 8.375869989395141602e-01
2.567928433418273926e-01 7.360169887542724609e-01 1.065192580223083496e+00 -4.771226346492767334e-01 -2.528677582740783691e-01 1.055931448936462402e-01 8.350222110748291016e-01
2.475213706493377686e-01 7.417974472045898438e-01 1.079104661941528320e+00 -4.706182479858398438e-01 -2.633771598339080811e-01 1.244284734129905701e-01 8.328676223754882812e-01
2.376586496829986572e-01 7.473689317703247070e-01 1.092660903930664062e+00 -4.625790119171142578e-01 -2.744851410388946533e-01 1.439726054668426514e-01 8.306325674057006836e-01
2.260230183601379395e-01 7.526502013206481934e-01 1.105249166488647461e+00 -4.529843032360076904e-01 -2.854286432266235352e-01 1.643508076667785645e-01 8.284471035003662109e-01
2.125964760780334473e-01 7.570303082466125488e-01 1.116466403007507324e+00 -4.416789710521697998e-01 -2.960667908191680908e-01 1.843636184930801392e-01 8.266040682792663574e-01
1.991698145866394043e-01 7.631691694259643555e-01 1.127224445343017578e+00 -4.295680224895477295e-01 -3.066481947898864746e-01 2.046662420034408569e-01 8.243481516838073730e-01
1.875737309455871582e-01 7.725678086280822754e-01 1.137887001037597656e+00 -4.158029258251190186e-01 -3.171572685241699219e-01 2.251359224319458008e-01 8.220906853675842285e-01
1.758897900581359863e-01 7.786145210266113281e-01 1.149922966957092285e+00 -4.012805521488189697e-01 -3.275230824947357178e-01 2.456938475370407104e-01 8.193516731262207031e-01
1.629351377487182617e-01 7.831530570983886719e-01 1.160981774330139160e+00 -3.855361342430114746e-01 -3.371596634387969971e-01 2.654674351215362549e-01 8.168306350708007812e-01
1.507483720779418945e-01 7.872513532638549805e-01 1.171760082244873047e+00 -3.691169917583465576e-01 -3.467062413692474365e-01 2.848265767097473145e-01 8.138926625251770020e-01
1.391651034355163574e-01 7.912379503250122070e-01 1.182137370109558105e+00 -3.520508706569671631e-01 -3.561123311519622803e-01 3.039272129535675049e-01 8.104767203330993652e-01
1.260658502578735352e-01 7.951208353042602539e-01 1.191112041473388672e+00 -3.332876861095428467e-01 -3.646944165229797363e-01 3.214497864246368408e-01 8.078288435935974121e-01
1.143027544021606445e-01 7.995225787162780762e-01 1.200428843498229980e+00 -3.145657777786254883e-01 -3.732768893241882324e-01 3.388473093509674072e-01 8.042979836463928223e-01
1.031606197357177734e-01 8.031628131866455078e-01 1.209216833114624023e+00 -2.957928180694580078e-01 -3.813525736331939697e-01 3.553459644317626953e-01 8.005036711692810059e-01
9.175556898117065430e-02 8.073412775993347168e-01 1.217505931854248047e+00 -2.762377262115478516e-01 -3.892490863800048828e-01 3.711271882057189941e-01 7.965189218521118164e-01
8.063191175460815430e-02 8.112784028053283691e-01 1.225260257720947266e+00 -2.555052638053894043e-01 -3.971934914588928223e-01 3.839208781719207764e-01 7.934477329254150391e-01
6.998956203460693359e-02 8.150690793991088867e-01 1.232038855552673340e+00 -2.337539643049240112e-01 -4.047456383705139160e-01 3.953956663608551025e-01 7.906973958015441895e-01
5.952358245849609375e-02 8.182208538055419922e-01 1.238769531250000000e+00 -2.129198759794235229e-01 -4.114885330200195312e-01 4.065337181091308594e-01 7.874469161033630371e-01
5.012500286102294922e-02 8.213370442390441895e-01 1.245494246482849121e+00 -1.926956772804260254e-01 -4.177807867527008057e-01 4.178884327411651611e-01 7.833880782127380371e-01
4.031229019165039062e-02 8.241496682167053223e-01 1.251513123512268066e+00 -1.725856959819793701e-01 -4.231154918670654297e-01 4.291343390941619873e-01 7.791221141815185547e-01
3.115928173065185547e-02 8.266929984092712402e-01 1.257658720016479492e+00 -1.533935815095901489e-01 -4.282133877277374268e-01 4.400647282600402832e-01 7.742395401000976562e-01
2.310371398925781250e-02 8.293610811233520508e-01 1.262597560882568359e+00 -1.343695521354675293e-01 -4.333762228488922119e-01 4.506608843803405762e-01 7.687878608703613281e-01
1.426041126251220703e-02 8.312373757362365723e-01 1.265417337417602539e+00 -1.161927431821823120e-01 -4.377657771110534668e-01 4.609279930591583252e-01 7.631551623344421387e-01
5.109667778015136719e-03 8.372062444686889648e-01 1.269127249717712402e+00 -9.730120748281478882e-02 -4.423279464244842529e-01 4.733152985572814941e-01 7.555468678474426270e-01
-3.031969070434570312e-03 8.387644290924072266e-01 1.272171974182128906e+00 -8.052027970552444458e-02 -4.462981820106506348e-01 4.830645620822906494e-01 7.489880919456481934e-01
-1.031649112701416016e-02 8.401146531105041504e-01 1.275250554084777832e+00 -6.459993869066238403e-02 -4.499822258949279785e-01 4.922374188899993896e-01 7.423242330551147461e-01
-1.692616939544677734e-02 8.402990698814392090e-01 1.277266979217529297e+00 -4.988955706357955933e-02 -4.535304903984069824e-01 5.010176897048950195e-01 7.353926897048950195e-01
-2.381265163421630859e-02 8.422193527221679688e-01 1.279404401779174805e+00 -3.442626446485519409e-02 -4.570318162441253662e-01 5.079763531684875488e-01 7.293125391006469727e-01
-3.120100498199462891e-02 8.445374965667724609e-01 1.281190276145935059e+00 -1.904762536287307739e-02 -4.603251218795776367e-01 5.144806504249572754e-01 7.232204079627990723e-01
-3.784179687500000000e-02 8.451166152954101562e-01 1.282905936241149902e+00 -5.271085537970066071e-03 -4.633431732654571533e-01 5.205064415931701660e-01 7.171878218650817871e-01
-4.551148414611816406e-02 8.492623567581176758e-01 1.286157369613647461e+00 8.436325006186962128e-03 -4.668985009193420410e-01 5.271543860435485840e-01 7.099598050117492676e-01
-5.080950260162353516e-02 8.507750630378723145e-01 1.287417054176330566e+00 1.020193193107843399e-02 -4.732962250709533691e-01 5.268219709396362305e-01 7.059357762336730957e-01
-5.696332454681396484e-02 8.520237207412719727e-01 1.288941502571105957e+00 1.199870277196168900e-02 -4.793893992900848389e-01 5.265076160430908203e-01 7.020196318626403809e-01
-6.083631515502929688e-02 8.528543114662170410e-01 1.290971279144287109e+00 1.316543202847242355e-02 -4.854271113872528076e-01 5.267379879951477051e-01 6.976634860038757324e-01
-6.448674201965332031e-02 8.537926077842712402e-01 1.293117046356201172e+00 1.437680702656507492e-02 -4.915409386157989502e-01 5.267696976661682129e-01 6.933214068412780762e-01
-6.662857532501220703e-02 8.546669483184814453e-01 1.294144868850708008e+00 1.552595105022192001e-02 -4.966363012790679932e-01 5.269346833229064941e-01 6.895297765731811523e-01
-7.110118865966796875e-02 8.553560376167297363e-01 1.295993685722351074e+00 1.684329658746719360e-02 -5.014093518257141113e-01 5.268418192863464355e-01 6.861069798469543457e-01
-7.412445545196533203e-02 8.556191325187683105e-01 1.297750234603881836e+00 1.786645874381065369e-02 -5.058194398880004883e-01 5.266939401626586914e-01 6.829501986503601074e-01
-7.673668861389160156e-02 8.555642366409301758e-01 1.299249410629272461e+00 1.872618123888969421e-02 -5.094001293182373047e-01 5.265064239501953125e-01 6.804056167602539062e-01
-7.771658897399902344e-02 8.563972115516662598e-01 1.300916910171508789e+00 1.925914175808429718e-02 -5.130406022071838379e-01 5.268127322196960449e-01 6.774118542671203613e-01
-7.807421684265136719e-02 8.573053479194641113e-01 1.302763581275939941e+00 1.897111907601356506e-02 -5.152953863143920898e-01 5.280411243438720703e-01 6.747469305992126465e-01
-7.910680770874023438e-02 8.579542636871337891e-01 1.304006457328796387e+00 1.868969760835170746e-02 -5.169376134872436523e-01 5.289362072944641113e-01 6.727946996688842773e-01
-8.050525188446044922e-02 8.579528331756591797e-01 1.304225921630859375e+00 1.860632374882698059e-02 -5.171436071395874023e-01 5.295568108558654785e-01 6.721502542495727539e-01
-8.178269863128662109e-02 8.576380610466003418e-01 1.304342627525329590e+00 1.805103942751884460e-02 -5.165945291519165039e-01 5.296665430068969727e-01 6.725010871887207031e-01
-8.215606212615966797e-02 8.580620288848876953e-01 1.305199503898620605e+00 1.750589534640312195e-02 -5.156478285789489746e-01 5.307844281196594238e-01 6.723606586456298828e-01
-8.251690864562988281e-02 8.585745096206665039e-01 1.306069731712341309e+00 1.659787259995937347e-02 -5.137541890144348145e-01 5.317378044128417969e-01 6.730794906616210938e-01
-8.266687393188476562e-02 8.593599200248718262e-01 1.305721998214721680e+00 1.589508913457393646e-02 -5.106738805770874023e-01 5.325618386268615723e-01 6.747869253158569336e-01
-8.337020874023437500e-02 8.591675758361816406e-01 1.306156754493713379e+00 1.472663506865501404e-02 -5.067494511604309082e-01 5.325308442115783691e-01 6.777898073196411133e-01
-8.387756347656250000e-02 8.593353629112243652e-01 1.307288169860839844e+00 1.384096965193748474e-02 -5.022481083869934082e-01 5.320994257926940918e-01 6.814876794815063477e-01
-8.640837669372558594e-02 8.589817881584167480e-01 1.307358980178833008e+00 1.310531515628099442e-02 -4.961171746253967285e-01 5.319014787673950195e-01 6.861318349838256836e-01
-8.704614639282226562e-02 8.586840629577636719e-01 1.308864951133728027e+00 1.223410479724407196e-02 -4.899057149887084961e-01 5.304355025291442871e-01 6.917232275009155273e-01
-8.732318878173828125e-02 8.585214018821716309e-01 1.307769536972045898e+00 -9.305740823037922382e-04 -4.865313768386840820e-01 5.208344459533691406e-01 7.014399170875549316e-01
-8.688437938690185547e-02 8.591781854629516602e-01 1.310274243354797363e+00 -1.694225706160068512e-02 -4.834429621696472168e-01 5.109353065490722656e-01 7.105920910835266113e-01
-9.107840061187744141e-02 8.601261973381042480e-01 1.312376976013183594e+00 -3.345344215631484985e-02 -4.786878526210784912e-01 5.006604790687561035e-01 7.204707264900207520e-01
-9.382176399230957031e-02 8.595635294914245605e-01 1.313487410545349121e+00 -5.125993862748146057e-02 -4.730238318443298340e-01 4.878036975860595703e-01 7.318937778472900391e-01
-9.626185894012451172e-02 8.589526414871215820e-01 1.315475702285766602e+00 -7.015278190374374390e-02 -4.669948816299438477e-01 4.738014936447143555e-01 7.433078289031982422e-01
-9.911382198333740234e-02 8.583825230598449707e-01 1.317410707473754883e+00 -8.935480564832687378e-02 -4.601754546165466309e-01 4.587374925613403320e-01 7.548604607582092285e-01
-1.020133495330810547e-01 8.576880097389221191e-01 1.319817662239074707e+00 -1.095002442598342896e-01 -4.525808095932006836e-01 4.430579841136932373e-01 7.660809159278869629e-01
-1.053745746612548828e-01 8.575898408889770508e-01 1.322150468826293945e+00 -1.294808983802795410e-01 -4.445254206657409668e-01 4.265369176864624023e-01 7.769801020622253418e-01
-1.089126467704772949e-01 8.572556376457214355e-01 1.324872732162475586e+00 -1.498432606458663940e-01 -4.360253512859344482e-01 4.090071022510528564e-01 7.874910235404968262e-01
-1.118230223655700684e-01 8.568053841590881348e-01 1.328172802925109863e+00 -1.700738221406936646e-01 -4.276120662689208984e-01 3.911254107952117920e-01 7.970218062400817871e-01
-1.149041652679443359e-01 8.561780452728271484e-01 1.330609083175659180e+00 -1.901086270809173584e-01 -4.182785749435424805e-01 3.730506300926208496e-01 8.060613870620727539e-01
-1.179395318031311035e-01 8.559859991073608398e-01 1.333099961280822754e+00 -2.096979618072509766e-01 -4.090183973312377930e-01 3.543859720230102539e-01 8.143348693847656250e-01
-1.208918690681457520e-01 8.553599119186401367e-01 1.335142850875854492e+00 -2.288504838943481445e-01 -3.994978964328765869e-01 3.356773853302001953e-01 8.217965960502624512e-01
-1.231585741043090820e-01 8.548116087913513184e-01 1.337213516235351562e+00 -2.475218921899795532e-01 -3.901417553424835205e-01 3.169219791889190674e-01 8.283011913299560547e-01
-1.255519390106201172e-01 8.546363711357116699e-01 1.338593721389770508e+00 -2.648162245750427246e-01 -3.808321952819824219e-01 2.986549437046051025e-01 8.340530395507812500e-01
-1.271979808807373047e-01 8.544617891311645508e-01 1.339815378189086914e+00 -2.816510498523712158e-01 -3.717693090438842773e-01 2.812402248382568359e-01 8.386681675910949707e-01
-1.283534765243530273e-01 8.547037243843078613e-01 1.340578436851501465e+00 -2.971879541873931885e-01 -3.632836639881134033e-01 2.644272148609161377e-01 8.424859642982482910e-01
-1.295355558395385742e-01 8.544948101043701172e-01 1.341454505920410156e+00 -3.119182288646697998e-01 -3.553558588027954102e-01 2.481858730316162109e-01 8.454779982566833496e-01
-1.304327249526977539e-01 8.545767068862915039e-01 1.342205047607421875e+00 -3.249096870422363281e-01 -3.482174277305603027e-01 2.328443974256515503e-01 8.479161858558654785e-01
-1.311901211738586426e-01 8.545763492584228516e-01 1.342479944229125977e+00 -3.367192447185516357e-01 -3.417080640792846680e-01 2.187263965606689453e-01 8.497144579887390137e-01
-1.316521465778350830e-01 8.546676039695739746e-01 1.342656016349792480e+00 -3.468129336833953857e-01 -3.365629315376281738e-01 2.058643996715545654e-01 8.509207367897033691e-01
-1.319889128208160400e-01 8.545580506324768066e-01 1.342833280563354492e+00 -3.556192815303802490e-01 -3.321797847747802734e-01 1.943605095148086548e-01 8.517132997512817383e-01
-1.326478123664855957e-01 8.547317981719970703e-01 1.343240737915039062e+00 -3.630229830741882324e-01 -3.288841843605041504e-01 1.840022653341293335e-01 8.521694540977478027e-01
-1.332687139511108398e-01 8.547316789627075195e-01 1.343548774719238281e+00 -3.695416748523712158e-01 -3.260174393653869629e-01 1.750533729791641235e-01 8.523544073104858398e-01
-1.338565945625305176e-01 8.544950485229492188e-01 1.343789577484130859e+00 -3.749099671840667725e-01 -3.237749040126800537e-01 1.668629199266433716e-01 8.525075316429138184e-01
-1.345594227313995361e-01 8.543561697006225586e-01 1.344386100769042969e+00 -3.795061707496643066e-01 -3.221292197704315186e-01 1.596487760543823242e-01 8.524788618087768555e-01
-1.356953084468841553e-01 8.542648553848266602e-01 1.344954013824462891e+00 -3.833578824996948242e-01 -3.205981850624084473e-01 1.531293690204620361e-01 8.525286316871643066e-01
-1.367803812026977539e-01 8.540952205657958984e-01 1.345545291900634766e+00 -3.865398466587066650e-01 -3.191813230514526367e-01 1.475148350000381470e-01 8.526134490966796875e-01
-1.379400193691253662e-01 8.538026809692382812e-01 1.346250057220458984e+00 -3.891785144805908203e-01 -3.178052902221679688e-01 1.423067301511764526e-01 8.528122901916503906e-01
-1.393262445926666260e-01 8.535259962081909180e-01 1.346927881240844727e+00 -3.913867175579071045e-01 -3.162293434143066406e-01 1.376657187938690186e-01 8.531492352485656738e-01
-1.407604813575744629e-01 8.532621860504150391e-01 1.347696185111999512e+00 -3.932496309280395508e-01 -3.144247233867645264e-01 1.337622702121734619e-01 8.535804748535156250e-01
-1.423339247703552246e-01 8.529549837112426758e-01 1.348634719848632812e+00 -3.951239287853240967e-01 -3.121373355388641357e-01 1.301344931125640869e-01 8.541150093078613281e-01
-1.440245211124420166e-01 8.524171113967895508e-01 1.349683046340942383e+00 -3.969284296035766602e-01 -3.092736601829528809e-01 1.262336969375610352e-01 8.549050688743591309e-01
-1.461025774478912354e-01 8.520110845565795898e-01 1.350564360618591309e+00 -3.986179828643798828e-01 -3.054723441600799561e-01 1.224204152822494507e-01 8.560394644737243652e-01
-1.481308341026306152e-01 8.515101075172424316e-01 1.351559162139892578e+00 -4.001481235027313232e-01 -3.007645905017852783e-01 1.188419237732887268e-01 8.574956655502319336e-01
-1.504812687635421753e-01 8.511865139007568359e-01 1.352593660354614258e+00 -4.021336436271667480e-01 -2.947914004325866699e-01 1.152480244636535645e-01 8.591301441192626953e-01
-1.526937931776046753e-01 8.504004478454589844e-01 1.353715419769287109e+00 -4.042897820472717285e-01 -2.878574132919311523e-01 1.109380275011062622e-01 8.610346913337707520e-01
-1.553550660610198975e-01 8.498460650444030762e-01 1.354908227920532227e+00 -4.067434072494506836e-01 -2.794179320335388184e-01 1.062330231070518494e-01 8.632496595382690430e-01
-1.580065488815307617e-01 8.491826653480529785e-01 1.356066226959228516e+00 -4.096210300922393799e-01 -2.692141830921173096e-01 1.012061461806297302e-01 8.657318949699401855e-01
-1.608214825391769409e-01 8.485864400863647461e-01 1.357233762741088867e+00 -4.129511415958404541e-01 -2.573021650314331055e-01 9.532125294208526611e-02 8.684358596801757812e-01
-1.634615361690521240e-01 8.478219509124755859e-01 1.358319997787475586e+00 -4.169225990772247314e-01 -2.437994778156280518e-01 8.890122920274734497e-02 8.711107969284057617e-01
-1.664456576108932495e-01 8.468444347381591797e-01 1.359585046768188477e+00 -4.215729534626007080e-01 -2.281266152858734131e-01 8.181609958410263062e-02 8.738081455230712891e-01
-1.697183102369308472e-01 8.458521366119384766e-01 1.360738635063171387e+00 -4.262788593769073486e-01 -2.110096514225006104e-01 7.410807162523269653e-02 8.765097260475158691e-01
-1.731112152338027954e-01 8.449898362159729004e-01 1.361915111541748047e+00 -4.309966266155242920e-01 -1.923260390758514404e-01 6.624594330787658691e-02 8.791269659996032715e-01
-1.765331327915191650e-01 8.437891006469726562e-01 1.363071799278259277e+00 -4.360233247280120850e-01 -1.728009730577468872e-01 5.768242478370666504e-02 8.813037276268005371e-01
-1.802013814449310303e-01 8.426224589347839355e-01 1.364208102226257324e+00 -4.408828020095825195e-01 -1.524051874876022339e-01 4.881272464990615845e-02 8.831830620765686035e-01
-1.838656067848205566e-01 8.416680097579956055e-01 1.365287542343139648e+00 -4.453531503677368164e-01 -1.316572427749633789e-01 4.029971733689308167e-02 8.847050070762634277e-01
-1.876861900091171265e-01 8.402823209762573242e-01 1.366410732269287109e+00 -4.496201574802398682e-01 -1.104661077260971069e-01 3.165213391184806824e-02 8.857975006103515625e-01
-1.916293799877166748e-01 8.391416072845458984e-01 1.367368936538696289e+00 -4.533130228519439697e-01 -8.929269015789031982e-02 2.321012318134307861e-02 8.865638971328735352e-01
-1.955947279930114746e-01 8.376178741455078125e-01 1.368407607078552246e+00 -4.566375315189361572e-01 -6.833707541227340698e-02 1.520517934113740921e-02 8.868941068649291992e-01
-1.999613940715789795e-01 8.360601067543029785e-01 1.369344711303710938e+00 -4.595268070697784424e-01 -4.778696224093437195e-02 7.024146616458892822e-03 8.868495821952819824e-01
-2.044064998626708984e-01 8.344242572784423828e-01 1.370149970054626465e+00 -4.615135788917541504e-01 -2.796974219381809235e-02 -5.601916927844285965e-04 8.866919279098510742e-01
-2.089532464742660522e-01 8.329839706420898438e-01 1.371130704879760742e+00 -4.631758034229278564e-01 -9.279401041567325592e-03 -6.789305247366428375e-03 8.861918449401855469e-01
-2.135068774223327637e-01 8.311491012573242188e-01 1.371991753578186035e+00 -4.641062319278717041e-01 8.087022230029106140e-03 -1.248604524880647659e-02 8.856546878814697266e-01
-2.182871401309967041e-01 8.294076919555664062e-01 1.372680425643920898e+00 -4.639584720134735107e-01 2.452826686203479767e-02 -1.672274619340896606e-02 8.853594064712524414e-01
-2.231594771146774292e-01 8.277016878128051758e-01 1.373375177383422852e+00 -4.630631506443023682e-01 3.961469605565071106e-02 -1.857237704098224640e-02 8.852447867393493652e-01
-2.283889800310134888e-01 8.258176445960998535e-01 1.374163866043090820e+00 -4.616168737411499023e-01 5.230149626731872559e-02 -2.065373025834560394e-02 8.852953314781188965e-01
-2.336121797561645508e-01 8.239984512329101562e-01 1.374804496765136719e+00 -4.593434035778045654e-01 6.182386353611946106e-02 -2.259169705212116241e-02 8.858166933059692383e-01
-2.387803643941879272e-01 8.220905065536499023e-01 1.375527381896972656e+00 -4.566774070262908936e-01 6.814369559288024902e-02 -2.403935976326465607e-02 8.866930007934570312e-01
-2.442812621593475342e-01 8.197490572929382324e-01 1.376095414161682129e+00 -4.530438184738159180e-01 7.132712006568908691e-02 -2.526744082570075989e-02 8.882709741592407227e-01
-2.499487102031707764e-01 8.179338574409484863e-01 1.376498699188232422e+00 -4.481553435325622559e-01 7.277935743331909180e-02 -2.207853086292743683e-02 8.907146453857421875e-01
-2.553993761539459229e-01 8.161739706993103027e-01 1.377156257629394531e+00 -4.426071345806121826e-01 7.145736366510391235e-02 -1.716976985335350037e-02 8.936990499496459961e-01
-2.610410451889038086e-01 8.139933347702026367e-01 1.378164529800415039e+00 -4.365808665752410889e-01 6.735397130250930786e-02 -1.115378830581903458e-02 8.970709443092346191e-01
-2.674184441566467285e-01 8.114214539527893066e-01 1.379115581512451172e+00 -4.295887947082519531e-01 6.121702119708061218e-02 -3.971124067902565002e-03 9.009385108947753906e-01
-2.742909491062164307e-01 8.100676536560058594e-01 1.380316495895385742e+00 -4.216730296611785889e-01 5.342391133308410645e-02 3.870180342346429825e-03 9.051645994186401367e-01
-2.806684076786041260e-01 8.077586889266967773e-01 1.381129026412963867e+00 -4.127894043922424316e-01 4.311635717749595642e-02 1.351998373866081238e-02 9.097049236297607422e-01
-2.873529791831970215e-01 8.051680326461791992e-01 1.382273793220520020e+00 -4.033443927764892578e-01 3.147493675351142883e-02 2.416455373167991638e-02 9.141874909400939941e-01
-2.935278415679931641e-01 8.026026487350463867e-01 1.383160710334777832e+00 -3.928111493587493896e-01 1.801646128296852112e-02 3.672286123037338257e-02 9.187090396881103516e-01
-3.003450334072113037e-01 7.995337247848510742e-01 1.384416460990905762e+00 -3.818808495998382568e-01 3.760303370654582977e-03 4.921190813183784485e-02 9.228928089141845703e-01
-3.070784807205200195e-01 7.967638373374938965e-01 1.385933399200439453e+00 -3.699388206005096436e-01 -1.165714021772146225e-02 6.293208897113800049e-02 9.268490076065063477e-01
-3.139036297798156738e-01 7.938424348831176758e-01 1.387704372406005859e+00 -3.575154542922973633e-01 -2.763456851243972778e-02 7.711592316627502441e-02 9.303076267242431641e-01
-3.209840655326843262e-01 7.905625700950622559e-01 1.389703035354614258e+00 -3.444046974182128906e-01 -4.424465820193290710e-02 9.162805974483489990e-02 9.332910776138305664e-01
-3.289396166801452637e-01 7.879792451858520508e-01 1.391998529434204102e+00 -3.302946090698242188e-01 -6.061092019081115723e-02 1.068200394511222839e-01 9.358532428741455078e-01
-3.360035717487335205e-01 7.848697900772094727e-01 1.394480824470520020e+00 -3.158180117607116699e-01 -7.711765170097351074e-02 1.226795315742492676e-01 9.376895427703857422e-01
-3.433900475502014160e-01 7.816681861877441406e-01 1.396847128868103027e+00 -3.005607426166534424e-01 -9.317413717508316040e-02 1.387543529272079468e-01 9.390043020248413086e-01
-3.505286574363708496e-01 7.782165408134460449e-01 1.399901986122131348e+00 -2.853865325450897217e-01 -1.090105846524238586e-01 1.552129387855529785e-01 9.394574165344238281e-01
-3.580661714076995850e-01 7.744953036308288574e-01 1.403065443038940430e+00 -2.698957324028015137e-01 -1.236950755119323730e-01 1.717940419912338257e-01 9.393309950828552246e-01
-3.654066622257232666e-01 7.707573175430297852e-01 1.406275868415832520e+00 -2.538872063159942627e-01 -1.376217156648635864e-01 1.883886009454727173e-01 9.386752843856811523e-01
-3.734520077705383301e-01 7.681649327278137207e-01 1.409643650054931641e+00 -2.374687492847442627e-01 -1.498516201972961426e-01 2.047311663627624512e-01 9.376770853996276855e-01
-3.799246549606323242e-01 7.650478482246398926e-01 1.412583112716674805e+00 -2.213170677423477173e-01 -1.607298851013183594e-01 2.211563438177108765e-01 9.360954165458679199e-01
-3.850542902946472168e-01 7.618988752365112305e-01 1.415315389633178711e+00 -2.054075151681900024e-01 -1.704966127872467041e-01 2.374852746725082397e-01 9.339911341667175293e-01
-3.898523449897766113e-01 7.600136399269104004e-01 1.417510867118835449e+00 -1.889682114124298096e-01 -1.784193813800811768e-01 2.539410591125488281e-01 9.316499233245849609e-01
-3.942655920982360840e-01 7.574966549873352051e-01 1.419440150260925293e+00 -1.730429083108901978e-01 -1.850331276655197144e-01 2.701083719730377197e-01 9.289028048515319824e-01
-3.993401825428009033e-01 7.552132010459899902e-01 1.421805024147033691e+00 -1.578451246023178101e-01 -1.901674717664718628e-01 2.842880487442016602e-01 9.263377785682678223e-01
-4.025069773197174072e-01 7.525148391723632812e-01 1.423765182495117188e+00 -1.431125849485397339e-01 -1.941827684640884399e-01 2.990857362747192383e-01 9.232332706451416016e-01
-4.053699970245361328e-01 7.502521276473999023e-01 1.425508022308349609e+00 -1.287647634744644165e-01 -1.970294713973999023e-01 3.134597241878509521e-01 9.199685454368591309e-01
-4.085973501205444336e-01 7.474568486213684082e-01 1.426536798477172852e+00 -1.150147840380668640e-01 -1.981960237026214600e-01 3.269064426422119141e-01 9.168544411659240723e-01
-4.107972383499145508e-01 7.456220388412475586e-01 1.428662061691284180e+00 -1.017752587795257568e-01 -1.992254853248596191e-01 3.397236764430999756e-01 9.135309457778930664e-01
-4.127063155174255371e-01 7.438995242118835449e-01 1.429614424705505371e+00 -8.897615969181060791e-02 -1.992265284061431885e-01 3.518392741680145264e-01 9.102753400802612305e-01
-4.140650331974029541e-01 7.424573898315429688e-01 1.430734395980834961e+00 -7.672140747308731079e-02 -1.987720280885696411e-01 3.633745908737182617e-01 9.069523215293884277e-01
-4.133204817771911621e-01 7.465035915374755859e-01 1.429928660392761230e+00 -6.281307339668273926e-02 -1.986465901136398315e-01 3.753564357757568359e-01 9.031620621681213379e-01
-4.130108058452606201e-01 7.436950802803039551e-01 1.429266095161437988e+00 -5.273124575614929199e-02 -1.968342512845993042e-01 3.855733871459960938e-01 8.998938202857971191e-01
-4.137920141220092773e-01 7.433488965034484863e-01 1.430300951004028320e+00 -4.241587594151496887e-02 -1.954559832811355591e-01 3.944987058639526367e-01 8.968660831451416016e-01
-4.134552478790283203e-01 7.425892949104309082e-01 1.430820226669311523e+00 -3.334043547511100769e-02 -1.938829869031906128e-01 4.028016328811645508e-01 8.938952684402465820e-01
-4.149825274944305420e-01 7.412053346633911133e-01 1.431824207305908203e+00 -2.491509914398193359e-02 -1.922158002853393555e-01 4.093050062656402588e-01 8.915726542472839355e-01
-4.164625406265258789e-01 7.403761148452758789e-01 1.432073116302490234e+00 -1.731507852673530579e-02 -1.902503818273544312e-01 4.160749614238739014e-01 8.890369534492492676e-01
-4.185118079185485840e-01 7.389680147171020508e-01 1.434120535850524902e+00 -1.129022613167762756e-02 -1.886273622512817383e-01 4.212384521961212158e-01 8.870459794998168945e-01
-4.212169647216796875e-01 7.378153800964355469e-01 1.435965657234191895e+00 -5.580617580562829971e-03 -1.874661147594451904e-01 4.251702427864074707e-01 8.854691982269287109e-01
-4.247764647006988525e-01 7.371779680252075195e-01 1.438313484191894531e+00 -9.343596757389605045e-04 -1.867990791797637939e-01 4.281606972217559814e-01 8.841853737831115723e-01
-4.285645484924316406e-01 7.357679605484008789e-01 1.439762473106384277e+00 2.422309480607509613e-03 -1.861971616744995117e-01 4.293631017208099365e-01 8.837262392044067383e-01
-4.319131374359130859e-01 7.345894575119018555e-01 1.441326498985290527e+00 2.763012889772653580e-03 -1.867212504148483276e-01 4.298015832901000977e-01 8.834015130996704102e-01
-4.370282590389251709e-01 7.319554090499877930e-01 1.442672491073608398e+00 2.972478978335857391e-03 -1.870228946208953857e-01 4.291718900203704834e-01 8.836431503295898438e-01
-4.413857758045196533e-01 7.297701239585876465e-01 1.444834589958190918e+00 3.445378970354795456e-03 -1.884284168481826782e-01 4.275096654891967773e-01 8.841484189033508301e-01
-4.484520256519317627e-01 7.252540588378906250e-01 1.445867300033569336e+00 3.126812633126974106e-03 -1.890662908554077148e-01 4.248207509517669678e-01 8.853087425231933594e-01
-4.546265602111816406e-01 7.210934162139892578e-01 1.447262525558471680e+00 3.674797771964222193e-04 -1.909523159265518188e-01 4.209635853767395020e-01 8.867506980895996094e-01
-4.602374434471130371e-01 7.183564901351928711e-01 1.446643948554992676e+00 -2.339472761377692223e-03 -1.935002356767654419e-01 4.168874621391296387e-01 8.881199955940246582e-01
-4.684211313724517822e-01 7.122709751129150391e-01 1.445088267326354980e+00 -6.387545261532068253e-03 -1.953732371330261230e-01 4.108600318431854248e-01 8.904957175254821777e-01
-4.774205386638641357e-01 7.066984176635742188e-01 1.443264961242675781e+00 -1.119672134518623352e-02 -1.976916640996932983e-01 4.047248661518096924e-01 8.927432298660278320e-01
-4.823409914970397949e-01 7.028926610946655273e-01 1.444693088531494141e+00 -1.706594042479991913e-02 -2.026888132095336914e-01 3.982591331005096436e-01 8.944359421730041504e-01
-4.917514920234680176e-01 6.976283192634582520e-01 1.442403793334960938e+00 -2.266070805490016937e-02 -2.056219428777694702e-01 3.908164799213409424e-01 8.969217538833618164e-01
-4.999833703041076660e-01 6.925876736640930176e-01 1.440526604652404785e+00 -2.871052920818328857e-02 -2.093645930290222168e-01 3.830704987049102783e-01 8.992214202880859375e-01
-5.077638030052185059e-01 6.884297132492065430e-01 1.438725709915161133e+00 -3.525009378790855408e-02 -2.140368968248367310e-01 3.749398291110992432e-01 9.013133645057678223e-01
-5.176982879638671875e-01 6.823424100875854492e-01 1.435736894607543945e+00 -4.244939610362052917e-02 -2.172872126102447510e-01 3.663923740386962891e-01 9.037372469902038574e-01
-5.281372070312500000e-01 6.788600683212280273e-01 1.432807326316833496e+00 -4.883880540728569031e-02 -2.212405800819396973e-01 3.578109741210937500e-01 9.058911204338073730e-01
-5.374157428741455078e-01 6.705791950225830078e-01 1.431697845458984375e+00 -5.825769901275634766e-02 -2.256544232368469238e-01 3.480728864669799805e-01 9.080371856689453125e-01
-5.495957136154174805e-01 6.678102016448974609e-01 1.427419304847717285e+00 -6.448399275541305542e-02 -2.292562723159790039e-01 3.395293056964874268e-01 9.099468588829040527e-01
-5.609415173530578613e-01 6.646871566772460938e-01 1.424007654190063477e+00 -7.153415679931640625e-02 -2.331300675868988037e-01 3.309885859489440918e-01 9.115809798240661621e-01
-5.733545422554016113e-01 6.597824096679687500e-01 1.421257972717285156e+00 -7.973776757717132568e-02 -2.365751266479492188e-01 3.216966390609741211e-01 9.133375287055969238e-01
-5.843053460121154785e-01 6.560525894165039062e-01 1.417289257049560547e+00 -8.722759783267974854e-02 -2.406595647335052490e-01 3.133925199508666992e-01 9.144722819328308105e-01
-5.980168581008911133e-01 6.521061658859252930e-01 1.412480235099792480e+00 -9.395523369312286377e-02 -2.434587925672531128e-01 3.051740229129791260e-01 9.158434271812438965e-01
-6.093994379043579102e-01 6.465733647346496582e-01 1.407999992370605469e+00 -1.014013811945915222e-01 -2.471271902322769165e-01 2.970651686191558838e-01 9.167323708534240723e-01
-6.218082904815673828e-01 6.420677900314331055e-01 1.402493119239807129e+00 -1.077638417482376099e-01 -2.502542734146118164e-01 2.898931205272674561e-01 9.174540042877197266e-01
-6.347593665122985840e-01 6.362828016281127930e-01 1.396165490150451660e+00 -1.142809242010116577e-01 -2.531194984912872314e-01 2.825230956077575684e-01 9.181782007217407227e-01
-6.476117968559265137e-01 6.302476525306701660e-01 1.390262842178344727e+00 -1.208149716258049011e-01 -2.557807266712188721e-01 2.756959199905395508e-01 9.186793565750122070e-01
-6.606199741363525391e-01 6.241874694824218750e-01 1.384096980094909668e+00 -1.269866824150085449e-01 -2.582485675811767578e-01 2.691205739974975586e-01 9.191062450408935547e-01
-6.748089790344238281e-01 6.183584928512573242e-01 1.377154350280761719e+00 -1.325688809156417847e-01 -2.600726187229156494e-01 2.630023360252380371e-01 9.195746779441833496e-01
-6.891108751296997070e-01 6.113635301589965820e-01 1.370933890342712402e+00 -1.385680735111236572e-01 -2.620244026184082031e-01 2.565751373767852783e-01 9.199518561363220215e-01
-7.031314373016357422e-01 6.040160059928894043e-01 1.364347934722900391e+00 -1.446049660444259644e-01 -2.640846073627471924e-01 2.508590519428253174e-01 9.200100302696228027e-01
-7.178794741630554199e-01 5.943409204483032227e-01 1.356550216674804688e+00 -1.512226313352584839e-01 -2.652184665203094482e-01 2.443390935659408569e-01 9.203745722770690918e-01
-7.316808104515075684e-01 5.865250825881958008e-01 1.348421692848205566e+00 -1.565369218587875366e-01 -2.667956650257110596e-01 2.389795333147048950e-01 9.204374551773071289e-01
-7.429502010345458984e-01 5.767899751663208008e-01 1.337208390235900879e+00 -1.620010733604431152e-01 -2.681471705436706543e-01 2.334585040807723999e-01 9.205161333084106445e-01
-7.516921758651733398e-01 5.665928125381469727e-01 1.324548721313476562e+00 -1.675222814083099365e-01 -2.693153023719787598e-01 2.275453507900238037e-01 9.206675887107849121e-01
-7.589689493179321289e-01 5.566261410713195801e-01 1.310858726501464844e+00 -1.730928868055343628e-01 -2.702197432518005371e-01 2.218405157327651978e-01 9.207643866539001465e-01
-7.645229101181030273e-01 5.458590984344482422e-01 1.297486424446105957e+00 -1.793010383844375610e-01 -2.715000510215759277e-01 2.164711505174636841e-01 9.204776883125305176e-01
-7.698296308517456055e-01 5.356413722038269043e-01 1.284842491149902344e+00 -1.854140609502792358e-01 -2.727748453617095947e-01 2.102274298667907715e-01 9.203368425369262695e-01
-7.753737568855285645e-01 5.251434445381164551e-01 1.271993279457092285e+00 -1.912400424480438232e-01 -2.737753391265869141e-01 2.041057348251342773e-01 9.202256202697753906e-01
-7.803155779838562012e-01 5.144316554069519043e-01 1.259690165519714355e+00 -1.972570717334747314e-01 -2.746322751045227051e-01 1.982552409172058105e-01 9.199792146682739258e-01
-7.853066921234130859e-01 5.028385519981384277e-01 1.247666120529174805e+00 -2.034561932086944580e-01 -2.752468287944793701e-01 1.918457746505737305e-01 9.198043346405029297e-01
-7.899254560470581055e-01 4.910030066967010498e-01 1.235778570175170898e+00 -2.098856568336486816e-01 -2.760028839111328125e-01 1.851536035537719727e-01 9.195045828819274902e-01
-7.948129177093505859e-01 4.786811769008636475e-01 1.223699450492858887e+00 -2.161479294300079346e-01 -2.762431502342224121e-01 1.781880557537078857e-01 9.193578362464904785e-01
-7.990540266036987305e-01 4.658507108688354492e-01 1.211690187454223633e+00 -2.226148843765258789e-01 -2.765389978885650635e-01 1.712468266487121582e-01 9.190448522567749023e-01
-8.027886152267456055e-01 4.530887901782989502e-01 1.200400829315185547e+00 -2.292846590280532837e-01 -2.768881618976593018e-01 1.638390123844146729e-01 9.186502695083618164e-01
-8.070759177207946777e-01 4.393626451492309570e-01 1.188951253890991211e+00 -2.361387759447097778e-01 -2.766146063804626465e-01 1.561343818902969360e-01 9.183381795883178711e-01
-8.109069466590881348e-01 4.260007143020629883e-01 1.178252100944519043e+00 -2.428735941648483276e-01 -2.767060995101928711e-01 1.482674032449722290e-01 9.178578257560729980e-01
-8.143729567527770996e-01 4.127184748649597168e-01 1.167223095893859863e+00 -2.495314478874206543e-01 -2.766515016555786133e-01 1.402838975191116333e-01 9.173431396484375000e-01
-8.178420066833496094e-01 3.987429738044738770e-01 1.157043933868408203e+00 -2.568427920341491699e-01 -2.762485444545745850e-01 1.321074068546295166e-01 9.166603684425354004e-01
-8.216251134872436523e-01 3.849375247955322266e-01 1.146588206291198730e+00 -2.639164924621582031e-01 -2.756572663784027100e-01 1.233401224017143250e-01 9.160504341125488281e-01
-8.247302174568176270e-01 3.702432215213775635e-01 1.136568665504455566e+00 -2.716309726238250732e-01 -2.750766873359680176e-01 1.146964356303215027e-01 9.150924682617187500e-01
-8.275988101959228516e-01 3.551501631736755371e-01 1.126478433609008789e+00 -2.793880403041839600e-01 -2.745614349842071533e-01 1.050949320197105408e-01 9.140642285346984863e-01
-8.304722309112548828e-01 3.411962985992431641e-01 1.116686820983886719e+00 -2.865260541439056396e-01 -2.740768194198608398e-01 9.587450325489044189e-02 9.130130410194396973e-01
-8.335620164871215820e-01 3.274111151695251465e-01 1.107263326644897461e+00 -2.939145267009735107e-01 -2.734614908695220947e-01 8.671615272760391235e-02 9.117639064788818359e-01
-8.362157344818115234e-01 3.134350776672363281e-01 1.097879648208618164e+00 -3.013049960136413574e-01 -2.727760672569274902e-01 7.753263413906097412e-02 9.103830456733703613e-01
-8.392972350120544434e-01 2.998926937580108643e-01 1.088747501373291016e+00 -3.085206449031829834e-01 -2.719857692718505859e-01 6.833822280168533325e-02 9.089382886886596680e-01
-8.425956368446350098e-01 2.863776087760925293e-01 1.079286575317382812e+00 -3.155425190925598145e-01 -2.709520459175109863e-01 5.884036049246788025e-02 9.074997305870056152e-01
-8.446136713027954102e-01 2.731196582317352295e-01 1.070140838623046875e+00 -3.225357830524444580e-01 -2.705169022083282471e-01 5.033495649695396423e-02 9.056807756423950195e-01
-8.473669886589050293e-01 2.596226930618286133e-01 1.061016201972961426e+00 -3.296283185482025146e-01 -2.696816325187683105e-01 4.081426933407783508e-02 9.038535356521606445e-01
-8.500266671180725098e-01 2.460039108991622925e-01 1.052047014236450195e+00 -3.366941809654235840e-01 -2.688654959201812744e-01 3.157689049839973450e-02 9.018599390983581543e-01
-8.523121476173400879e-01 2.336207032203674316e-01 1.043779253959655762e+00 -3.436161279678344727e-01 -2.680259644985198975e-01 2.257070317864418030e-02 8.997670412063598633e-01
