-0.000000000000000000e+00 -0.000000000000000000e+00 -0.000000000000000000e+00 -0.000000000000000000e+00 -0.000000000000000000e+00 -0.000000000000000000e+00 1.000000000000000000e+00
-0.000000000000000000e+00 -0.000000000000000000e+00 -0.000000000000000000e+00 -0.000000000000000000e+00 -0.000000000000000000e+00 -0.000000000000000000e+00 1.000000000000000000e+00
1.441200263798236847e-02 1.204406004399061203e-02 1.996772363781929016e-02 -5.110809579491615295e-03 1.261527300812304020e-03 -2.302492503076791763e-03 9.999835491180419922e-01
2.102117985486984253e-02 1.844835095107555389e-02 3.035125508904457092e-02 -7.833997718989849091e-03 3.134661819785833359e-03 -3.034363733604550362e-03 9.999598264694213867e-01
2.716245688498020172e-02 2.530177496373653412e-02 3.964416682720184326e-02 -9.747842326760292053e-03 5.700564943253993988e-03 -4.774689208716154099e-03 9.999248981475830078e-01
2.716245688498020172e-02 2.530177496373653412e-02 3.964416682720184326e-02 -9.747842326760292053e-03 5.700564943253993988e-03 -4.774689208716154099e-03 9.999248981475830078e-01
3.888439014554023743e-02 3.802914544939994812e-02 5.893455818295478821e-02 -1.303402055054903030e-02 1.300017908215522766e-02 -9.998410940170288086e-03 9.997805356979370117e-01
3.888439014554023743e-02 3.802914544939994812e-02 5.893455818295478821e-02 -1.303402055054903030e-02 1.300017908215522766e-02 -9.998410940170288086e-03 9.997805356979370117e-01
4.964181035757064819e-02 5.151440203189849854e-02 7.841780036687850952e-02 -1.696967892348766327e-02 2.380114607512950897e-02 -1.685069315135478973e-02 9.994306564331054688e-01
4.964181035757064819e-02 5.151440203189849854e-02 7.841780036687850952e-02 -1.696967892348766327e-02 2.380114607512950897e-02 -1.685069315135478973e-02 9.994306564331054688e-01
6.062513962388038635e-02 6.253699958324432373e-02 9.509285539388656616e-02 -2.147102728486061096e-02 3.550996258854866028e-02 -2.373868972063064575e-02 9.988566040992736816e-01
6.062513962388038635e-02 6.253699958324432373e-02 9.509285539388656616e-02 -2.147102728486061096e-02 3.550996258854866028e-02 -2.373868972063064575e-02 9.988566040992736816e-01
7.142934203147888184e-02 7.212528586387634277e-02 1.078956648707389832e-01 -2.564517408609390259e-02 4.723895713686943054e-02 -3.048613853752613068e-02 9.980888962745666504e-01
7.481119781732559204e-02 7.664767652750015259e-02 1.165728718042373657e-01 -2.806892804801464081e-02 5.431006848812103271e-02 -3.500963747501373291e-02 9.975153803825378418e-01
8.015588670969009399e-02 8.137456327676773071e-02 1.232493370771408081e-01 -2.985870279371738434e-02 6.045726686716079712e-02 -3.879496455192565918e-02 9.969695806503295898e-01
8.614925295114517212e-02 8.612016588449478149e-02 1.306228488683700562e-01 -3.171113505959510803e-02 6.568916887044906616e-02 -4.308563843369483948e-02 9.964050650596618652e-01
9.732343256473541260e-02 8.140602707862854004e-02 1.271266937255859375e-01 -3.476272895932197571e-02 6.674190610647201538e-02 -4.250241070985794067e-02 9.962583780288696289e-01
1.046131700277328491e-01 8.639334887266159058e-02 1.354493498802185059e-01 -3.649876639246940613e-02 7.185047864913940430e-02 -4.561273753643035889e-02 9.957032203674316406e-01
1.124457344412803650e-01 9.158516675233840942e-02 1.436669081449508667e-01 -3.795805200934410095e-02 7.667498290538787842e-02 -4.864997789263725281e-02 9.951449036598205566e-01
1.182369887828826904e-01 9.719246625900268555e-02 1.504805535078048706e-01 -3.890046104788780212e-02 8.305682986974716187e-02 -5.176788568496704102e-02 9.944388270378112793e-01
1.307624131441116333e-01 1.019439995288848877e-01 1.572148799896240234e-01 -3.960768878459930420e-02 8.504714816808700562e-02 -5.005056411027908325e-02 9.943305850028991699e-01
1.470061838626861572e-01 1.046597957611083984e-01 1.572312414646148682e-01 -3.889080882072448730e-02 8.551868051290512085e-02 -4.854035004973411560e-02 9.943932294845581055e-01
1.623372137546539307e-01 1.089757531881332397e-01 1.610051989555358887e-01 -3.879561275243759155e-02 8.715001493692398071e-02 -4.649303853511810303e-02 9.943531751632690430e-01
1.746792793273925781e-01 1.134438142180442810e-01 1.652989536523818970e-01 -3.867527469992637634e-02 9.059097617864608765e-02 -4.567512124776840210e-02 9.940881729125976562e-01
2.180213779211044312e-01 1.201849281787872314e-01 1.812179684638977051e-01 -3.479468077421188354e-02 6.827693432569503784e-02 -4.217032343149185181e-02 9.961673617362976074e-01
2.325721979141235352e-01 1.199583336710929871e-01 1.887962818145751953e-01 -3.448363021016120911e-02 6.883084028959274292e-02 -4.090324416756629944e-02 9.961928129196166992e-01
2.481482625007629395e-01 1.196414381265640259e-01 1.974699944257736206e-01 -3.385870903730392456e-02 6.913081556558609009e-02 -3.989664092659950256e-02 9.962343573570251465e-01
2.636718451976776123e-01 1.210493817925453186e-01 2.070991843938827515e-01 -3.398723155260086060e-02 6.906537711620330811e-02 -3.809129446744918823e-02 9.963051080703735352e-01
2.771961987018585205e-01 1.255904138088226318e-01 2.155335843563079834e-01 -3.248409181833267212e-02 6.945109367370605469e-02 -3.710229694843292236e-02 9.963658452033996582e-01
2.912299335002899170e-01 1.324744224548339844e-01 2.219686955213546753e-01 -3.071075864136219025e-02 7.020406424999237061e-02 -3.593942150473594666e-02 9.964118599891662598e-01
3.059678077697753906e-01 1.348378658294677734e-01 2.277663946151733398e-01 -3.086833655834197998e-02 7.027723640203475952e-02 -3.683531656861305237e-02 9.963691830635070801e-01
3.186546266078948975e-01 1.376950442790985107e-01 2.316228747367858887e-01 -2.979646250605583191e-02 7.139790058135986328e-02 -3.836052492260932922e-02 9.962645769119262695e-01
3.313795030117034912e-01 1.350967586040496826e-01 2.413209676742553711e-01 -3.479565307497978210e-02 6.792446970939636230e-02 -4.264278709888458252e-02 9.961712956428527832e-01
3.385781347751617432e-01 1.435817927122116089e-01 2.514184117317199707e-01 -3.437025845050811768e-02 6.701017916202545166e-02 -4.249694198369979858e-02 9.962542057037353516e-01
3.385945260524749756e-01 1.542028337717056274e-01 2.633570134639739990e-01 -3.438270092010498047e-02 6.761524826288223267e-02 -4.261617735028266907e-02 9.962078332901000977e-01
3.393231630325317383e-01 1.662238091230392456e-01 2.797499895095825195e-01 -3.470653668045997620e-02 6.624720245599746704e-02 -4.238184168934822083e-02 9.962984919548034668e-01
3.415742814540863037e-01 1.766583025455474854e-01 2.917174994945526123e-01 -3.438352420926094055e-02 6.593184918165206909e-02 -4.158871993422508240e-02 9.963639974594116211e-01
3.415892422199249268e-01 1.832617521286010742e-01 2.996210157871246338e-01 -3.503318503499031067e-02 6.673085689544677734e-02 -4.387165233492851257e-02 9.961902499198913574e-01
3.443505167961120605e-01 1.989626288414001465e-01 3.181200325489044189e-01 -3.483566269278526306e-02 6.493747234344482422e-02 -4.244783148169517517e-02 9.963774085044860840e-01
3.499184846878051758e-01 2.126519978046417236e-01 3.278011083602905273e-01 -3.332947567105293274e-02 6.473892182111740112e-02 -4.093305766582489014e-02 9.965052008628845215e-01
3.456050753593444824e-01 2.228169739246368408e-01 3.402908742427825928e-01 -3.465408086776733398e-02 6.716849654912948608e-02 -4.303087294101715088e-02 9.962107539176940918e-01
3.479683399200439453e-01 2.335147261619567871e-01 3.513975441455841064e-01 -3.584125638008117676e-02 6.698470562696456909e-02 -4.428225010633468628e-02 9.961262941360473633e-01
3.503200709819793701e-01 2.483489066362380981e-01 3.637536168098449707e-01 -3.478895127773284912e-02 6.727448850870132446e-02 -4.340243712067604065e-02 9.961827993392944336e-01
3.520957827568054199e-01 2.644618153572082520e-01 3.783146142959594727e-01 -3.358096629381179810e-02 6.755491346120834351e-02 -4.264605790376663208e-02 9.962379336357116699e-01
3.555977642536163330e-01 2.735850512981414795e-01 3.892789483070373535e-01 -3.556722030043601990e-02 6.710668653249740601e-02 -4.255886748433113098e-02 9.962030053138732910e-01
3.589840829372406006e-01 2.869849205017089844e-01 3.997990489006042480e-01 -3.400981426239013672e-02 6.752063333988189697e-02 -4.126473888754844666e-02 9.962838888168334961e-01
3.599282205104827881e-01 2.977419495582580566e-01 4.122380614280700684e-01 -3.478482365608215332e-02 6.782367825508117676e-02 -4.247598722577095032e-02 9.961856007575988770e-01
3.609815835952758789e-01 3.027019202709197998e-01 4.184091985225677490e-01 -3.545392677187919617e-02 6.638439744710922241e-02 -4.441598430275917053e-02 9.961743950843811035e-01
3.623684644699096680e-01 3.123574852943420410e-01 4.287073910236358643e-01 -3.577786684036254883e-02 6.647554039955139160e-02 -4.398481547832489014e-02 9.961758852005004883e-01
3.631784915924072266e-01 3.211761415004730225e-01 4.396025836467742920e-01 -3.640462830662727356e-02 6.599430739879608154e-02 -4.463883116841316223e-02 9.961560964584350586e-01
3.648463785648345947e-01 3.300512135028839111e-01 4.474225044250488281e-01 -3.568951413035392761e-02 6.646812707185745239e-02 -4.492118209600448608e-02 9.961377382278442383e-01
3.644168972969055176e-01 3.385889530181884766e-01 4.579615592956542969e-01 -3.589228540658950806e-02 6.661282479763031006e-02 -4.450811445713043213e-02 9.961393475532531738e-01
3.664279878139495850e-01 3.484356701374053955e-01 4.680401384830474854e-01 -3.557972609996795654e-02 6.625360250473022461e-02 -4.417499154806137085e-02 9.961892962455749512e-01
3.645246326923370361e-01 3.563508093357086182e-01 4.819419384002685547e-01 -3.675689548254013062e-02 6.597128510475158691e-02 -4.517931118607521057e-02 9.961202740669250488e-01
3.661217987537384033e-01 3.594087958335876465e-01 4.899310469627380371e-01 -3.888175264000892639e-02 6.091119349002838135e-02 -4.941498115658760071e-02 9.961607456207275391e-01
3.653097748756408691e-01 3.658323585987091064e-01 4.990563988685607910e-01 -3.894607350230216980e-02 6.135474890470504761e-02 -4.937647655606269836e-02 9.961329102516174316e-01
3.642033934593200684e-01 3.729211688041687012e-01 5.086194872856140137e-01 -3.830727562308311462e-02 6.170788034796714783e-02 -4.828371107578277588e-02 9.961894154548645020e-01
3.625904023647308350e-01 3.782832324504852295e-01 5.186758041381835938e-01 -3.899682685732841492e-02 6.134951487183570862e-02 -4.963614046573638916e-02 9.961183667182922363e-01
3.608259558677673340e-01 3.829877972602844238e-01 5.275766849517822266e-01 -3.880805149674415588e-02 6.069907173514366150e-02 -4.975655302405357361e-02 9.961595535278320312e-01
3.585028350353240967e-01 3.854950964450836182e-01 5.358660221099853516e-01 -4.037622734904289246e-02 5.944648385047912598e-02 -5.148852989077568054e-02 9.960848093032836914e-01
3.552338480949401855e-01 3.880088925361633301e-01 5.443390607833862305e-01 -3.959849849343299866e-02 6.079617142677307129e-02 -4.999291524291038513e-02 9.961106777191162109e-01
3.523685038089752197e-01 3.912043869495391846e-01 5.485510230064392090e-01 -3.910439833998680115e-02 6.045589596033096313e-02 -5.064723268151283264e-02 9.961178898811340332e-01
3.488578200340270996e-01 3.944134414196014404e-01 5.549291968345642090e-01 -4.009891673922538757e-02 5.958622321486473083e-02 -5.118901282548904419e-02 9.961030483245849609e-01
3.451540172100067139e-01 3.935520946979522705e-01 5.600752234458923340e-01 -4.341481998562812805e-02 5.677764490246772766e-02 -5.544795840978622437e-02 9.959001541137695312e-01
3.684256970882415771e-01 4.237021207809448242e-01 5.688822865486145020e-01 -7.722488604485988617e-03 2.003646083176136017e-02 2.083577774465084076e-02 9.995523095130920410e-01
3.636846840381622314e-01 4.274557232856750488e-01 5.742992758750915527e-01 -4.952461458742618561e-03 2.214989252388477325e-02 2.531723491847515106e-02 9.994218349456787109e-01
3.593043088912963867e-01 4.293664693832397461e-01 5.812262892723083496e-01 -5.839855875819921494e-03 2.175223454833030701e-02 2.251154929399490356e-02 9.994928836822509766e-01
3.539302349090576172e-01 4.312834143638610840e-01 5.881687402725219727e-01 -6.831172388046979904e-03 2.044782601296901703e-02 2.207379788160324097e-02 9.995238780975341797e-01
3.518616557121276855e-01 4.344344735145568848e-01 5.957875847816467285e-01 -8.407345972955226898e-03 1.832107827067375183e-02 2.011474221944808960e-02 9.995944499969482422e-01
3.486347198486328125e-01 4.407005906105041504e-01 5.985660552978515625e-01 -6.791528780013322830e-03 2.003090456128120422e-02 2.081818878650665283e-02 9.995595812797546387e-01
3.476525545120239258e-01 4.449754655361175537e-01 6.103815436363220215e-01 -8.076227270066738129e-03 1.967601105570793152e-02 1.961603574454784393e-02 9.995813965797424316e-01
3.468969166278839111e-01 4.444838464260101318e-01 6.116574406623840332e-01 -8.706763386726379395e-03 1.912629976868629456e-02 2.075220458209514618e-02 9.995638132095336914e-01
3.473361432552337646e-01 4.480510354042053223e-01 6.167118549346923828e-01 -5.418349523097276688e-03 2.201174385845661163e-02 2.254765480756759644e-02 9.994887709617614746e-01
3.667456507682800293e-01 4.794591963291168213e-01 6.390366554260253906e-01 1.061495486646890640e-02 -4.869554191827774048e-02 1.272470951080322266e-01 9.906181097030639648e-01
3.679205775260925293e-01 4.846719801425933838e-01 6.450959444046020508e-01 1.138143241405487061e-02 -5.558868497610092163e-02 1.347640156745910645e-01 9.892517328262329102e-01
3.684501349925994873e-01 4.931538701057434082e-01 6.539580821990966797e-01 1.485379133373498917e-02 -6.327162683010101318e-02 1.425061523914337158e-01 9.876579046249389648e-01
3.681351244449615479e-01 5.030578374862670898e-01 6.685531139373779297e-01 1.413659285753965378e-02 -6.950345635414123535e-02 1.458474546670913696e-01 9.867613911628723145e-01
3.667626082897186279e-01 5.081972479820251465e-01 6.751899123191833496e-01 1.525158621370792389e-02 -7.232052087783813477e-02 1.532205641269683838e-01 9.854241013526916504e-01
3.660523295402526855e-01 5.155891776084899902e-01 6.859015226364135742e-01 1.584553904831409454e-02 -7.602253556251525879e-02 1.542887836694717407e-01 9.849693179130554199e-01
3.665363788604736328e-01 5.238850116729736328e-01 6.953155398368835449e-01 1.674525253474712372e-02 -7.936152070760726929e-02 1.564833223819732666e-01 9.843446612358093262e-01
3.652689754962921143e-01 5.303283929824829102e-01 7.051114439964294434e-01 1.961698289960622787e-03 -8.527830243110656738e-02 1.543551236391067505e-01 9.843263030052185059e-01
3.650360107421875000e-01 5.379092097282409668e-01 7.147034406661987305e-01 -1.556338369846343994e-02 -9.124042838811874390e-02 1.505162119865417480e-01 9.842651486396789551e-01
3.670910596847534180e-01 5.470785498619079590e-01 7.226424217224121094e-01 -3.453494980931282043e-02 -9.776183962821960449e-02 1.448291391134262085e-01 9.840093851089477539e-01
3.672238886356353760e-01 5.548256039619445801e-01 7.323864102363586426e-01 -5.625376477837562561e-02 -1.034259349107742310e-01 1.372456699609756470e-01 9.835152626037597656e-01
3.677253127098083496e-01 5.630832314491271973e-01 7.426506280899047852e-01 -7.969027757644653320e-02 -1.088083684444427490e-01 1.289672702550888062e-01 9.824345707893371582e-01
3.659321069717407227e-01 5.699347257614135742e-01 7.525007128715515137e-01 -1.047031134366989136e-01 -1.128709390759468079e-01 1.176559031009674072e-01 9.810476899147033691e-01
3.600078225135803223e-01 5.782513022422790527e-01 7.675037384033203125e-01 -1.308942437171936035e-01 -1.171480417251586914e-01 1.070000380277633667e-01 9.786184430122375488e-01
3.570665121078491211e-01 5.864413380622863770e-01 7.794824838638305664e-01 -1.575895249843597412e-01 -1.220099478960037231e-01 9.537856280803680420e-02 9.752856492996215820e-01
3.542845249176025391e-01 5.929640531539916992e-01 7.906250953674316406e-01 -1.849510520696640015e-01 -1.266647875308990479e-01 8.290586620569229126e-02 9.710178971290588379e-01
3.534727394580841064e-01 5.999941825866699219e-01 8.014731407165527344e-01 -2.125229835510253906e-01 -1.315401047468185425e-01 7.098840177059173584e-02 9.656562209129333496e-01
3.497514128684997559e-01 6.073862910270690918e-01 8.133631348609924316e-01 -2.397089302539825439e-01 -1.363447755575180054e-01 5.817517265677452087e-02 9.594610333442687988e-01
3.455650210380554199e-01 6.144345402717590332e-01 8.259366154670715332e-01 -2.664594054222106934e-01 -1.413601934909820557e-01 4.674338176846504211e-02 9.522771835327148438e-01
3.413147330284118652e-01 6.209815740585327148e-01 8.390189409255981445e-01 -2.932389080524444580e-01 -1.460808068513870239e-01 3.532397374510765076e-02 9.441523551940917969e-01
3.375734686851501465e-01 6.267259120941162109e-01 8.478588461875915527e-01 -3.185456693172454834e-01 -1.502193361520767212e-01 2.500799112021923065e-02 9.355947375297546387e-01
3.334645926952362061e-01 6.340113878250122070e-01 8.608717918395996094e-01 -3.427533507347106934e-01 -1.556779444217681885e-01 1.621130108833312988e-02 9.262946844100952148e-01
3.287299275398254395e-01 6.414703726768493652e-01 8.731187582015991211e-01 -3.650446236133575439e-01 -1.606613397598266602e-01 8.200264535844326019e-03 9.169859290122985840e-01
3.242064714431762695e-01 6.480689048767089844e-01 8.859434127807617188e-01 -3.865116238594055176e-01 -1.660643815994262695e-01 1.629440230317413807e-03 9.072093963623046875e-01
3.191480934619903564e-01 6.556668877601623535e-01 8.987454175949096680e-01 -4.058599472045898438e-01 -1.720298975706100464e-01 -2.327705733478069305e-03 8.975957036018371582e-01
3.160143494606018066e-01 6.612923145294189453e-01 9.084230661392211914e-01 -4.227547049522399902e-01 -1.787721067667007446e-01 -4.062715917825698853e-03 8.884269595146179199e-01
3.109382092952728271e-01 6.683579087257385254e-01 9.212527275085449219e-01 -4.379201829433441162e-01 -1.856745481491088867e-01 -4.647805821150541306e-03 8.796188831329345703e-01
3.058302998542785645e-01 6.754830479621887207e-01 9.340400099754333496e-01 -4.508346319198608398e-01 -1.927052587270736694e-01 -1.969842938706278801e-03 8.715555071830749512e-01
3.010655343532562256e-01 6.822470426559448242e-01 9.469189643859863281e-01 -4.613883495330810547e-01 -2.012743353843688965e-01 2.719572745263576508e-03 8.640613555908203125e-01
2.959288358688354492e-01 6.887798309326171875e-01 9.596643447875976562e-01 -4.697087407112121582e-01 -2.096676081418991089e-01 9.903640486299991608e-03 8.575052022933959961e-01
2.906702160835266113e-01 6.959945559501647949e-01 9.723843336105346680e-01 -4.756346046924591064e-01 -2.187483608722686768e-01 1.889553666114807129e-02 8.518003821372985840e-01
2.848809659481048584e-01 7.029939889907836914e-01 9.856858849525451660e-01 -4.798638522624969482e-01 -2.280600965023040771e-01 2.998868189752101898e-02 8.466522097587585449e-01
2.789294421672821045e-01 7.099398374557495117e-01 9.994100332260131836e-01 -4.823487997055053711e-01 -2.377928942441940308e-01 4.279362037777900696e-02 8.419994115829467773e-01
2.721203267574310303e-01 7.160817384719848633e-01 1.012463092803955078e+00 -4.829581975936889648e-01 -2.474449574947357178e-01 5.683274939656257629e-02 8.380289673805236816e-01
2.652211785316467285e-01 7.226512432098388672e-01 1.026174306869506836e+00 -4.816887974739074707e-01 -2.577874660491943359e-01 7.264015078544616699e-02 8.344129920005798340e-01
2.573145627975463867e-01 7.286978960037231445e-01 1.040035963058471680e+00 -4.790829420089721680e-01 -2.680542171001434326e-01 8.915891498327255249e-02 8.310699462890625000e-01
2.489756643772125244e-01 7.345424890518188477e-01 1.052948117256164551e+00 -4.743340313434600830e-01 -2.786927521228790283e-01 1.073936596512794495e-01 8.281329870223999023e-01
2.391579747200012207e-01 7.400753498077392578e-01 1.066257357597351074e+00 -4.681818187236785889e-01 -2.891915142536163330e-01 1.262182593345642090e-01 8.253745436668395996e-01
2.284801304340362549e-01 7.454589605331420898e-01 1.078837156295776367e+00 -4.604145884513854980e-01 -3.001059591770172119e-01 1.457330286502838135e-01 8.226279616355895996e-01
2.168189287185668945e-01 7.500598430633544922e-01 1.090603351593017578e+00 -4.511106908321380615e-01 -3.110676109790802002e-01 1.660771816968917847e-01 8.198503255844116211e-01
2.031830549240112305e-01 7.539426088333129883e-01 1.101007699966430664e+00 -4.404153227806091309e-01 -3.214453458786010742e-01 1.865359544754028320e-01 8.172585964202880859e-01
1.894225478172302246e-01 7.595784664154052734e-01 1.110662698745727539e+00 -4.282578229904174805e-01 -3.318008184432983398e-01 2.072928994894027710e-01 8.145754933357238770e-01
1.775662302970886230e-01 7.685921788215637207e-01 1.120541930198669434e+00 -4.147422611713409424e-01 -3.421970903873443604e-01 2.281133979558944702e-01 8.116983771324157715e-01
1.652616262435913086e-01 7.741905450820922852e-01 1.131272315979003906e+00 -4.003254473209381104e-01 -3.520579636096954346e-01 2.487294226884841919e-01 8.086583614349365234e-01
1.527176499366760254e-01 7.781190872192382812e-01 1.141824126243591309e+00 -3.851631879806518555e-01 -3.617195487022399902e-01 2.688171267509460449e-01 8.053233623504638672e-01
1.397818326950073242e-01 7.816672921180725098e-01 1.151347160339355469e+00 -3.687797188758850098e-01 -3.706973493099212646e-01 2.883795201778411865e-01 8.021360635757446289e-01
1.277216076850891113e-01 7.849344015121459961e-01 1.160573959350585938e+00 -3.516916334629058838e-01 -3.795512020587921143e-01 3.079395890235900879e-01 7.983903884887695312e-01
1.154634952545166016e-01 7.881942987442016602e-01 1.169553518295288086e+00 -3.342414200305938721e-01 -3.879263103008270264e-01 3.262222707271575928e-01 7.945910692214965820e-01
1.035966277122497559e-01 7.914273142814636230e-01 1.177887678146362305e+00 -3.157861828804016113e-01 -3.960200250148773193e-01 3.437005579471588135e-01 7.907700538635253906e-01
9.190791845321655273e-02 7.945876121520996094e-01 1.185917496681213379e+00 -2.973197698593139648e-01 -4.035843312740325928e-01 3.605945706367492676e-01 7.865699529647827148e-01
8.059096336364746094e-02 7.980223894119262695e-01 1.193409442901611328e+00 -2.781440615653991699e-01 -4.109141230583190918e-01 3.765487372875213623e-01 7.823020219802856445e-01
6.989550590515136719e-02 8.013614416122436523e-01 1.200247049331665039e+00 -2.575739026069641113e-01 -4.184679985046386719e-01 3.894980847835540771e-01 7.789938449859619141e-01
5.892264842987060547e-02 8.048170208930969238e-01 1.206655263900756836e+00 -2.360114902257919312e-01 -4.257059097290039062e-01 4.012775123119354248e-01 7.759184241294860840e-01
4.788637161254882812e-02 8.083146810531616211e-01 1.212742090225219727e+00 -2.151883393526077271e-01 -4.320944249629974365e-01 4.130879640579223633e-01 7.722349166870117188e-01
3.829646110534667969e-02 8.104351758956909180e-01 1.218451976776123047e+00 -1.950950622558593750e-01 -4.377587735652923584e-01 4.245653152465820312e-01 7.681468129158020020e-01
2.845251560211181641e-02 8.130429983139038086e-01 1.223764061927795410e+00 -1.749444901943206787e-01 -4.429512023925781250e-01 4.360893964767456055e-01 7.635540366172790527e-01
1.903772354125976562e-02 8.162131309509277344e-01 1.229465246200561523e+00 -1.556027829647064209e-01 -4.477079808712005615e-01 4.476206898689270020e-01 7.582751512527465820e-01
1.064145565032958984e-02 8.184583187103271484e-01 1.233734488487243652e+00 -1.369624286890029907e-01 -4.520461857318878174e-01 4.588001668453216553e-01 7.525941729545593262e-01
3.662109375000000000e-04 8.215292692184448242e-01 1.237133979797363281e+00 -1.184190660715103149e-01 -4.565955996513366699e-01 4.697616696357727051e-01 7.462046146392822266e-01
-8.376955986022949219e-03 8.234580755233764648e-01 1.239798188209533691e+00 -1.012113168835639954e-01 -4.600874185562133789e-01 4.805006980895996094e-01 7.397263050079345703e-01
-1.640546321868896484e-02 8.245310187339782715e-01 1.241942644119262695e+00 -8.467391133308410645e-02 -4.634849131107330322e-01 4.905595481395721436e-01 7.330508232116699219e-01
-2.486276626586914062e-02 8.263504505157470703e-01 1.244573116302490234e+00 -6.844331324100494385e-02 -4.669531285762786865e-01 5.001248121261596680e-01 7.260478138923645020e-01
-3.253889083862304688e-02 8.260625600814819336e-01 1.245680093765258789e+00 -5.395538359880447388e-02 -4.694690704345703125e-01 5.095055699348449707e-01 7.190908789634704590e-01
-3.923058509826660156e-02 8.263891339302062988e-01 1.247414588928222656e+00 -3.879751265048980713e-02 -4.725375473499298096e-01 5.165773034095764160e-01 7.129873633384704590e-01
-4.544365406036376953e-02 8.323301076889038086e-01 1.250932455062866211e+00 -2.338938042521476746e-02 -4.767762720584869385e-01 5.247093439102172852e-01 7.048528790473937988e-01
-5.082702636718750000e-02 8.337295651435852051e-01 1.252918004989624023e+00 -9.609997272491455078e-03 -4.798930585384368896e-01 5.308668017387390137e-01 6.984202861785888672e-01
-5.637431144714355469e-02 8.346837162971496582e-01 1.254428505897521973e+00 3.133546095341444016e-03 -4.827418327331542969e-01 5.365007519721984863e-01 6.921831965446472168e-01
-6.278133392333984375e-02 8.357908725738525391e-01 1.256518363952636719e+00 4.884234629571437836e-03 -4.891925454139709473e-01 5.360622406005859375e-01 6.879710555076599121e-01
-6.781435012817382812e-02 8.360087275505065918e-01 1.256812572479248047e+00 5.882475990802049637e-03 -4.945494234561920166e-01 5.361888408660888672e-01 6.840233206748962402e-01
-7.025218009948730469e-02 8.373423218727111816e-01 1.259451150894165039e+00 7.022473961114883423e-03 -5.015579462051391602e-01 5.362703800201416016e-01 6.788257360458374023e-01
-7.589018344879150391e-02 8.380849957466125488e-01 1.260776162147521973e+00 8.666742593050003052e-03 -5.065696835517883301e-01 5.364724397659301758e-01 6.749143600463867188e-01
-7.928800582885742188e-02 8.398458957672119141e-01 1.261692285537719727e+00 1.091638766229152679e-02 -5.117067694664001465e-01 5.365660190582275391e-01 6.709202527999877930e-01
-8.145880699157714844e-02 8.402555584907531738e-01 1.263603687286376953e+00 1.160623878240585327e-02 -5.166361927986145020e-01 5.366379022598266602e-01 6.670622825622558594e-01
-8.442866802215576172e-02 8.399745821952819824e-01 1.264827609062194824e+00 1.240638922899961472e-02 -5.206055641174316406e-01 5.362414121627807617e-01 6.642748713493347168e-01
-8.607029914855957031e-02 8.402695059776306152e-01 1.266228556632995605e+00 1.261952333152294159e-02 -5.243126153945922852e-01 5.368175506591796875e-01 6.608812808990478516e-01
-8.990728855133056641e-02 8.397359251976013184e-01 1.267649173736572266e+00 1.343092508614063263e-02 -5.271419882774353027e-01 5.368799567222595215e-01 6.585597395896911621e-01
-9.130418300628662109e-02 8.402610421180725098e-01 1.268357396125793457e+00 1.387721672654151917e-02 -5.293413996696472168e-01 5.373672842979431152e-01 6.563851833343505859e-01
-9.418809413909912109e-02 8.404869437217712402e-01 1.269966602325439453e+00 1.388822123408317566e-02 -5.306116938591003418e-01 5.378690361976623535e-01 6.549468040466308594e-01
-9.482562541961669922e-02 8.404340744018554688e-01 1.269832611083984375e+00 1.367380004376173019e-02 -5.309026241302490234e-01 5.385482311248779297e-01 6.541568636894226074e-01
-9.489369392395019531e-02 8.411647081375122070e-01 1.269812583923339844e+00 1.322092488408088684e-02 -5.305129885673522949e-01 5.394985675811767578e-01 6.536991596221923828e-01
-9.566748142242431641e-02 8.411037921905517578e-01 1.270133972167968750e+00 1.262355688959360123e-02 -5.294522643089294434e-01 5.398466587066650391e-01 6.542832851409912109e-01
-9.634792804718017578e-02 8.407075405120849609e-01 1.270746827125549316e+00 1.172445621341466904e-02 -5.277901291847229004e-01 5.400242805480957031e-01 6.554951667785644531e-01
-9.625101089477539062e-02 8.409458994865417480e-01 1.270609855651855469e+00 1.135980524122714996e-02 -5.252382159233093262e-01 5.399550199508666992e-01 6.576049923896789551e-01
-9.653234481811523438e-02 8.412208557128906250e-01 1.272474646568298340e+00 1.009725313633680344e-02 -5.219230651855468750e-01 5.402501225471496582e-01 6.600183844566345215e-01
-9.674847126007080078e-02 8.415666818618774414e-01 1.271649718284606934e+00 9.410685859620571136e-03 -5.166935324668884277e-01 5.402067899703979492e-01 6.641655564308166504e-01
-9.634149074554443359e-02 8.419749140739440918e-01 1.273176908493041992e+00 7.707946002483367920e-03 -5.114914178848266602e-01 5.397788882255554199e-01 6.685476899147033691e-01
-9.764015674591064453e-02 8.410349488258361816e-01 1.273967742919921875e+00 6.791767664253711700e-03 -5.049242377281188965e-01 5.385789275169372559e-01 6.744911074638366699e-01
-9.825325012207031250e-02 8.422206640243530273e-01 1.274704456329345703e+00 -6.635206285864114761e-03 -5.025595426559448242e-01 5.298981666564941406e-01 6.830796599388122559e-01
-1.003450155258178711e-01 8.422380685806274414e-01 1.277068257331848145e+00 -2.209883183240890503e-02 -4.991815388202667236e-01 5.195561051368713379e-01 6.931023597717285156e-01
-1.023855209350585938e-01 8.412793278694152832e-01 1.277698159217834473e+00 -3.880513086915016174e-02 -4.945475161075592041e-01 5.080975890159606934e-01 7.040978074073791504e-01
-1.054141521453857422e-01 8.408295512199401855e-01 1.279642343521118164e+00 -5.591757223010063171e-02 -4.901144504547119141e-01 4.949314892292022705e-01 7.153347730636596680e-01
-1.093722581863403320e-01 8.415843248367309570e-01 1.281294465065002441e+00 -7.417433708906173706e-02 -4.844063818454742432e-01 4.813728630542755127e-01 7.267246842384338379e-01
-1.125651597976684570e-01 8.406156301498413086e-01 1.282914876937866211e+00 -9.333180636167526245e-02 -4.780151546001434326e-01 4.659620523452758789e-01 7.386948466300964355e-01
-1.152458190917968750e-01 8.400412797927856445e-01 1.284742474555969238e+00 -1.128485426306724548e-01 -4.710973799228668213e-01 4.496713876724243164e-01 7.504186630249023438e-01
-1.191645860671997070e-01 8.399756550788879395e-01 1.287276387214660645e+00 -1.325206160545349121e-01 -4.635105431079864502e-01 4.331491887569427490e-01 7.615630030632019043e-01
-1.208803653717041016e-01 8.399789333343505859e-01 1.290292024612426758e+00 -1.527873575687408447e-01 -4.559151828289031982e-01 4.160073995590209961e-01 7.718389034271240234e-01
-1.239767074584960938e-01 8.397168517112731934e-01 1.293256521224975586e+00 -1.726227998733520508e-01 -4.480924606323242188e-01 3.980279862880706787e-01 7.816573381423950195e-01
-1.270604729652404785e-01 8.391232490539550781e-01 1.295717716217041016e+00 -1.924467682838439941e-01 -4.393445849418640137e-01 3.794003427028656006e-01 7.911990880966186523e-01
-1.307002902030944824e-01 8.388095498085021973e-01 1.297540664672851562e+00 -2.115659415721893311e-01 -4.300462007522583008e-01 3.605291247367858887e-01 8.001993298530578613e-01
-1.335514783859252930e-01 8.386520743370056152e-01 1.299668788909912109e+00 -2.303026020526885986e-01 -4.211464822292327881e-01 3.418062329292297363e-01 8.079386949539184570e-01
-1.361674070358276367e-01 8.382714986801147461e-01 1.301599264144897461e+00 -2.486126422882080078e-01 -4.122924208641052246e-01 3.230098187923431396e-01 8.147830963134765625e-01
-1.383199691772460938e-01 8.379712104797363281e-01 1.303002595901489258e+00 -2.659717500209808350e-01 -4.033274054527282715e-01 3.045170605182647705e-01 8.208870291709899902e-01
-1.403843760490417480e-01 8.378388285636901855e-01 1.304067373275756836e+00 -2.821551263332366943e-01 -3.946113288402557373e-01 2.864619195461273193e-01 8.262020945549011230e-01
-1.417243480682373047e-01 8.375201225280761719e-01 1.304981470108032227e+00 -2.973626852035522461e-01 -3.864492177963256836e-01 2.689695656299591064e-01 8.305948972702026367e-01
-1.431254744529724121e-01 8.376123905181884766e-01 1.305505752563476562e+00 -3.116727471351623535e-01 -3.783924877643585205e-01 2.523881494998931885e-01 8.342538475990295410e-01
-1.441397666931152344e-01 8.375902175903320312e-01 1.306019783020019531e+00 -3.243877887725830078e-01 -3.714641332626342773e-01 2.367207556962966919e-01 8.371083736419677734e-01
-1.447451114654541016e-01 8.374377489089965820e-01 1.306433677673339844e+00 -3.360025882720947266e-01 -3.653221130371093750e-01 2.221920490264892578e-01 8.392096161842346191e-01
-1.451699137687683105e-01 8.377094864845275879e-01 1.306583881378173828e+00 -3.458544313907623291e-01 -3.602931797504425049e-01 2.093877047300338745e-01 8.406725525856018066e-01
-1.458180546760559082e-01 8.377836346626281738e-01 1.306664586067199707e+00 -3.542468845844268799e-01 -3.559924066066741943e-01 1.977468430995941162e-01 8.418282866477966309e-01
-1.461399495601654053e-01 8.377204537391662598e-01 1.307023763656616211e+00 -3.616813421249389648e-01 -3.528011441230773926e-01 1.872361153364181519e-01 8.424135446548461914e-01
-1.469231247901916504e-01 8.377063274383544922e-01 1.307202696800231934e+00 -3.679984211921691895e-01 -3.497553765773773193e-01 1.781429052352905273e-01 8.429196476936340332e-01
-1.475705206394195557e-01 8.375195264816284180e-01 1.307670354843139648e+00 -3.733278214931488037e-01 -3.477819859981536865e-01 1.698056757450103760e-01 8.431133627891540527e-01
-1.483046412467956543e-01 8.370745182037353516e-01 1.308304905891418457e+00 -3.780959844589233398e-01 -3.462370634078979492e-01 1.623943150043487549e-01 8.430845141410827637e-01
-1.494503021240234375e-01 8.369685411453247070e-01 1.308773040771484375e+00 -3.816340863704681396e-01 -3.448900878429412842e-01 1.556530743837356567e-01 8.433139324188232422e-01
-1.505641043186187744e-01 8.367885351181030273e-01 1.309281826019287109e+00 -3.845907151699066162e-01 -3.434888422489166260e-01 1.499738544225692749e-01 8.435717821121215820e-01
-1.520306169986724854e-01 8.366833329200744629e-01 1.309963822364807129e+00 -3.871063292026519775e-01 -3.421967625617980957e-01 1.446103602647781372e-01 8.438826799392700195e-01
-1.531179845333099365e-01 8.362983465194702148e-01 1.310591697692871094e+00 -3.892269134521484375e-01 -3.408176004886627197e-01 1.402614563703536987e-01 8.441993594169616699e-01
-1.546305418014526367e-01 8.362715244293212891e-01 1.311298251152038574e+00 -3.910746574401855469e-01 -3.388268053531646729e-01 1.366627961397171021e-01 8.447368144989013672e-01
-1.561187207698822021e-01 8.357598781585693359e-01 1.312163591384887695e+00 -3.929587602615356445e-01 -3.365530073642730713e-01 1.327943205833435059e-01 8.453882336616516113e-01
-1.578388214111328125e-01 8.352387547492980957e-01 1.313027024269104004e+00 -3.945714235305786133e-01 -3.336580395698547363e-01 1.287386119365692139e-01 8.464112877845764160e-01
-1.599800288677215576e-01 8.348094224929809570e-01 1.313804388046264648e+00 -3.960398733615875244e-01 -3.299061357975006104e-01 1.250544339418411255e-01 8.477475047111511230e-01
-1.619969606399536133e-01 8.343092203140258789e-01 1.314734816551208496e+00 -3.977816700935363770e-01 -3.253355026245117188e-01 1.217009127140045166e-01 8.491851687431335449e-01
-1.642210483551025391e-01 8.337781429290771484e-01 1.315690517425537109e+00 -3.996556401252746582e-01 -3.196032941341400146e-01 1.177145093679428101e-01 8.510420322418212891e-01
-1.666658818721771240e-01 8.332427740097045898e-01 1.316542863845825195e+00 -4.016222357749938965e-01 -3.125219941139221191e-01 1.134242787957191467e-01 8.533256053924560547e-01
-1.691657453775405884e-01 8.324843645095825195e-01 1.317615985870361328e+00 -4.042654037475585938e-01 -3.040964901447296143e-01 1.089315637946128845e-01 8.557036519050598145e-01
-1.718855351209640503e-01 8.315526247024536133e-01 1.318739175796508789e+00 -4.072815179824829102e-01 -2.940694391727447510e-01 1.036958023905754089e-01 8.584242463111877441e-01
-1.745604872703552246e-01 8.307178616523742676e-01 1.319823980331420898e+00 -4.109793603420257568e-01 -2.822992205619812012e-01 9.788722544908523560e-02 8.612904548645019531e-01
-1.774447560310363770e-01 8.299547433853149414e-01 1.320779800415039062e+00 -4.148732721805572510e-01 -2.686079144477844238e-01 9.157720208168029785e-02 8.644903898239135742e-01
-1.803497225046157837e-01 8.289223313331604004e-01 1.321851134300231934e+00 -4.194264709949493408e-01 -2.529161274433135986e-01 8.431912958621978760e-02 8.677586913108825684e-01
-1.835684329271316528e-01 8.278002738952636719e-01 1.322937726974487305e+00 -4.244123697280883789e-01 -2.358673363924026489e-01 7.660829275846481323e-02 8.708455562591552734e-01
-1.868232637643814087e-01 8.266441822052001953e-01 1.323971748352050781e+00 -4.293395578861236572e-01 -2.174916416406631470e-01 6.858763843774795532e-02 8.738768696784973145e-01
-1.903930604457855225e-01 8.253875970840454102e-01 1.324924945831298828e+00 -4.343441128730773926e-01 -1.979822516441345215e-01 5.991863459348678589e-02 8.766744136810302734e-01
-1.941550672054290771e-01 8.243212103843688965e-01 1.325887441635131836e+00 -4.391289651393890381e-01 -1.775612682104110718e-01 5.106971040368080139e-02 8.792210817337036133e-01
-1.976044476032257080e-01 8.228248357772827148e-01 1.326945304870605469e+00 -4.440048635005950928e-01 -1.570420712232589722e-01 4.258938133716583252e-02 8.811264038085937500e-01
-2.015948295593261719e-01 8.214475512504577637e-01 1.327867388725280762e+00 -4.484117031097412109e-01 -1.357106566429138184e-01 3.368958085775375366e-02 8.828219771385192871e-01
-2.056227922439575195e-01 8.201193213462829590e-01 1.328682899475097656e+00 -4.521679878234863281e-01 -1.145777031779289246e-01 2.522304467856884003e-02 8.841831684112548828e-01
-2.097225785255432129e-01 8.184958696365356445e-01 1.329487085342407227e+00 -4.556211531162261963e-01 -9.356936067342758179e-02 1.692510023713111877e-02 8.850806951522827148e-01
-2.141317278146743774e-01 8.168005943298339844e-01 1.330225229263305664e+00 -4.584987759590148926e-01 -7.291566580533981323e-02 8.662539534270763397e-03 8.856563568115234375e-01
-2.185556143522262573e-01 8.151988983154296875e-01 1.330928564071655273e+00 -4.605689942836761475e-01 -5.320284515619277954e-02 1.249826862476766109e-03 8.860271573066711426e-01
-2.232545912265777588e-01 8.137237429618835449e-01 1.331711053848266602e+00 -4.621951580047607422e-01 -3.438419103622436523e-02 -5.714359227567911148e-03 8.860929608345031738e-01
-2.278044372797012329e-01 8.118928670883178711e-01 1.332343220710754395e+00 -4.631639719009399414e-01 -1.697051711380481720e-02 -1.145067159086465836e-02 8.860361576080322266e-01
-2.327206283807754517e-01 8.100427985191345215e-01 1.332846045494079590e+00 -4.633291065692901611e-01 -3.240586956962943077e-04 -1.561799366027116776e-02 8.860486149787902832e-01
-2.375560402870178223e-01 8.080220818519592285e-01 1.333575487136840820e+00 -4.627914130687713623e-01 1.473165024071931839e-02 -1.762332208454608917e-02 8.861696124076843262e-01
-2.428284585475921631e-01 8.064293861389160156e-01 1.333874702453613281e+00 -4.610421061515808105e-01 2.750093489885330200e-02 -1.977974362671375275e-02 8.867315053939819336e-01
-2.481276392936706543e-01 8.045341372489929199e-01 1.334384083747863770e+00 -4.588480889797210693e-01 3.723169118165969849e-02 -2.156219631433486938e-02 8.874724507331848145e-01
-2.533094584941864014e-01 8.024803400039672852e-01 1.334867000579833984e+00 -4.560985267162322998e-01 4.379436373710632324e-02 -2.253195457160472870e-02 8.885654211044311523e-01
-2.587709426879882812e-01 7.999892234802246094e-01 1.335253477096557617e+00 -4.526589214801788330e-01 4.692923277616500854e-02 -2.378546632826328278e-02 8.901302218437194824e-01
-2.643110752105712891e-01 7.979139685630798340e-01 1.335741519927978516e+00 -4.482285380363464355e-01 4.836570471525192261e-02 -2.059124223887920380e-02 8.923720717430114746e-01
-2.701970636844635010e-01 7.958360910415649414e-01 1.336213350296020508e+00 -4.428287744522094727e-01 4.713110253214836121e-02 -1.590043120086193085e-02 8.952254056930541992e-01
-2.761591672897338867e-01 7.937090992927551270e-01 1.336611032485961914e+00 -4.364542365074157715e-01 4.321693256497383118e-02 -1.007020473480224609e-02 8.986315727233886719e-01
-2.829237282276153564e-01 7.918800711631774902e-01 1.337467908859252930e+00 -4.293811321258544922e-01 3.748842701315879822e-02 -3.149213735014200211e-03 9.023395180702209473e-01
-2.889435887336730957e-01 7.894366979598999023e-01 1.338140487670898438e+00 -4.215812087059020996e-01 2.897511795163154602e-02 5.727204028517007828e-03 9.063095450401306152e-01
-2.952779531478881836e-01 7.868562936782836914e-01 1.338732957839965820e+00 -4.129447340965270996e-01 1.877602376043796539e-02 1.543020270764827728e-02 9.104318022727966309e-01
-3.015788197517395020e-01 7.841444611549377441e-01 1.339433908462524414e+00 -4.035141766071319580e-01 7.078454364091157913e-03 2.685409784317016602e-02 9.145518541336059570e-01
-3.082313239574432373e-01 7.814843654632568359e-01 1.340411663055419922e+00 -3.932535648345947266e-01 -6.167720537632703781e-03 3.881696611642837524e-02 9.185895919799804688e-01
-3.147687613964080811e-01 7.789688706398010254e-01 1.341336965560913086e+00 -3.819510936737060547e-01 -2.064663544297218323e-02 5.186729505658149719e-02 9.224949479103088379e-01
-3.215003609657287598e-01 7.757726907730102539e-01 1.342433929443359375e+00 -3.701262474060058594e-01 -3.594366461038589478e-02 6.562518328428268433e-02 9.259632825851440430e-01
-3.276253938674926758e-01 7.724168896675109863e-01 1.343750476837158203e+00 -3.579573333263397217e-01 -5.212839692831039429e-02 8.084523677825927734e-02 9.287698268890380859e-01
-3.347153067588806152e-01 7.690603733062744141e-01 1.345405578613281250e+00 -3.449231982231140137e-01 -6.832432001829147339e-02 9.567850828170776367e-02 9.312386512756347656e-01
-3.413867950439453125e-01 7.659017443656921387e-01 1.347053527832031250e+00 -3.310992419719696045e-01 -8.509404957294464111e-02 1.116707846522331238e-01 9.330927133560180664e-01
-3.489207625389099121e-01 7.623651027679443359e-01 1.349353790283203125e+00 -3.170534670352935791e-01 -1.011846363544464111e-01 1.275021135807037354e-01 9.343351125717163086e-01
-3.559746444225311279e-01 7.593134641647338867e-01 1.351621508598327637e+00 -3.020449876785278320e-01 -1.173128634691238403e-01 1.442274898290634155e-01 9.349893331527709961e-01
-3.633228540420532227e-01 7.549881339073181152e-01 1.354006171226501465e+00 -2.869977653026580811e-01 -1.327614337205886841e-01 1.605872362852096558e-01 9.349965453147888184e-01
-3.706487417221069336e-01 7.517707943916320801e-01 1.356727242469787598e+00 -2.714264392852783203e-01 -1.472042948007583618e-01 1.776992529630661011e-01 9.343883991241455078e-01
-3.780252337455749512e-01 7.482136487960815430e-01 1.359603643417358398e+00 -2.555344402790069580e-01 -1.609337925910949707e-01 1.948213130235671997e-01 9.331918954849243164e-01
-3.839306235313415527e-01 7.444207668304443359e-01 1.362277984619140625e+00 -2.399248182773590088e-01 -1.735048145055770874e-01 2.119152843952178955e-01 9.313560724258422852e-01
-3.899880349636077881e-01 7.406893372535705566e-01 1.364759445190429688e+00 -2.242859303951263428e-01 -1.843007951974868774e-01 2.285331040620803833e-01 9.292479753494262695e-01
-3.960225284099578857e-01 7.370930314064025879e-01 1.367644906044006348e+00 -2.087721526622772217e-01 -1.935371309518814087e-01 2.445624023675918579e-01 9.269017577171325684e-01
-4.009737968444824219e-01 7.338300347328186035e-01 1.370192170143127441e+00 -1.935431808233261108e-01 -2.013005614280700684e-01 2.610703110694885254e-01 9.240462779998779297e-01
-4.055789709091186523e-01 7.310404181480407715e-01 1.372156620025634766e+00 -1.779827475547790527e-01 -2.073856741189956665e-01 2.769241929054260254e-01 9.212092161178588867e-01
-4.101241230964660645e-01 7.294348478317260742e-01 1.374325633049011230e+00 -1.625776290893554688e-01 -2.122694253921508789e-01 2.926805019378662109e-01 9.180677533149719238e-01
-4.136990904808044434e-01 7.277809977531433105e-01 1.376352548599243164e+00 -1.473985761404037476e-01 -2.161213159561157227e-01 3.081305623054504395e-01 9.146698117256164551e-01
-4.165222048759460449e-01 7.271732687950134277e-01 1.376806974411010742e+00 -1.323104649782180786e-01 -2.189643681049346924e-01 3.222068250179290771e-01 9.114446640014648438e-01
-4.191495180130004883e-01 7.255872488021850586e-01 1.377930164337158203e+00 -1.183284670114517212e-01 -2.205085754394531250e-01 3.361463248729705811e-01 9.079537987709045410e-01
-4.210348427295684814e-01 7.234686017036437988e-01 1.379518747329711914e+00 -1.054519340395927429e-01 -2.212748080492019653e-01 3.492573499679565430e-01 9.043985009193420410e-01
-4.229210019111633301e-01 7.212109565734863281e-01 1.380019426345825195e+00 -9.310865402221679688e-02 -2.208068966865539551e-01 3.618471026420593262e-01 9.009116888046264648e-01
-4.238594174385070801e-01 7.203518152236938477e-01 1.381214380264282227e+00 -8.103866875171661377e-02 -2.203110754489898682e-01 3.734326958656311035e-01 8.974652886390686035e-01
-4.244789779186248779e-01 7.194588184356689453e-01 1.381496548652648926e+00 -6.949631869792938232e-02 -2.191566079854965210e-01 3.843109607696533203e-01 8.941172957420349121e-01
-4.242448210716247559e-01 7.183443307876586914e-01 1.381362318992614746e+00 -5.902744084596633911e-02 -2.174836844205856323e-01 3.948876857757568359e-01 8.906629085540771484e-01
-4.242243766784667969e-01 7.179150581359863281e-01 1.381618142127990723e+00 -4.901704192161560059e-02 -2.159305512905120850e-01 4.039203524589538574e-01 8.875921368598937988e-01
-4.247292876243591309e-01 7.174805402755737305e-01 1.381875991821289062e+00 -3.975337743759155273e-02 -2.137977629899978638e-01 4.129651486873626709e-01 8.844038248062133789e-01
-4.280011057853698730e-01 7.178036570549011230e-01 1.381072521209716797e+00 -3.030060231685638428e-02 -2.111907154321670532e-01 4.207533597946166992e-01 8.817295432090759277e-01
-4.298454523086547852e-01 7.158705592155456543e-01 1.381603717803955078e+00 -2.328971587121486664e-02 -2.091299146413803101e-01 4.270551502704620361e-01 8.794010877609252930e-01
-4.326047301292419434e-01 7.137484550476074219e-01 1.382725834846496582e+00 -1.697476021945476532e-02 -2.069660127162933350e-01 4.322997033596038818e-01 8.774929642677307129e-01
-4.355664551258087158e-01 7.117018699645996094e-01 1.384568572044372559e+00 -1.183641981333494186e-02 -2.052544504404067993e-01 4.359946250915527344e-01 8.761502504348754883e-01
-4.379814863204956055e-01 7.101659774780273438e-01 1.386055946350097656e+00 -7.697773631662130356e-03 -2.045753598213195801e-01 4.391137361526489258e-01 8.747964501380920410e-01
-4.411745369434356689e-01 7.080364823341369629e-01 1.387857437133789062e+00 -4.877478815615177155e-03 -2.042618840932846069e-01 4.405872225761413574e-01 8.741489052772521973e-01
-4.445098936557769775e-01 7.055009603500366211e-01 1.390120625495910645e+00 -5.344239529222249985e-03 -2.049761861562728882e-01 4.400765001773834229e-01 8.742361664772033691e-01
-4.474958181381225586e-01 7.032885551452636719e-01 1.393148899078369141e+00 -5.724758375436067581e-03 -2.063182443380355835e-01 4.396188855171203613e-01 8.741483688354492188e-01
-4.512592554092407227e-01 7.001415491104125977e-01 1.395320773124694824e+00 -5.710430443286895752e-03 -2.078065723180770874e-01 4.377214908599853516e-01 8.747478127479553223e-01
-4.573370814323425293e-01 6.966961622238159180e-01 1.396490573883056641e+00 -5.531775299459695816e-03 -2.088495045900344849e-01 4.351716935634613037e-01 8.757721781730651855e-01
-4.635451138019561768e-01 6.936240196228027344e-01 1.397696137428283691e+00 -7.341211196035146713e-03 -2.114019691944122314e-01 4.309906661510467529e-01 8.772128820419311523e-01
-4.696634709835052490e-01 6.904119849205017090e-01 1.397833347320556641e+00 -1.011397782713174820e-02 -2.141011357307434082e-01 4.267896115779876709e-01 8.785835504531860352e-01
-4.772141575813293457e-01 6.869520545005798340e-01 1.396860837936401367e+00 -1.362009346485137939e-02 -2.168461531400680542e-01 4.213983416557312012e-01 8.804633617401123047e-01
-4.829295873641967773e-01 6.815528869628906250e-01 1.395927667617797852e+00 -1.878535374999046326e-02 -2.202765494585037231e-01 4.150484800338745117e-01 8.825305700302124023e-01
-4.900199174880981445e-01 6.754608154296875000e-01 1.394717335700988770e+00 -2.448895201086997986e-02 -2.236795574426651001e-01 4.084833860397338867e-01 8.845954537391662598e-01
-4.981947243213653564e-01 6.696172952651977539e-01 1.393425107002258301e+00 -3.047538734972476959e-02 -2.272644937038421631e-01 4.009140431880950928e-01 8.869554996490478516e-01
-5.084381699562072754e-01 6.696557998657226562e-01 1.386957764625549316e+00 -3.330902382731437683e-02 -2.301361560821533203e-01 3.940590023994445801e-01 8.891824483871459961e-01
-5.167233943939208984e-01 6.653910875320434570e-01 1.384560585021972656e+00 -3.920948132872581482e-02 -2.344967871904373169e-01 3.856255710124969482e-01 8.914970159530639648e-01
-5.250868797302246094e-01 6.587176322937011719e-01 1.382711410522460938e+00 -4.667983204126358032e-02 -2.387573122978210449e-01 3.765768408775329590e-01 8.938713073730468750e-01
-5.354581475257873535e-01 6.546518802642822266e-01 1.379998087882995605e+00 -5.315135046839714050e-02 -2.426241338253021240e-01 3.683312535285949707e-01 8.959020972251892090e-01
-5.465433597564697266e-01 6.484203338623046875e-01 1.376257658004760742e+00 -6.054567918181419373e-02 -2.461867183446884155e-01 3.592381775379180908e-01 8.981505036354064941e-01
-5.578926205635070801e-01 6.434485912322998047e-01 1.371966004371643066e+00 -6.779062747955322266e-02 -2.495650500059127808e-01 3.504839837551116943e-01 9.001570940017700195e-01
-5.678666830062866211e-01 6.387114524841308594e-01 1.369190096855163574e+00 -7.538455724716186523e-02 -2.541623115539550781e-01 3.412273228168487549e-01 9.018219113349914551e-01
-5.774316787719726562e-01 6.343435645103454590e-01 1.366499900817871094e+00 -8.337749540805816650e-02 -2.590196728706359863e-01 3.320730626583099365e-01 9.031525850296020508e-01
-5.882638692855834961e-01 6.310222744941711426e-01 1.362543821334838867e+00 -9.024373441934585571e-02 -2.632219195365905762e-01 3.235788941383361816e-01 9.043600559234619141e-01
-6.004194021224975586e-01 6.259115934371948242e-01 1.356658935546875000e+00 -9.718712419271469116e-02 -2.662205100059509277e-01 3.149901032447814941e-01 9.057939052581787109e-01
-6.120113134384155273e-01 6.201529502868652344e-01 1.351538777351379395e+00 -1.043006405234336853e-01 -2.699414491653442383e-01 3.067997992038726807e-01 9.067121744155883789e-01
-6.243021488189697266e-01 6.154797673225402832e-01 1.345613479614257812e+00 -1.103566437959671021e-01 -2.731122076511383057e-01 2.993572950363159180e-01 9.075331687927246094e-01
-6.362121105194091797e-01 6.096704006195068359e-01 1.339673876762390137e+00 -1.168114617466926575e-01 -2.760367095470428467e-01 2.921935617923736572e-01 9.081749916076660156e-01
-6.494773626327514648e-01 6.028151512145996094e-01 1.333209037780761719e+00 -1.233237013220787048e-01 -2.785255908966064453e-01 2.847783267498016357e-01 9.089093208312988281e-01
-6.625534892082214355e-01 5.964614152908325195e-01 1.326346397399902344e+00 -1.291461884975433350e-01 -2.806981205940246582e-01 2.780424058437347412e-01 9.095176458358764648e-01
-6.760089993476867676e-01 5.910971760749816895e-01 1.319533824920654297e+00 -1.342779397964477539e-01 -2.829039096832275391e-01 2.720446288585662842e-01 9.099047183990478516e-01
-6.886947751045227051e-01 5.840454697608947754e-01 1.312578558921813965e+00 -1.400125175714492798e-01 -2.852461934089660645e-01 2.658109962940216064e-01 9.101514220237731934e-01
-7.023611068725585938e-01 5.762865543365478516e-01 1.304535746574401855e+00 -1.457207202911376953e-01 -2.868943810462951660e-01 2.596441209316253662e-01 9.105175137519836426e-01
-7.152571678161621094e-01 5.673935413360595703e-01 1.297214508056640625e+00 -1.520005166530609131e-01 -2.887972295284271240e-01 2.532103061676025391e-01 9.107011556625366211e-01
-7.268061637878417969e-01 5.585899949073791504e-01 1.288753151893615723e+00 -1.578678339719772339e-01 -2.911628186702728271e-01 2.472332119941711426e-01 9.105920195579528809e-01
-7.377891540527343750e-01 5.487529039382934570e-01 1.277137637138366699e+00 -1.630121767520904541e-01 -2.921902537345886230e-01 2.414245307445526123e-01 9.109150171279907227e-01
-7.449342012405395508e-01 5.383628010749816895e-01 1.264417529106140137e+00 -1.686972528696060181e-01 -2.935459613800048828e-01 2.355000674724578857e-01 9.109948873519897461e-01
-7.511955499649047852e-01 5.283235907554626465e-01 1.250346660614013672e+00 -1.741079241037368774e-01 -2.943433821201324463e-01 2.298211008310317993e-01 9.111700057983398438e-01
-7.561186552047729492e-01 5.179519653320312500e-01 1.237259149551391602e+00 -1.802230328321456909e-01 -2.958723008632659912e-01 2.243426293134689331e-01 9.108511209487915039e-01
-7.619317173957824707e-01 5.078471899032592773e-01 1.224237799644470215e+00 -1.858205944299697876e-01 -2.965205311775207520e-01 2.183966487646102905e-01 9.109606146812438965e-01
-7.653904557228088379e-01 4.968640804290771484e-01 1.211480379104614258e+00 -1.919418275356292725e-01 -2.980097532272338867e-01 2.120243757963180542e-01 9.107108712196350098e-01
-7.699331045150756836e-01 4.856883883476257324e-01 1.198796033859252930e+00 -1.978087574243545532e-01 -2.986549735069274902e-01 2.054911255836486816e-01 9.107416272163391113e-01
-7.737134695053100586e-01 4.748336374759674072e-01 1.187013387680053711e+00 -2.037269771099090576e-01 -2.995293736457824707e-01 1.991879045963287354e-01 9.105502367019653320e-01
-7.772834300994873047e-01 4.617254137992858887e-01 1.174815177917480469e+00 -2.104827165603637695e-01 -3.000483512878417969e-01 1.921870261430740356e-01 9.103472828865051270e-01
-7.814947962760925293e-01 4.503538906574249268e-01 1.162538766860961914e+00 -2.162609100341796875e-01 -3.003942966461181641e-01 1.854751706123352051e-01 9.102711081504821777e-01
-7.844642996788024902e-01 4.379096627235412598e-01 1.150759935379028320e+00 -2.223007529973983765e-01 -3.009948730468750000e-01 1.783963888883590698e-01 9.100325703620910645e-01
-7.881469726562500000e-01 4.255623817443847656e-01 1.138925909996032715e+00 -2.283078581094741821e-01 -3.011869490146636963e-01 1.710687875747680664e-01 9.098886847496032715e-01
-7.911229133605957031e-01 4.121650755405426025e-01 1.127511978149414062e+00 -2.348293960094451904e-01 -3.012766242027282715e-01 1.632046252489089966e-01 9.096438288688659668e-01
-7.936977148056030273e-01 3.988606929779052734e-01 1.116832494735717773e+00 -2.416280806064605713e-01 -3.014619946479797363e-01 1.553701460361480713e-01 9.091736674308776855e-01
-7.970981597900390625e-01 3.846950829029083252e-01 1.105879306793212891e+00 -2.486180514097213745e-01 -3.009824454784393311e-01 1.466601639986038208e-01 9.088946580886840820e-01
-7.997350096702575684e-01 3.708898127079010010e-01 1.095387220382690430e+00 -2.554520368576049805e-01 -3.007734417915344238e-01 1.379057466983795166e-01 9.084390997886657715e-01
-8.013958334922790527e-01 3.574865460395812988e-01 1.085070371627807617e+00 -2.622587084770202637e-01 -3.009244501590728760e-01 1.291365772485733032e-01 9.077382087707519531e-01
-8.039669394493103027e-01 3.435871005058288574e-01 1.075053215026855469e+00 -2.694664895534515381e-01 -3.002569973468780518e-01 1.200457587838172913e-01 9.070957303047180176e-01
-8.065651655197143555e-01 3.303892016410827637e-01 1.064972400665283203e+00 -2.764098942279815674e-01 -2.995004355907440186e-01 1.107491925358772278e-01 9.064390063285827637e-01
-8.087865114212036133e-01 3.164077997207641602e-01 1.055420398712158203e+00 -2.836807072162628174e-01 -2.990254163742065430e-01 1.012848168611526489e-01 9.054559469223022461e-01
-8.105219602584838867e-01 3.024178445339202881e-01 1.045918226242065430e+00 -2.908683121204376221e-01 -2.986252903938293457e-01 9.194911271333694458e-02 9.043030738830566406e-01
-8.125030994415283203e-01 2.884835600852966309e-01 1.036664724349975586e+00 -2.981983125209808350e-01 -2.979789078235626221e-01 8.271805197000503540e-02 9.030194282531738281e-01
-8.148686885833740234e-01 2.746190428733825684e-01 1.027128338813781738e+00 -3.052596449851989746e-01 -2.970740497112274170e-01 7.320381700992584229e-02 9.017786383628845215e-01
-8.166580796241760254e-01 2.607033252716064453e-01 1.017884612083435059e+00 -3.124613463878631592e-01 -2.963586449623107910e-01 6.372737884521484375e-02 9.002656936645507812e-01
-8.175020217895507812e-01 2.466567456722259521e-01 1.008478283882141113e+00 -3.195126354694366455e-01 -2.959740459918975830e-01 5.470973998308181763e-02 8.985086679458618164e-01
-8.194188475608825684e-01 2.331781387329101562e-01 9.993731975555419922e-01 -3.264014422893524170e-01 -2.952277958393096924e-01 4.511902108788490295e-02 8.968093395233154297e-01
-8.211647272109985352e-01 2.196000814437866211e-01 9.904346466064453125e-01 -3.332366049289703369e-01 -2.945129573345184326e-01 3.578767552971839905e-02 8.949496150016784668e-01
-8.227620124816894531e-01 2.071412354707717896e-01 9.821349382400512695e-01 -3.399783074855804443e-01 -2.937567532062530518e-01 2.643050625920295715e-02 8.929855823516845703e-01
