-0.000000000000000000e+00 -0.000000000000000000e+00 -0.000000000000000000e+00 -0.000000000000000000e+00 -0.000000000000000000e+00 -0.000000000000000000e+00 1.000000000000000000e+00
-0.000000000000000000e+00 -0.000000000000000000e+00 -0.000000000000000000e+00 -0.000000000000000000e+00 -0.000000000000000000e+00 -0.000000000000000000e+00 1.000000000000000000e+00
9.590563364326953888e-03 1.004427578300237656e-02 2.196349017322063446e-02 -5.733570083975791931e-03 3.067505080252885818e-03 -3.426409326493740082e-03 9.999729990959167480e-01
9.590563364326953888e-03 1.004427578300237656e-02 2.196349017322063446e-02 -5.733570083975791931e-03 3.067505080252885818e-03 -3.426409326493740082e-03 9.999729990959167480e-01
2.108695916831493378e-02 2.356182970106601715e-02 4.419412836432456970e-02 -1.045739091932773590e-02 8.590891025960445404e-03 -7.163525093346834183e-03 9.998827576637268066e-01
2.108695916831493378e-02 2.356182970106601715e-02 4.419412836432456970e-02 -1.045739091932773590e-02 8.590891025960445404e-03 -7.163525093346834183e-03 9.998827576637268066e-01
3.393489867448806763e-02 3.400366008281707764e-02 6.522782891988754272e-02 -1.527995150536298752e-02 1.712439768016338348e-02 -1.214995421469211578e-02 9.996628165245056152e-01
3.393489867448806763e-02 3.400366008281707764e-02 6.522782891988754272e-02 -1.527995150536298752e-02 1.712439768016338348e-02 -1.214995421469211578e-02 9.996628165245056152e-01
4.645112156867980957e-02 4.393062740564346313e-02 8.407618105411529541e-02 -2.039818838238716125e-02 2.760559506714344025e-02 -1.837456785142421722e-02 9.992418289184570312e-01
4.645112156867980957e-02 4.393062740564346313e-02 8.407618105411529541e-02 -2.039818838238716125e-02 2.760559506714344025e-02 -1.837456785142421722e-02 9.992418289184570312e-01
5.712201446294784546e-02 5.455116555094718933e-02 1.058339253067970276e-01 -2.627657912671566010e-02 4.099496454000473022e-02 -2.585457451641559601e-02 9.984790682792663574e-01
5.712201446294784546e-02 5.455116555094718933e-02 1.058339253067970276e-01 -2.627657912671566010e-02 4.099496454000473022e-02 -2.585457451641559601e-02 9.984790682792663574e-01
6.681875884532928467e-02 6.331307440996170044e-02 1.242880672216415405e-01 -3.192131593823432922e-02 5.486672744154930115e-02 -3.387863561511039734e-02 9.974081516265869141e-01
6.681875884532928467e-02 6.331307440996170044e-02 1.242880672216415405e-01 -3.192131593823432922e-02 5.486672744154930115e-02 -3.387863561511039734e-02 9.974081516265869141e-01
7.576701045036315918e-02 7.319714128971099854e-02 1.437036246061325073e-01 -3.708112612366676331e-02 6.917138397693634033e-02 -4.262439534068107605e-02 9.960038065910339355e-01
7.810553908348083496e-02 7.986990362405776978e-02 1.518732309341430664e-01 -3.859265521168708801e-02 7.707034051418304443e-02 -4.809022322297096252e-02 9.951171278953552246e-01
7.547165453433990479e-02 8.753833174705505371e-02 1.531978249549865723e-01 -3.796394169330596924e-02 8.548896759748458862e-02 -5.694400519132614136e-02 9.939858317375183105e-01
8.625900745391845703e-02 8.876559883356094360e-02 1.612170487642288208e-01 -4.225319623947143555e-02 9.111955761909484863e-02 -5.622569471597671509e-02 9.933532476425170898e-01
9.289972484111785889e-02 9.890548139810562134e-02 1.744025498628616333e-01 -4.266504943370819092e-02 9.658539295196533203e-02 -5.958266556262969971e-02 9.926232099533081055e-01
1.076561436057090759e-01 1.002349033951759338e-01 1.665964871644973755e-01 -4.065212979912757874e-02 9.113632887601852417e-02 -5.945601686835289001e-02 9.932304024696350098e-01
1.134548038244247437e-01 1.050573438405990601e-01 1.750725358724594116e-01 -4.208581149578094482e-02 9.738842397928237915e-02 -6.011063233017921448e-02 9.925377368927001953e-01
1.216786652803421021e-01 1.112228035926818848e-01 1.842372119426727295e-01 -4.300792887806892395e-02 1.029649227857589722e-01 -5.980753898620605469e-02 9.919534921646118164e-01
1.292968839406967163e-01 1.161317974328994751e-01 1.921614259481430054e-01 -4.367988929152488708e-02 1.085790395736694336e-01 -5.963656306266784668e-02 9.913355708122253418e-01
1.395862251520156860e-01 1.209750846028327942e-01 1.991965323686599731e-01 -4.412029683589935303e-02 1.115047186613082886e-01 -6.109561771154403687e-02 9.909023046493530273e-01
1.537116914987564087e-01 1.297304034233093262e-01 2.104127705097198486e-01 -4.213092103600502014e-02 1.129710972309112549e-01 -6.050787866115570068e-02 9.908589124679565430e-01
1.818712055683135986e-01 1.277016699314117432e-01 2.145627439022064209e-01 -4.122244939208030701e-02 1.096493452787399292e-01 -5.679313465952873230e-02 9.914900064468383789e-01
1.998182386159896851e-01 1.251734048128128052e-01 2.095981240272521973e-01 -3.750733658671379089e-02 1.098342686891555786e-01 -5.559158325195312500e-02 9.916850328445434570e-01
2.165401875972747803e-01 1.290155798196792603e-01 2.160110175609588623e-01 -3.506145998835563660e-02 1.100966408848762512e-01 -5.334111675620079041e-02 9.918690919876098633e-01
2.477834820747375488e-01 1.295412033796310425e-01 2.296488881111145020e-01 -3.643245249986648560e-02 9.742040932178497314e-02 -4.822142794728279114e-02 9.934066534042358398e-01
2.653515636920928955e-01 1.342756599187850952e-01 2.358371913433074951e-01 -3.551154956221580505e-02 9.751235693693161011e-02 -4.743770509958267212e-02 9.934686422348022461e-01
2.839925587177276611e-01 1.404739767313003540e-01 2.426096051931381226e-01 -3.452188521623611450e-02 9.753270447254180908e-02 -4.631362110376358032e-02 9.935546517372131348e-01
2.995570898056030273e-01 1.457319557666778564e-01 2.492767423391342163e-01 -3.345908969640731812e-02 9.900880604982376099e-02 -4.572096467018127441e-02 9.934723973274230957e-01
3.137076497077941895e-01 1.527628600597381592e-01 2.578697800636291504e-01 -3.260695561766624451e-02 9.926594793796539307e-02 -4.521819949150085449e-02 9.934981465339660645e-01
3.226157724857330322e-01 1.642936468124389648e-01 2.748133540153503418e-01 -3.249889612197875977e-02 9.770376235246658325e-02 -4.531190171837806702e-02 9.936522245407104492e-01
3.308609724044799805e-01 1.754989027976989746e-01 2.915691733360290527e-01 -3.350939974188804626e-02 9.433484822511672974e-02 -4.567290470004081726e-02 9.939275979995727539e-01
3.347927033901214600e-01 1.889033615589141846e-01 3.040015399456024170e-01 -3.222199156880378723e-02 9.169453382492065430e-02 -4.453009739518165588e-02 9.942690730094909668e-01
3.227516114711761475e-01 1.941843926906585693e-01 3.156103789806365967e-01 -3.481508418917655945e-02 9.797174483537673950e-02 -4.765236005187034607e-02 9.934378266334533691e-01
3.265008628368377686e-01 2.047664523124694824e-01 3.266193866729736328e-01 -3.489188849925994873e-02 9.660252183675765991e-02 -4.855732619762420654e-02 9.935253858566284180e-01
3.284324109554290771e-01 2.192843407392501831e-01 3.426557183265686035e-01 -3.456560894846916199e-02 9.667850285768508911e-02 -4.785032942891120911e-02 9.935637712478637695e-01
3.299891948699951172e-01 2.311276346445083618e-01 3.562266230583190918e-01 -3.499468415975570679e-02 9.696868807077407837e-02 -4.927272722125053406e-02 9.934509396553039551e-01
3.346736431121826172e-01 2.468118518590927124e-01 3.718683719635009766e-01 -3.464766591787338257e-02 9.652804583311080933e-02 -4.814225062727928162e-02 9.935614466667175293e-01
3.358571827411651611e-01 2.609373629093170166e-01 3.887054622173309326e-01 -3.581477701663970947e-02 9.664096683263778687e-02 -4.866741225123405457e-02 9.934834241867065430e-01
3.428037464618682861e-01 2.728168964385986328e-01 3.966421186923980713e-01 -3.557694703340530396e-02 9.658389538526535034e-02 -4.763824865221977234e-02 9.935473799705505371e-01
3.434257507324218750e-01 2.905152440071105957e-01 4.174201190471649170e-01 -3.303168341517448425e-02 9.917347133159637451e-02 -4.712803289294242859e-02 9.934045672416687012e-01
3.442780971527099609e-01 2.925011217594146729e-01 4.176625013351440430e-01 -3.584219142794609070e-02 9.781061857938766479e-02 -4.933295398950576782e-02 9.933351874351501465e-01
3.476238846778869629e-01 3.059335649013519287e-01 4.301965236663818359e-01 -3.599396347999572754e-02 9.797026962041854858e-02 -4.968349263072013855e-02 9.932964444160461426e-01
3.516148626804351807e-01 3.183100521564483643e-01 4.415545463562011719e-01 -3.635028749704360962e-02 9.748028963804244995e-02 -4.998219013214111328e-02 9.933167099952697754e-01
3.532580435276031494e-01 3.324911892414093018e-01 4.557807445526123047e-01 -3.561177849769592285e-02 9.775132685899734497e-02 -4.866812005639076233e-02 9.933820366859436035e-01
3.567187488079071045e-01 3.429949879646301270e-01 4.661219418048858643e-01 -3.599087521433830261e-02 9.828646481037139893e-02 -4.854028299450874329e-02 9.933218359947204590e-01
3.590825200080871582e-01 3.528985381126403809e-01 4.788660407066345215e-01 -3.649239614605903625e-02 9.815399348735809326e-02 -4.940824583172798157e-02 9.932739138603210449e-01
3.614202737808227539e-01 3.621287941932678223e-01 4.914844036102294922e-01 -3.781336545944213867e-02 9.596615284681320190e-02 -5.088679119944572449e-02 9.933635592460632324e-01
3.597950041294097900e-01 3.595433831214904785e-01 4.969294071197509766e-01 -4.140689224004745483e-02 9.214868396520614624e-02 -5.803803354501724243e-02 9.931896924972534180e-01
3.614772558212280273e-01 3.685254156589508057e-01 5.081644654273986816e-01 -4.195763170719146729e-02 9.186317026615142822e-02 -5.795455351471900940e-02 9.931979179382324219e-01
3.620705902576446533e-01 3.775029480457305908e-01 5.189409255981445312e-01 -4.143576696515083313e-02 9.206974506378173828e-02 -5.840715020895004272e-02 9.931741356849670410e-01
3.624721467494964600e-01 3.853166103363037109e-01 5.302937626838684082e-01 -4.181746020913124084e-02 9.195437282323837280e-02 -5.837785452604293823e-02 9.931706190109252930e-01
3.627625107765197754e-01 3.934207558631896973e-01 5.402398705482482910e-01 -4.088654369115829468e-02 9.229055047035217285e-02 -5.757325887680053711e-02 9.932251572608947754e-01
3.622978925704956055e-01 3.989526629447937012e-01 5.509569048881530762e-01 -4.285706207156181335e-02 9.179005026817321777e-02 -5.863259360194206238e-02 9.931264519691467285e-01
3.615680932998657227e-01 4.052000939846038818e-01 5.621194243431091309e-01 -4.257686808705329895e-02 9.106797724962234497e-02 -5.974723771214485168e-02 9.931385517120361328e-01
3.611466288566589355e-01 4.097725152969360352e-01 5.706013441085815430e-01 -4.189133271574974060e-02 9.049705415964126587e-02 -5.866745114326477051e-02 9.932842254638671875e-01
3.580222427845001221e-01 4.130484759807586670e-01 5.766535997390747070e-01 -4.035019874572753906e-02 9.382165223360061646e-02 -5.724044144153594971e-02 9.931228160858154297e-01
3.547635078430175781e-01 4.143819510936737061e-01 5.716601014137268066e-01 -3.328467905521392822e-02 1.009019613265991211e-01 -4.712955281138420105e-02 9.932219386100769043e-01
3.515812754631042480e-01 4.198179841041564941e-01 5.791044235229492188e-01 -3.075231797993183136e-02 1.026960909366607666e-01 -4.256246238946914673e-02 9.933258891105651855e-01
3.504074513912200928e-01 4.254295825958251953e-01 5.853317975997924805e-01 -2.756622247397899628e-02 1.023193895816802979e-01 -3.453215956687927246e-02 9.937698245048522949e-01
3.507113158702850342e-01 4.290082752704620361e-01 5.917333364486694336e-01 -2.445250935852527618e-02 9.324139356613159180e-02 -2.399771101772785187e-02 9.950539469718933105e-01
3.570302426815032959e-01 4.396937489509582520e-01 5.968080163002014160e-01 -1.848056912422180176e-02 7.950241863727569580e-02 -2.535522915422916412e-03 9.966601729393005371e-01
3.585575222969055176e-01 4.404347538948059082e-01 6.018270254135131836e-01 -1.925244741141796112e-02 7.124073803424835205e-02 5.572990514338016510e-03 9.972578287124633789e-01
3.581162691116333008e-01 4.483573436737060547e-01 6.121644973754882812e-01 -1.619285531342029572e-02 6.484977155923843384e-02 1.624121144413948059e-02 9.976314902305603027e-01
3.613478541374206543e-01 4.514362812042236328e-01 6.184048652648925781e-01 -1.448104809969663620e-02 5.167252570390701294e-02 2.928972244262695312e-02 9.981294870376586914e-01
3.640877306461334229e-01 4.581322968006134033e-01 6.276187896728515625e-01 -9.100301191210746765e-03 4.127170890569686890e-02 4.231083765625953674e-02 9.982102513313293457e-01
3.728565871715545654e-01 4.746000170707702637e-01 6.390553712844848633e-01 9.407970937900245190e-04 1.375165395438671112e-02 8.144297450780868530e-02 9.965826869010925293e-01
3.732928335666656494e-01 4.809520244598388672e-01 6.470029950141906738e-01 3.355326596647500992e-03 5.844890605658292770e-03 9.350422024726867676e-02 9.955961108207702637e-01
3.739328384399414062e-01 4.872581958770751953e-01 6.551191210746765137e-01 5.167228635400533676e-03 -2.126635517925024033e-03 1.049028038978576660e-01 9.944668412208557129e-01
3.746153116226196289e-01 4.938565492630004883e-01 6.638251543045043945e-01 6.853000726550817490e-03 -9.713954292237758636e-03 1.139416992664337158e-01 9.934163689613342285e-01
3.751831650733947754e-01 5.010717511177062988e-01 6.723190546035766602e-01 8.889309130609035492e-03 -1.651707664132118225e-02 1.228711828589439392e-01 9.922453761100769043e-01
3.758865296840667725e-01 5.081796050071716309e-01 6.820219159126281738e-01 9.569160640239715576e-03 -2.377718500792980194e-02 1.315519958734512329e-01 9.909778833389282227e-01
3.729358017444610596e-01 5.153828263282775879e-01 6.919638514518737793e-01 1.253741793334484100e-02 -2.924609743058681488e-02 1.391073316335678101e-01 9.897660017013549805e-01
3.735440373420715332e-01 5.231335759162902832e-01 7.012144923210144043e-01 1.407291367650032043e-02 -3.459476307034492493e-02 1.460462510585784912e-01 9.885725975036621094e-01
3.737119734287261963e-01 5.299745202064514160e-01 7.109964489936828613e-01 1.473752595484256744e-02 -3.920278325676918030e-02 1.495408266782760620e-01 9.878681898117065430e-01
3.742603659629821777e-01 5.376526117324829102e-01 7.206394672393798828e-01 1.581133529543876648e-02 -4.344425350427627563e-02 1.512876600027084351e-01 9.874081015586853027e-01
3.720173537731170654e-01 5.445705056190490723e-01 7.259360551834106445e-01 1.693812757730484009e-02 -4.570744559168815613e-02 1.539275646209716797e-01 9.868791103363037109e-01
3.726915121078491211e-01 5.528532862663269043e-01 7.352096438407897949e-01 2.473552478477358818e-03 -5.241268128156661987e-02 1.522182077169418335e-01 9.869530797004699707e-01
3.742531538009643555e-01 5.602419972419738770e-01 7.436579465866088867e-01 -1.566090062260627747e-02 -5.804923176765441895e-02 1.479800045490264893e-01 9.871610403060913086e-01
3.716019690036773682e-01 5.669261217117309570e-01 7.554317116737365723e-01 -3.531115129590034485e-02 -6.312493979930877686e-02 1.431504786014556885e-01 9.870543479919433594e-01
3.727814257144927979e-01 5.744652748107910156e-01 7.655512690544128418e-01 -5.765169113874435425e-02 -6.877426803112030029e-02 1.363669484853744507e-01 9.865853190422058105e-01
3.741394579410552979e-01 5.801157951354980469e-01 7.730386853218078613e-01 -8.171787112951278687e-02 -7.321263104677200317e-02 1.291502416133880615e-01 9.855365753173828125e-01
3.727165162563323975e-01 5.901055335998535156e-01 7.849663496017456055e-01 -1.068007424473762512e-01 -7.847709208726882935e-02 1.191017851233482361e-01 9.839968085289001465e-01
3.698284029960632324e-01 5.986907482147216797e-01 7.992104291915893555e-01 -1.329511851072311401e-01 -8.376561850309371948e-02 1.085493043065071106e-01 9.815927743911743164e-01
3.689793646335601807e-01 6.049745082855224609e-01 8.088042736053466797e-01 -1.607676446437835693e-01 -8.836133033037185669e-02 9.796473383903503418e-02 9.781354665756225586e-01
3.670404553413391113e-01 6.107558608055114746e-01 8.179483413696289062e-01 -1.882550120353698730e-01 -9.266330301761627197e-02 8.639436215162277222e-02 9.739146232604980469e-01
3.635719716548919678e-01 6.214097738265991211e-01 8.333334922790527344e-01 -2.155719995498657227e-01 -9.786846488714218140e-02 7.500765472650527954e-02 9.686714410781860352e-01
3.616618812084197998e-01 6.280138492584228516e-01 8.436604738235473633e-01 -2.433415800333023071e-01 -1.026442870497703552e-01 6.351088732481002808e-02 9.624009132385253906e-01
3.590015470981597900e-01 6.345008611679077148e-01 8.555144071578979492e-01 -2.708708345890045166e-01 -1.076183989644050598e-01 5.301660299301147461e-02 9.551107883453369141e-01
3.563246428966522217e-01 6.405822038650512695e-01 8.679560422897338867e-01 -2.979990839958190918e-01 -1.132088676095008850e-01 4.259965941309928894e-02 9.468715190887451172e-01
3.538908660411834717e-01 6.481366157531738281e-01 8.800397515296936035e-01 -3.230783343315124512e-01 -1.183771491050720215e-01 3.418052196502685547e-02 9.383171796798706055e-01
3.509625792503356934e-01 6.549918055534362793e-01 8.921771049499511719e-01 -3.476021885871887207e-01 -1.238371208310127258e-01 2.607362717390060425e-02 9.290626049041748047e-01
3.473225235939025879e-01 6.616916060447692871e-01 9.042170047760009766e-01 -3.705313205718994141e-01 -1.295036524534225464e-01 1.866405084729194641e-02 9.195580482482910156e-01
3.440519571304321289e-01 6.678265333175659180e-01 9.160238504409790039e-01 -3.921907544136047363e-01 -1.352888643741607666e-01 1.342670526355504990e-02 9.097819328308105469e-01
3.404049277305603027e-01 6.742172241210937500e-01 9.277926087379455566e-01 -4.118637144565582275e-01 -1.412346661090850830e-01 9.677472524344921112e-03 9.001819491386413574e-01
3.351792991161346436e-01 6.824022531509399414e-01 9.424997568130493164e-01 -4.294644594192504883e-01 -1.475066244602203369e-01 7.580565288662910461e-03 8.909235000610351562e-01
3.311603069305419922e-01 6.894800066947937012e-01 9.550224542617797852e-01 -4.444291889667510986e-01 -1.547574698925018311e-01 7.537883240729570389e-03 8.823129534721374512e-01
3.276824057102203369e-01 6.961517333984375000e-01 9.675824642181396484e-01 -4.572698473930358887e-01 -1.624618023633956909e-01 1.124376803636550903e-02 8.742905855178833008e-01
3.232824802398681641e-01 7.029193639755249023e-01 9.807207584381103516e-01 -4.678771197795867920e-01 -1.706575900316238403e-01 1.590972952544689178e-02 8.670143485069274902e-01
3.187778294086456299e-01 7.103621959686279297e-01 9.933771491050720215e-01 -4.754831492900848389e-01 -1.792059838771820068e-01 2.342173270881175995e-02 8.609601855278015137e-01
3.137813210487365723e-01 7.181193828582763672e-01 1.008068084716796875e+00 -4.814547598361968994e-01 -1.882523596286773682e-01 3.285547718405723572e-02 8.553847074508666992e-01
3.090798854827880859e-01 7.251686453819274902e-01 1.021305799484252930e+00 -4.853892028331756592e-01 -1.977493017911911011e-01 4.399133846163749695e-02 8.505042195320129395e-01
3.045529723167419434e-01 7.319353818893432617e-01 1.034991741180419922e+00 -4.875321984291076660e-01 -2.074842900037765503e-01 5.712892115116119385e-02 8.461672067642211914e-01
2.989276349544525146e-01 7.395859956741333008e-01 1.048811674118041992e+00 -4.870796203613281250e-01 -2.177913784980773926e-01 7.139100879430770874e-02 8.427476882934570312e-01
2.930091321468353271e-01 7.465156316757202148e-01 1.062794685363769531e+00 -4.853544533252716064e-01 -2.281244844198226929e-01 8.740410208702087402e-02 8.394944071769714355e-01
2.867129147052764893e-01 7.529304623603820801e-01 1.076643228530883789e+00 -4.818294346332550049e-01 -2.385399341583251953e-01 1.043474599719047546e-01 8.366903662681579590e-01
2.784043252468109131e-01 7.590473890304565430e-01 1.090352416038513184e+00 -4.765411913394927979e-01 -2.489769607782363892e-01 1.218500211834907532e-01 8.343089818954467773e-01
2.694663107395172119e-01 7.648401856422424316e-01 1.103765964508056641e+00 -4.695908725261688232e-01 -2.595080733299255371e-01 1.405180394649505615e-01 8.321025967597961426e-01
2.596465945243835449e-01 7.700451612472534180e-01 1.117155194282531738e+00 -4.614106118679046631e-01 -2.700501084327697754e-01 1.599183082580566406e-01 8.298189043998718262e-01
2.486566901206970215e-01 7.749803662300109863e-01 1.129655241966247559e+00 -4.513129889965057373e-01 -2.810405492782592773e-01 1.797785460948944092e-01 8.276548385620117188e-01
2.359501123428344727e-01 7.790608406066894531e-01 1.140875816345214844e+00 -4.399880766868591309e-01 -2.915329635143280029e-01 2.001834511756896973e-01 8.254367113113403320e-01
2.225948572158813477e-01 7.847006916999816895e-01 1.151435136795043945e+00 -4.273798167705535889e-01 -3.016993403434753418e-01 2.201483547687530518e-01 8.233217597007751465e-01
2.114944458007812500e-01 7.935805320739746094e-01 1.161924481391906738e+00 -4.133988320827484131e-01 -3.119455575942993164e-01 2.407612502574920654e-01 8.208687305450439453e-01
2.002288103103637695e-01 7.997092008590698242e-01 1.173541188240051270e+00 -3.981920778751373291e-01 -3.220700323581695557e-01 2.611674964427947998e-01 8.182331919670104980e-01
1.881037354469299316e-01 8.041641116142272949e-01 1.184411287307739258e+00 -3.818278014659881592e-01 -3.317507207393646240e-01 2.810302078723907471e-01 8.155802488327026367e-01
1.756086945533752441e-01 8.078647255897521973e-01 1.195063591003417969e+00 -3.648188412189483643e-01 -3.409695923328399658e-01 2.999432981014251709e-01 8.128229379653930664e-01
1.636469960212707520e-01 8.113743066787719727e-01 1.205082893371582031e+00 -3.473693430423736572e-01 -3.496597409248352051e-01 3.182042837142944336e-01 8.098263740539550781e-01
1.523960828781127930e-01 8.149248957633972168e-01 1.214667677879333496e+00 -3.289696574211120605e-01 -3.582854866981506348e-01 3.360618352890014648e-01 8.065189719200134277e-01
1.418850421905517578e-01 8.178151845932006836e-01 1.223755598068237305e+00 -3.106546700000762939e-01 -3.663875758647918701e-01 3.534967005252838135e-01 8.026792407035827637e-01
1.309307217597961426e-01 8.215030431747436523e-01 1.232476711273193359e+00 -2.911746501922607422e-01 -3.742390275001525879e-01 3.697425127029418945e-01 7.990325689315795898e-01
1.201981902122497559e-01 8.256258368492126465e-01 1.240519165992736816e+00 -2.711469531059265137e-01 -3.817614912986755371e-01 3.851507008075714111e-01 7.952336072921752930e-01
1.092008352279663086e-01 8.293952941894531250e-01 1.247742772102355957e+00 -2.498744726181030273e-01 -3.892333209514617920e-01 3.977432250976562500e-01 7.923765182495117188e-01
9.879744052886962891e-02 8.332045674324035645e-01 1.255029678344726562e+00 -2.282174527645111084e-01 -3.969063162803649902e-01 4.089744091033935547e-01 7.893809080123901367e-01
8.903896808624267578e-02 8.359404206275939941e-01 1.261646986007690430e+00 -2.074373960494995117e-01 -4.031471610069274902e-01 4.200033247470855713e-01 7.861548066139221191e-01
7.948899269104003906e-02 8.387837409973144531e-01 1.268129587173461914e+00 -1.867832392454147339e-01 -4.091331958770751953e-01 4.311250746250152588e-01 7.822105288505554199e-01
7.063996791839599609e-02 8.419451713562011719e-01 1.274525165557861328e+00 -1.664695739746093750e-01 -4.145815372467041016e-01 4.422295987606048584e-01 7.777166366577148438e-01
6.217038631439208984e-02 8.447977900505065918e-01 1.280650973320007324e+00 -1.467982828617095947e-01 -4.197708666324615479e-01 4.530712664127349854e-01 7.726377844810485840e-01
5.318737030029296875e-02 8.478817343711853027e-01 1.285863518714904785e+00 -1.275510638952255249e-01 -4.243655502796173096e-01 4.636306166648864746e-01 7.672622203826904297e-01
4.440820217132568359e-02 8.489629030227661133e-01 1.289183497428894043e+00 -1.095742434263229370e-01 -4.283755421638488770e-01 4.734502136707305908e-01 7.617958188056945801e-01
3.508329391479492188e-02 8.502500057220458984e-01 1.292262554168701172e+00 -9.194100648164749146e-02 -4.319883286952972412e-01 4.832603931427001953e-01 7.559050321578979492e-01
2.636325359344482422e-02 8.507983684539794922e-01 1.295172929763793945e+00 -7.534459233283996582e-02 -4.354981184005737305e-01 4.923131763935089111e-01 7.498615980148315430e-01
1.921880245208740234e-02 8.507480621337890625e-01 1.297798037528991699e+00 -5.999455228447914124e-02 -4.388268589973449707e-01 5.010335445404052734e-01 7.435032129287719727e-01
1.114010810852050781e-02 8.520407080650329590e-01 1.300556659698486328e+00 -4.429505392909049988e-02 -4.424405395984649658e-01 5.097569823265075684e-01 7.365000247955322266e-01
3.480792045593261719e-03 8.574310541152954102e-01 1.302943587303161621e+00 -2.714297175407409668e-02 -4.458739459514617920e-01 5.188173055648803711e-01 7.288953065872192383e-01
-2.686977386474609375e-03 8.585642576217651367e-01 1.305075883865356445e+00 -1.218283455818891525e-02 -4.493184685707092285e-01 5.246968269348144531e-01 7.229507565498352051e-01
-8.177399635314941406e-03 8.601188659667968750e-01 1.308079957962036133e+00 1.568617415614426136e-03 -4.527449011802673340e-01 5.307524204254150391e-01 7.164646387100219727e-01
-1.411664485931396484e-02 8.611697554588317871e-01 1.309225559234619141e+00 1.490466296672821045e-02 -4.556743204593658447e-01 5.358798503875732422e-01 7.106136083602905273e-01
-1.937901973724365234e-02 8.623346686363220215e-01 1.311969757080078125e+00 1.625252142548561096e-02 -4.623609185218811035e-01 5.355968475341796875e-01 7.064661383628845215e-01
-2.478933334350585938e-02 8.635097742080688477e-01 1.313548088073730469e+00 1.779378019273281097e-02 -4.685360491275787354e-01 5.356894135475158691e-01 7.022779583930969238e-01
-2.969944477081298828e-02 8.643071055412292480e-01 1.315948843955993652e+00 1.919844374060630798e-02 -4.746703803539276123e-01 5.356466174125671387e-01 6.981419920921325684e-01
-3.306531906127929688e-02 8.649913072586059570e-01 1.317502975463867188e+00 2.058653160929679871e-02 -4.804445803165435791e-01 5.355111360549926758e-01 6.942456960678100586e-01
-3.700459003448486328e-02 8.656206130981445312e-01 1.319314837455749512e+00 2.184829115867614746e-02 -4.857127666473388672e-01 5.354756116867065430e-01 6.905589699745178223e-01
-3.866434097290039062e-02 8.662261366844177246e-01 1.321098327636718750e+00 2.271842025220394135e-02 -4.906931221485137939e-01 5.353522896766662598e-01 6.870968937873840332e-01
-4.252421855926513672e-02 8.664335012435913086e-01 1.321503281593322754e+00 2.396913617849349976e-02 -4.943171739578247070e-01 5.357047915458679199e-01 6.841757893562316895e-01
-4.365479946136474609e-02 8.669559955596923828e-01 1.323353886604309082e+00 2.461082860827445984e-02 -4.982698857784271240e-01 5.361494421958923340e-01 6.809296607971191406e-01
-4.511523246765136719e-02 8.672901391983032227e-01 1.324740052223205566e+00 2.494993992149829865e-02 -5.011532306671142578e-01 5.364528894424438477e-01 6.785582304000854492e-01
-4.586887359619140625e-02 8.674326539039611816e-01 1.326062798500061035e+00 2.497647702693939209e-02 -5.036991238594055176e-01 5.364440679550170898e-01 6.766765117645263672e-01
-4.795229434967041016e-02 8.679367303848266602e-01 1.327171206474304199e+00 2.538442611694335938e-02 -5.050479173660278320e-01 5.369694232940673828e-01 6.752378940582275391e-01
-4.957330226898193359e-02 8.679522871971130371e-01 1.327499270439147949e+00 2.548204921185970306e-02 -5.056064724922180176e-01 5.375558733940124512e-01 6.743488907814025879e-01
-5.016887187957763672e-02 8.674354553222656250e-01 1.328174829483032227e+00 2.466992847621440887e-02 -5.055778622627258301e-01 5.377274155616760254e-01 6.742638945579528809e-01
-5.123794078826904297e-02 8.675846457481384277e-01 1.328457593917846680e+00 2.433604001998901367e-02 -5.044161677360534668e-01 5.384036898612976074e-01 6.746062636375427246e-01
-5.361342430114746094e-02 8.675777316093444824e-01 1.329123497009277344e+00 2.373726852238178253e-02 -5.023557543754577637e-01 5.388393998146057129e-01 6.758160591125488281e-01
-5.228066444396972656e-02 8.685118556022644043e-01 1.329261064529418945e+00 2.313562110066413879e-02 -4.996918737888336182e-01 5.392698645591735840e-01 6.774664521217346191e-01
-5.239391326904296875e-02 8.696958422660827637e-01 1.329933762550354004e+00 2.199421823024749756e-02 -4.959521889686584473e-01 5.400742888450622559e-01 6.796083450317382812e-01
-5.257976055145263672e-02 8.704281449317932129e-01 1.331377387046813965e+00 2.081163413822650909e-02 -4.914084374904632568e-01 5.403534770011901855e-01 6.827172040939331055e-01
-5.439388751983642578e-02 8.702680468559265137e-01 1.331162214279174805e+00 1.939140819013118744e-02 -4.855336546897888184e-01 5.403665900230407715e-01 6.869388818740844727e-01
-5.458736419677734375e-02 8.708522319793701172e-01 1.332676291465759277e+00 1.923773996531963348e-02 -4.790539443492889404e-01 5.391866564750671387e-01 6.923980712890625000e-01
-5.537426471710205078e-02 8.709715604782104492e-01 1.333643198013305664e+00 4.868438933044672012e-03 -4.763176441192626953e-01 5.302274823188781738e-01 7.013962864875793457e-01
-5.667793750762939453e-02 8.703556060791015625e-01 1.334359645843505859e+00 -1.068727299571037292e-02 -4.722410440444946289e-01 5.200931429862976074e-01 7.116019725799560547e-01
-5.987668037414550781e-02 8.701685667037963867e-01 1.335459232330322266e+00 -2.730708010494709015e-02 -4.674689173698425293e-01 5.094556808471679688e-01 7.219294905662536621e-01
-6.158876419067382812e-02 8.696174025535583496e-01 1.337426185607910156e+00 -4.515371099114418030e-02 -4.625023305416107178e-01 4.965950548648834229e-01 7.331072092056274414e-01
-6.304526329040527344e-02 8.695051670074462891e-01 1.339290380477905273e+00 -6.456100940704345703e-02 -4.565188586711883545e-01 4.830735325813293457e-01 7.443537116050720215e-01
-6.542074680328369141e-02 8.688589930534362793e-01 1.341243743896484375e+00 -8.421986550092697144e-02 -4.498580098152160645e-01 4.684401452541351318e-01 7.557106614112854004e-01
-6.812155246734619141e-02 8.690637946128845215e-01 1.343739271163940430e+00 -1.039669215679168701e-01 -4.428615272045135498e-01 4.532362818717956543e-01 7.665777206420898438e-01
-7.129371166229248047e-02 8.682860136032104492e-01 1.346118927001953125e+00 -1.243672296404838562e-01 -4.347685277462005615e-01 4.374155700206756592e-01 7.772881388664245605e-01
-7.447934150695800781e-02 8.698431849479675293e-01 1.349705457687377930e+00 -1.447310298681259155e-01 -4.269498884677886963e-01 4.211532175540924072e-01 7.870177030563354492e-01
-7.767379283905029297e-02 8.692761063575744629e-01 1.352738261222839355e+00 -1.654092073440551758e-01 -4.183895587921142578e-01 4.036070704460144043e-01 7.966752052307128906e-01
-8.050137758255004883e-02 8.683410882949829102e-01 1.355216741561889648e+00 -1.858566999435424805e-01 -4.094822704792022705e-01 3.854294121265411377e-01 8.057454824447631836e-01
-8.411926031112670898e-02 8.678057789802551270e-01 1.357499718666076660e+00 -2.057978808879852295e-01 -3.998691439628601074e-01 3.671700954437255859e-01 8.142101168632507324e-01
-8.577525615692138672e-02 8.683508634567260742e-01 1.359816789627075195e+00 -2.253287434577941895e-01 -3.909335732460021973e-01 3.493564724922180176e-01 8.211870193481445312e-01
-8.826559782028198242e-02 8.678758144378662109e-01 1.361755132675170898e+00 -2.442906647920608521e-01 -3.816564679145812988e-01 3.308093845844268799e-01 8.277835249900817871e-01
-9.052854776382446289e-02 8.678305149078369141e-01 1.363465309143066406e+00 -2.621625065803527832e-01 -3.727071881294250488e-01 3.129183351993560791e-01 8.333321213722229004e-01
-9.272587299346923828e-02 8.676697611808776855e-01 1.364701986312866211e+00 -2.791080474853515625e-01 -3.637563288211822510e-01 2.953250408172607422e-01 8.381904363632202148e-01
-9.408277273178100586e-02 8.673352003097534180e-01 1.365733385086059570e+00 -2.950709462165832520e-01 -3.553904592990875244e-01 2.780646979808807373e-01 8.422059416770935059e-01
-9.539765119552612305e-02 8.675817251205444336e-01 1.366436362266540527e+00 -3.094385564327239990e-01 -3.477629125118255615e-01 2.615917921066284180e-01 8.455048799514770508e-01
-9.632438421249389648e-02 8.674196600914001465e-01 1.367035388946533203e+00 -3.228102624416351318e-01 -3.406815230846405029e-01 2.464268505573272705e-01 8.479407429695129395e-01
-9.713727235794067383e-02 8.673905730247497559e-01 1.367502808570861816e+00 -3.348331451416015625e-01 -3.345403671264648438e-01 2.322232276201248169e-01 8.497305512428283691e-01
-9.752035140991210938e-02 8.674546480178833008e-01 1.367697238922119141e+00 -3.452300727367401123e-01 -3.293901085853576660e-01 2.194944322109222412e-01 8.509645462036132812e-01
-9.795024991035461426e-02 8.675293922424316406e-01 1.367878675460815430e+00 -3.541611135005950928e-01 -3.251037001609802246e-01 2.082585543394088745e-01 8.517663478851318359e-01
-9.834700822830200195e-02 8.674002885818481445e-01 1.368195772171020508e+00 -3.619532287120819092e-01 -3.217171132564544678e-01 1.980854719877243042e-01 8.522031307220458984e-01
-9.899258613586425781e-02 8.673799633979797363e-01 1.368630290031433105e+00 -3.686273992061614990e-01 -3.191071450710296631e-01 1.888301670551300049e-01 8.524246215820312500e-01
-9.954988956451416016e-02 8.671927452087402344e-01 1.369000673294067383e+00 -3.741616308689117432e-01 -3.170833885669708252e-01 1.806782186031341553e-01 8.525354266166687012e-01
-1.002237796783447266e-01 8.670498132705688477e-01 1.369581222534179688e+00 -3.788943588733673096e-01 -3.154719173908233643e-01 1.737534552812576294e-01 8.524824976921081543e-01
-1.012799441814422607e-01 8.668709993362426758e-01 1.370102882385253906e+00 -3.827612400054931641e-01 -3.140872418880462646e-01 1.671404242515563965e-01 8.525884747505187988e-01
-1.022320985794067383e-01 8.668451309204101562e-01 1.370770692825317383e+00 -3.859999179840087891e-01 -3.128840923309326172e-01 1.618736833333969116e-01 8.525869846343994141e-01
-1.036501228809356689e-01 8.668235540390014648e-01 1.371480584144592285e+00 -3.886879384517669678e-01 -3.115903735160827637e-01 1.569606959819793701e-01 8.527582287788391113e-01
-1.049523353576660156e-01 8.664019107818603516e-01 1.372191429138183594e+00 -3.909859657287597656e-01 -3.100512921810150146e-01 1.523101627826690674e-01 8.531118035316467285e-01
-1.063579618930816650e-01 8.661750555038452148e-01 1.373013854026794434e+00 -3.927338421344757080e-01 -3.084280192852020264e-01 1.484539508819580078e-01 8.535770177841186523e-01
-1.078537106513977051e-01 8.656796216964721680e-01 1.373982191085815430e+00 -3.946458399295806885e-01 -3.061727583408355713e-01 1.445684432983398438e-01 8.541738390922546387e-01
-1.096406877040863037e-01 8.651967048645019531e-01 1.374945402145385742e+00 -3.964242637157440186e-01 -3.030952215194702148e-01 1.407025158405303955e-01 8.550929427146911621e-01
-1.116546988487243652e-01 8.648114204406738281e-01 1.375927090644836426e+00 -3.981178402900695801e-01 -2.993444204330444336e-01 1.371454745531082153e-01 8.562046289443969727e-01
-1.135607957839965820e-01 8.643487691879272461e-01 1.376942157745361328e+00 -3.997593820095062256e-01 -2.948246896266937256e-01 1.335126161575317383e-01 8.575810790061950684e-01
-1.156906485557556152e-01 8.637684583663940430e-01 1.378047943115234375e+00 -4.017691612243652344e-01 -2.889880537986755371e-01 1.296979486942291260e-01 8.592123985290527344e-01
-1.180546581745147705e-01 8.632935881614685059e-01 1.379182100296020508e+00 -4.039750695228576660e-01 -2.820513844490051270e-01 1.254751682281494141e-01 8.611080646514892578e-01
-1.204850077629089355e-01 8.624470233917236328e-01 1.380345106124877930e+00 -4.066849350929260254e-01 -2.735070586204528809e-01 1.208572015166282654e-01 8.632466793060302734e-01
-1.230437606573104858e-01 8.617131710052490234e-01 1.381618022918701172e+00 -4.098474979400634766e-01 -2.634189724922180176e-01 1.156700998544692993e-01 8.655957579612731934e-01
-1.259716153144836426e-01 8.609362840652465820e-01 1.382799625396728516e+00 -4.135697782039642334e-01 -2.512072324752807617e-01 1.096904277801513672e-01 8.682298660278320312e-01
-1.287416368722915649e-01 8.600155115127563477e-01 1.384175539016723633e+00 -4.178841412067413330e-01 -2.375485897064208984e-01 1.034308001399040222e-01 8.707730770111083984e-01
-1.319874674081802368e-01 8.589848279953002930e-01 1.385510444641113281e+00 -4.228363037109375000e-01 -2.215559482574462891e-01 9.629800170660018921e-02 8.734123706817626953e-01
-1.351422071456909180e-01 8.579217195510864258e-01 1.386840343475341797e+00 -4.279758930206298828e-01 -2.044483274221420288e-01 8.853353559970855713e-02 8.758991956710815430e-01
-1.384406685829162598e-01 8.569171428680419922e-01 1.388096332550048828e+00 -4.330359995365142822e-01 -1.859502494335174561e-01 8.074249327182769775e-02 8.782841563224792480e-01
-1.418759822845458984e-01 8.556544780731201172e-01 1.389401197433471680e+00 -4.383854269981384277e-01 -1.665147542953491211e-01 7.209280878305435181e-02 8.802804946899414062e-01
-1.455303877592086792e-01 8.544092774391174316e-01 1.390677213668823242e+00 -4.436014294624328613e-01 -1.461581140756607056e-01 6.346812099218368530e-02 8.819452524185180664e-01
-1.491328328847885132e-01 8.530071377754211426e-01 1.391908764839172363e+00 -4.485006630420684814e-01 -1.253665387630462646e-01 5.498539656400680542e-02 8.832367062568664551e-01
-1.531616747379302979e-01 8.519642353057861328e-01 1.393028497695922852e+00 -4.527882337570190430e-01 -1.043009385466575623e-01 4.612172394990921021e-02 8.842945694923400879e-01
-1.572886109352111816e-01 8.506501317024230957e-01 1.394100785255432129e+00 -4.568571746349334717e-01 -8.296731114387512207e-02 3.742297366261482239e-02 8.848714828491210938e-01
-1.614250689744949341e-01 8.492262959480285645e-01 1.395197987556457520e+00 -4.604300856590270996e-01 -6.193415075540542603e-02 2.919245883822441101e-02 8.850514888763427734e-01
-1.656210571527481079e-01 8.474507331848144531e-01 1.396374940872192383e+00 -4.636815786361694336e-01 -4.162874072790145874e-02 2.104223147034645081e-02 8.847733139991760254e-01
-1.701433658599853516e-01 8.460181951522827148e-01 1.397425413131713867e+00 -4.660198986530303955e-01 -2.177905850112438202e-02 1.328988187015056610e-02 8.844063282012939453e-01
-1.747119128704071045e-01 8.443306088447570801e-01 1.398379445075988770e+00 -4.677036106586456299e-01 -3.008953295648097992e-03 6.403259467333555222e-03 8.838570713996887207e-01
-1.794333606958389282e-01 8.428115844726562500e-01 1.399360418319702148e+00 -4.686981737613677979e-01 1.468999311327934265e-02 3.450219228398054838e-04 8.832361698150634766e-01
-1.841243505477905273e-01 8.409167528152465820e-01 1.400247812271118164e+00 -4.689787328243255615e-01 3.105698153376579285e-02 -3.674673382192850113e-03 8.826556205749511719e-01
-1.891475617885589600e-01 8.393480777740478516e-01 1.401047468185424805e+00 -4.680833816528320312e-01 4.642338678240776062e-02 -5.758488085120916367e-03 8.824452757835388184e-01
-1.941703855991363525e-01 8.376476764678955078e-01 1.401967048645019531e+00 -4.666066765785217285e-01 5.901204794645309448e-02 -7.898444309830665588e-03 8.824587464332580566e-01
-1.991812288761138916e-01 8.359025716781616211e-01 1.402704954147338867e+00 -4.644815325736999512e-01 6.881688535213470459e-02 -9.450566023588180542e-03 8.828544020652770996e-01
-2.044500559568405151e-01 8.335065841674804688e-01 1.403661489486694336e+00 -4.619835615158081055e-01 7.524512708187103271e-02 -1.117472071200609207e-02 8.836201429367065430e-01
-2.100326567888259888e-01 8.312973976135253906e-01 1.404455184936523438e+00 -4.585210680961608887e-01 7.879940420389175415e-02 -1.234380155801773071e-02 8.850970268249511719e-01
-2.156915962696075439e-01 8.292945027351379395e-01 1.405361175537109375e+00 -4.540359675884246826e-01 8.027944713830947876e-02 -9.512203745543956757e-03 8.873083591461181641e-01
-2.214680165052413940e-01 8.272279500961303711e-01 1.406234264373779297e+00 -4.484482109546661377e-01 7.916171103715896606e-02 -4.934128839522600174e-03 8.902827501296997070e-01
-2.272646278142929077e-01 8.246877193450927734e-01 1.406984448432922363e+00 -4.419344961643218994e-01 7.517310976982116699e-02 8.087083115242421627e-04 8.938916921615600586e-01
-2.335118353366851807e-01 8.223096132278442383e-01 1.407849788665771484e+00 -4.345641434192657471e-01 6.909464299678802490e-02 7.874902337789535522e-03 8.979521393775939941e-01
-2.399131953716278076e-01 8.203176259994506836e-01 1.409006357192993164e+00 -4.265263378620147705e-01 6.127231940627098083e-02 1.594945788383483887e-02 9.022564291954040527e-01
-2.462114244699478149e-01 8.181516528129577637e-01 1.410099148750305176e+00 -4.174370467662811279e-01 5.115597695112228394e-02 2.567077055573463440e-02 9.069015979766845703e-01
-2.526118755340576172e-01 8.154587745666503906e-01 1.411392211914062500e+00 -4.078637063503265381e-01 3.966259583830833435e-02 3.669262304902076721e-02 9.114426374435424805e-01
-2.593955397605895996e-01 8.126310706138610840e-01 1.412715673446655273e+00 -3.971031308174133301e-01 2.663931250572204590e-02 4.825900122523307800e-02 9.161171317100524902e-01
-2.661291360855102539e-01 8.098456859588623047e-01 1.414365291595458984e+00 -3.858250677585601807e-01 1.290541421622037888e-02 6.098292768001556396e-02 9.204638004302978516e-01
-2.724249362945556641e-01 8.073527216911315918e-01 1.416056752204895020e+00 -3.735525310039520264e-01 -2.485246164724230766e-03 7.475924491882324219e-02 9.245882034301757812e-01
-2.794877886772155762e-01 8.043462038040161133e-01 1.417747855186462402e+00 -3.604097068309783936e-01 -1.803689636290073395e-02 8.885177969932556152e-02 9.283775687217712402e-01
-2.862820327281951904e-01 8.006213307380676270e-01 1.420050621032714844e+00 -3.474644720554351807e-01 -3.420776873826980591e-02 1.035402119159698486e-01 9.313312172889709473e-01
-2.933912873268127441e-01 7.978051900863647461e-01 1.422475695610046387e+00 -3.333455026149749756e-01 -5.029196664690971375e-02 1.190225630998611450e-01 9.339085817337036133e-01
-3.000491261482238770e-01 7.939950227737426758e-01 1.425230383872985840e+00 -3.188267946243286133e-01 -6.664670258760452271e-02 1.348611265420913696e-01 9.357993006706237793e-01
-3.065230250358581543e-01 7.912322282791137695e-01 1.427688121795654297e+00 -3.032406866550445557e-01 -8.272154629230499268e-02 1.510995626449584961e-01 9.372146129608154297e-01
-3.140019178390502930e-01 7.877058386802673340e-01 1.430888533592224121e+00 -2.877000272274017334e-01 -9.786783158779144287e-02 1.672233343124389648e-01 9.379163384437561035e-01
-3.209692537784576416e-01 7.840147018432617188e-01 1.434255719184875488e+00 -2.719782292842864990e-01 -1.124881282448768616e-01 1.838722676038742065e-01 9.378514885902404785e-01
-3.281746804714202881e-01 7.796507477760314941e-01 1.437906503677368164e+00 -2.560297250747680664e-01 -1.262190043926239014e-01 1.999468654394149780e-01 9.373040199279785156e-01
-3.343667984008789062e-01 7.762247323989868164e-01 1.441267728805541992e+00 -2.398667633533477783e-01 -1.387110799551010132e-01 2.166494876146316528e-01 9.361016154289245605e-01
-3.406468331813812256e-01 7.730009555816650391e-01 1.444238424301147461e+00 -2.234763652086257935e-01 -1.493058800697326660e-01 2.327875494956970215e-01 9.346529245376586914e-01
-3.461329042911529541e-01 7.704547643661499023e-01 1.447006821632385254e+00 -2.068364173173904419e-01 -1.586427390575408936e-01 2.489492744207382202e-01 9.327784180641174316e-01
-3.518820703029632568e-01 7.689144015312194824e-01 1.449713230133056641e+00 -1.898283958435058594e-01 -1.663939207792282104e-01 2.646663486957550049e-01 9.307147860527038574e-01
-3.559978008270263672e-01 7.662681937217712402e-01 1.451882839202880859e+00 -1.738578528165817261e-01 -1.726064532995223999e-01 2.803996205329895020e-01 9.280929565429687500e-01
-3.599789738655090332e-01 7.635717988014221191e-01 1.454259872436523438e+00 -1.587431281805038452e-01 -1.772856563329696655e-01 2.953690290451049805e-01 9.252716898918151855e-01
-3.633158504962921143e-01 7.614237070083618164e-01 1.455922365188598633e+00 -1.431322544813156128e-01 -1.812319159507751465e-01 3.099468648433685303e-01 9.222804307937622070e-01
-3.660762310028076172e-01 7.595038414001464844e-01 1.457492470741271973e+00 -1.285222321748733521e-01 -1.838033795356750488e-01 3.242745697498321533e-01 9.189910292625427246e-01
-3.680284917354583740e-01 7.570613622665405273e-01 1.458595991134643555e+00 -1.148419529199600220e-01 -1.853722482919692993e-01 3.374330401420593262e-01 9.157442450523376465e-01
-3.702202439308166504e-01 7.586963176727294922e-01 1.460608482360839844e+00 -9.923163056373596191e-02 -1.872688829898834229e-01 3.508044481277465820e-01 9.121511578559875488e-01
-3.719710409641265869e-01 7.568976879119873047e-01 1.461643815040588379e+00 -8.641768991947174072e-02 -1.871888935565948486e-01 3.630265593528747559e-01 9.086826443672180176e-01
-3.731780052185058594e-01 7.557647228240966797e-01 1.462475061416625977e+00 -7.377284020185470581e-02 -1.864987015724182129e-01 3.742957115173339844e-01 9.053609967231750488e-01
-3.740287423133850098e-01 7.546039819717407227e-01 1.462849855422973633e+00 -6.217824667692184448e-02 -1.851971447467803955e-01 3.847926557064056396e-01 9.020923376083374023e-01
-3.751711249351501465e-01 7.528287172317504883e-01 1.461983919143676758e+00 -5.077771842479705811e-02 -1.830947399139404297e-01 3.947761952877044678e-01 8.989158272743225098e-01
-3.751274943351745605e-01 7.519724369049072266e-01 1.461848020553588867e+00 -4.062402248382568359e-02 -1.813233643770217896e-01 4.035882949829101562e-01 8.958728313446044922e-01
-3.746001422405242920e-01 7.515181303024291992e-01 1.462565660476684570e+00 -3.121120855212211609e-02 -1.798485219478607178e-01 4.120096862316131592e-01 8.927084207534790039e-01
-3.756293952465057373e-01 7.515456080436706543e-01 1.464257597923278809e+00 -2.251074835658073425e-02 -1.784355938434600830e-01 4.191754460334777832e-01 8.899134993553161621e-01
-3.761776387691497803e-01 7.502549886703491211e-01 1.465452075004577637e+00 -1.503931079059839249e-02 -1.770750880241394043e-01 4.249880611896514893e-01 8.875829577445983887e-01
-3.786120116710662842e-01 7.490814924240112305e-01 1.466811060905456543e+00 -8.566080592572689056e-03 -1.752679944038391113e-01 4.299018085002899170e-01 8.856592178344726562e-01
-3.813409805297851562e-01 7.477755546569824219e-01 1.468999624252319336e+00 -3.096300642937421799e-03 -1.736394464969635010e-01 4.337868094444274902e-01 8.841204047203063965e-01
-3.846784830093383789e-01 7.460197806358337402e-01 1.470241785049438477e+00 1.208172179758548737e-03 -1.721876561641693115e-01 4.369135200977325439e-01 8.828684091567993164e-01
-3.882017135620117188e-01 7.443020343780517578e-01 1.471614360809326172e+00 4.427894484251737595e-03 -1.715108603239059448e-01 4.387894868850708008e-01 8.820590972900390625e-01
-3.926368951797485352e-01 7.443532347679138184e-01 1.474260330200195312e+00 5.086566321551799774e-03 -1.723930835723876953e-01 4.389998316764831543e-01 8.817788958549499512e-01
-3.963887691497802734e-01 7.407062649726867676e-01 1.475425720214843750e+00 4.710422363132238388e-03 -1.727433949708938599e-01 4.379372894763946533e-01 8.822406530380249023e-01
-4.013797938823699951e-01 7.370194792747497559e-01 1.477400302886962891e+00 4.513704683631658554e-03 -1.734007894992828369e-01 4.359757900238037109e-01 8.830837607383728027e-01
-4.057333171367645264e-01 7.334447503089904785e-01 1.478716492652893066e+00 3.998702857643365860e-03 -1.749317198991775513e-01 4.336850643157958984e-01 8.839119076728820801e-01
-4.130975902080535889e-01 7.301504611968994141e-01 1.480864405632019043e+00 2.104376675561070442e-03 -1.767446696758270264e-01 4.300517141819000244e-01 8.853318691253662109e-01
-4.200951457023620605e-01 7.278554439544677734e-01 1.480971336364746094e+00 -1.418722240487113595e-04 -1.793683618307113647e-01 4.257875978946685791e-01 8.868663907051086426e-01
-4.247503876686096191e-01 7.239553928375244141e-01 1.480913639068603516e+00 -4.551033955067396164e-03 -1.830492168664932251e-01 4.205086231231689453e-01 8.886196017265319824e-01
-4.322884082794189453e-01 7.210799455642700195e-01 1.479293107986450195e+00 -8.142993785440921783e-03 -1.861371695995330811e-01 4.146422743797302246e-01 8.907067775726318359e-01
-4.393820166587829590e-01 7.171144485473632812e-01 1.478385329246520996e+00 -1.319164223968982697e-02 -1.896803826093673706e-01 4.083693027496337891e-01 8.927944302558898926e-01
-4.461713433265686035e-01 7.120758295059204102e-01 1.476698160171508789e+00 -1.921010017395019531e-02 -1.936466395854949951e-01 4.010013639926910400e-01 8.951703310012817383e-01
-4.530059397220611572e-01 7.072517275810241699e-01 1.475343823432922363e+00 -2.557735145092010498e-02 -1.978858262300491333e-01 3.934144079685211182e-01 8.974475860595703125e-01
-4.621042609214782715e-01 6.979671120643615723e-01 1.474429368972778320e+00 -3.453465178608894348e-02 -2.009581029415130615e-01 3.845979869365692139e-01 9.002819657325744629e-01
-4.701470732688903809e-01 6.914087533950805664e-01 1.472534298896789551e+00 -4.237250611186027527e-02 -2.052555829286575317e-01 3.760933279991149902e-01 9.025677442550659180e-01
-4.813627600669860840e-01 6.884765625000000000e-01 1.468875169754028320e+00 -4.813757166266441345e-02 -2.085962742567062378e-01 3.682193756103515625e-01 9.047568440437316895e-01
-4.919588565826416016e-01 6.836186647415161133e-01 1.467271327972412109e+00 -5.555668845772743225e-02 -2.124378085136413574e-01 3.592563569545745850e-01 9.070383906364440918e-01
-5.015707612037658691e-01 6.789302825927734375e-01 1.465559482574462891e+00 -6.349729001522064209e-02 -2.169227898120880127e-01 3.505752980709075928e-01 9.088507294654846191e-01
-5.137625932693481445e-01 6.749659776687622070e-01 1.462228417396545410e+00 -7.061621546745300293e-02 -2.202937752008438110e-01 3.420801460742950439e-01 9.107498526573181152e-01
-5.260118246078491211e-01 6.720358133316040039e-01 1.459508895874023438e+00 -7.784279435873031616e-02 -2.241244316101074219e-01 3.336866497993469238e-01 9.123387336730957031e-01
-5.362437367439270020e-01 6.661177873611450195e-01 1.456508159637451172e+00 -8.669497072696685791e-02 -2.284019142389297485e-01 3.243373334407806396e-01 9.138500690460205078e-01
-5.482161045074462891e-01 6.615546345710754395e-01 1.452362656593322754e+00 -9.381778538227081299e-02 -2.318406403064727783e-01 3.160234689712524414e-01 9.151925444602966309e-01
-5.603855848312377930e-01 6.569617986679077148e-01 1.447793602943420410e+00 -1.006816551089286804e-01 -2.352162599563598633e-01 3.084133863449096680e-01 9.161974191665649414e-01
-5.723142027854919434e-01 6.522616147994995117e-01 1.442599534988403320e+00 -1.071776002645492554e-01 -2.382807135581970215e-01 3.015380799770355225e-01 9.169569611549377441e-01
-5.852982997894287109e-01 6.465542316436767578e-01 1.437499165534973145e+00 -1.135996207594871521e-01 -2.409760057926177979e-01 2.942296266555786133e-01 9.178532958030700684e-01
-5.984567403793334961e-01 6.406303644180297852e-01 1.432244062423706055e+00 -1.200964376330375671e-01 -2.435818612575531006e-01 2.874034047126770020e-01 9.185010194778442383e-01
-6.101559996604919434e-01 6.343543529510498047e-01 1.426105380058288574e+00 -1.263789385557174683e-01 -2.464438825845718384e-01 2.806795239448547363e-01 9.189738035202026367e-01
-6.240437030792236328e-01 6.278195381164550781e-01 1.419754266738891602e+00 -1.321581453084945679e-01 -2.483732700347900391e-01 2.746154665946960449e-01 9.194734692573547363e-01
-6.370982527732849121e-01 6.212409734725952148e-01 1.414220333099365234e+00 -1.382285356521606445e-01 -2.506245970726013184e-01 2.684979736804962158e-01 9.197766184806823730e-01
-6.504269242286682129e-01 6.135362982749938965e-01 1.407978177070617676e+00 -1.444929838180541992e-01 -2.526760995388031006e-01 2.623237669467926025e-01 9.200341701507568359e-01
-6.645489335060119629e-01 6.058621406555175781e-01 1.401330113410949707e+00 -1.500451117753982544e-01 -2.541310489177703857e-01 2.565575540065765381e-01 9.203706383705139160e-01
-6.782425642013549805e-01 5.970231294631958008e-01 1.394033432006835938e+00 -1.560215353965759277e-01 -2.555866539478302002e-01 2.509144842624664307e-01 9.205296039581298828e-01
-6.888047456741333008e-01 5.881834626197814941e-01 1.383076906204223633e+00 -1.611477881669998169e-01 -2.572311758995056152e-01 2.459414601325988770e-01 9.205304384231567383e-01
-6.971150636672973633e-01 5.779343247413635254e-01 1.370925903320312500e+00 -1.668770015239715576e-01 -2.584083974361419678e-01 2.401813268661499023e-01 9.207009077072143555e-01
-7.046888470649719238e-01 5.679538249969482422e-01 1.357865452766418457e+00 -1.724916249513626099e-01 -2.591736614704132080e-01 2.347559928894042969e-01 9.208503365516662598e-01
-7.105242013931274414e-01 5.578567385673522949e-01 1.345708727836608887e+00 -1.786595731973648071e-01 -2.604776918888092041e-01 2.290326952934265137e-01 9.207476377487182617e-01
-7.166658639907836914e-01 5.476469993591308594e-01 1.333321809768676758e+00 -1.845843195915222168e-01 -2.615029811859130859e-01 2.232229560613632202e-01 9.207152128219604492e-01
-7.238416671752929688e-01 5.384045839309692383e-01 1.321014404296875000e+00 -1.898119151592254639e-01 -2.618387639522552490e-01 2.177723050117492676e-01 9.208621978759765625e-01
-7.284836769104003906e-01 5.272298455238342285e-01 1.308819651603698730e+00 -1.961520016193389893e-01 -2.627322673797607422e-01 2.113389223814010620e-01 9.207779765129089355e-01
-7.334023714065551758e-01 5.160480737686157227e-01 1.297477722167968750e+00 -2.023795396089553833e-01 -2.633634209632873535e-01 2.050732672214508057e-01 9.206667542457580566e-01
-7.383111119270324707e-01 5.046467781066894531e-01 1.286105036735534668e+00 -2.085792720317840576e-01 -2.639913856983184814e-01 1.984015405178070068e-01 9.205651283264160156e-01
-7.432703375816345215e-01 4.929328262805938721e-01 1.274461150169372559e+00 -2.146686017513275146e-01 -2.641639709472656250e-01 1.920209974050521851e-01 9.204688072204589844e-01
-7.474731206893920898e-01 4.794857203960418701e-01 1.263203144073486328e+00 -2.215954512357711792e-01 -2.646016478538513184e-01 1.845552623271942139e-01 9.202286601066589355e-01
-7.516461014747619629e-01 4.668081402778625488e-01 1.252515912055969238e+00 -2.284270972013473511e-01 -2.650088965892791748e-01 1.772792190313339233e-01 9.198715090751647949e-01
-7.555444240570068359e-01 4.531450569629669189e-01 1.240862727165222168e+00 -2.352270185947418213e-01 -2.648597359657287598e-01 1.698848009109497070e-01 9.195959568023681641e-01
-7.590392827987670898e-01 4.400437474250793457e-01 1.230586051940917969e+00 -2.421478927135467529e-01 -2.650197148323059082e-01 1.622130870819091797e-01 9.191386699676513672e-01
-7.622117996215820312e-01 4.266319274902343750e-01 1.220793247222900391e+00 -2.495130598545074463e-01 -2.652443647384643555e-01 1.540962457656860352e-01 9.185004830360412598e-01
-7.658939957618713379e-01 4.129583239555358887e-01 1.211017131805419922e+00 -2.568095028400421143e-01 -2.647183835506439209e-01 1.455101966857910156e-01 9.180412888526916504e-01
-7.693538665771484375e-01 3.990517556667327881e-01 1.201663494110107422e+00 -2.643043398857116699e-01 -2.645122110843658447e-01 1.368739753961563110e-01 9.173014760017395020e-01
-7.727980613708496094e-01 3.852361142635345459e-01 1.192099571228027344e+00 -2.718648314476013184e-01 -2.639773786067962646e-01 1.283654719591140747e-01 9.164757728576660156e-01
-7.753709554672241211e-01 3.717269301414489746e-01 1.182618618011474609e+00 -2.791015803813934326e-01 -2.638747990131378174e-01 1.194386705756187439e-01 9.155364036560058594e-01
-7.784746289253234863e-01 3.585553169250488281e-01 1.172898173332214355e+00 -2.865381836891174316e-01 -2.630164325237274170e-01 1.108370572328567505e-01 9.145672917366027832e-01
-7.813152670860290527e-01 3.449613749980926514e-01 1.163725376129150391e+00 -2.939274013042449951e-01 -2.624696493148803711e-01 1.016566827893257141e-01 9.134452939033508301e-01
-7.838272452354431152e-01 3.314866125583648682e-01 1.155068039894104004e+00 -3.014339804649353027e-01 -2.622144818305969238e-01 9.266045689582824707e-02 9.120280742645263672e-01
-7.870209813117980957e-01 3.178207278251647949e-01 1.146330237388610840e+00 -3.090771734714508057e-01 -2.612678706645965576e-01 8.341182023286819458e-02 9.106332659721374512e-01
-7.900818586349487305e-01 3.044835329055786133e-01 1.137635469436645508e+00 -3.164759874343872070e-01 -2.603211104869842529e-01 7.430739700794219971e-02 9.091503024101257324e-01
-7.925471067428588867e-01 2.901906967163085938e-01 1.129264950752258301e+00 -3.240647614002227783e-01 -2.597481608390808105e-01 6.501024216413497925e-02 9.073514342308044434e-01
-7.943472266197204590e-01 2.756260633468627930e-01 1.120465755462646484e+00 -3.318426012992858887e-01 -2.594111263751983643e-01 5.573355406522750854e-02 9.052514433860778809e-01
-7.967655062675476074e-01 2.623804807662963867e-01 1.111896514892578125e+00 -3.389232456684112549e-01 -2.587302923202514648e-01 4.656686261296272278e-02 9.033389091491699219e-01
-7.988095879554748535e-01 2.501005530357360840e-01 1.104099512100219727e+00 -3.459643721580505371e-01 -2.581789195537567139e-01 3.753511607646942139e-02 9.012455344200134277e-01
