-0.000000000000000000e+00 -0.000000000000000000e+00 -0.000000000000000000e+00 -0.000000000000000000e+00 -0.000000000000000000e+00 -0.000000000000000000e+00 1.000000000000000000e+00
-0.000000000000000000e+00 -0.000000000000000000e+00 -0.000000000000000000e+00 -0.000000000000000000e+00 -0.000000000000000000e+00 -0.000000000000000000e+00 1.000000000000000000e+00
1.821145415306091309e-02 1.803826726973056793e-02 2.248377725481987000e-02 -2.791766310110688210e-03 -1.429592375643551350e-03 -2.169676590710878372e-03 9.999927878379821777e-01
2.673166990280151367e-02 2.568448893725872040e-02 3.264178335666656494e-02 -4.277528263628482819e-03 -8.641229360364377499e-04 -3.271627705544233322e-03 9.999851584434509277e-01
2.673166990280151367e-02 2.568448893725872040e-02 3.264178335666656494e-02 -4.277528263628482819e-03 -8.641229360364377499e-04 -3.271627705544233322e-03 9.999851584434509277e-01
4.285652190446853638e-02 3.624663129448890686e-02 5.276769399642944336e-02 -8.960844017565250397e-03 3.521994454786181450e-03 -6.671850103884935379e-03 9.999313950538635254e-01
4.285652190446853638e-02 3.624663129448890686e-02 5.276769399642944336e-02 -8.960844017565250397e-03 3.521994454786181450e-03 -6.671850103884935379e-03 9.999313950538635254e-01
6.176891550421714783e-02 4.846316576004028320e-02 7.191351056098937988e-02 -1.227433420717716217e-02 9.008991532027721405e-03 -1.125148683786392212e-02 9.998208284378051758e-01
6.176891550421714783e-02 4.846316576004028320e-02 7.191351056098937988e-02 -1.227433420717716217e-02 9.008991532027721405e-03 -1.125148683786392212e-02 9.998208284378051758e-01
7.860495895147323608e-02 6.067096441984176636e-02 9.104194492101669312e-02 -1.626978814601898193e-02 1.724379695951938629e-02 -1.693090237677097321e-02 9.995756149291992188e-01
7.860495895147323608e-02 6.067096441984176636e-02 9.104194492101669312e-02 -1.626978814601898193e-02 1.724379695951938629e-02 -1.693090237677097321e-02 9.995756149291992188e-01
9.546538442373275757e-02 7.274531573057174683e-02 1.088351309299468994e-01 -2.038177102804183960e-02 2.615144662559032440e-02 -2.217536233365535736e-02 9.992042183876037598e-01
9.546538442373275757e-02 7.274531573057174683e-02 1.088351309299468994e-01 -2.038177102804183960e-02 2.615144662559032440e-02 -2.217536233365535736e-02 9.992042183876037598e-01
1.122549399733543396e-01 8.222363144159317017e-02 1.236235573887825012e-01 -2.424238249659538269e-02 3.509859368205070496e-02 -2.851771377027034760e-02 9.986827969551086426e-01
1.215259507298469543e-01 8.681766688823699951e-02 1.324459016323089600e-01 -2.661936916410923004e-02 3.988127037882804871e-02 -3.172814100980758667e-02 9.983457922935485840e-01
1.310731619596481323e-01 9.291121363639831543e-02 1.387993693351745605e-01 -2.828796952962875366e-02 4.508960247039794922e-02 -3.449837490916252136e-02 9.979862570762634277e-01
1.398687660694122314e-01 9.904272854328155518e-02 1.455638110637664795e-01 -2.974657900631427765e-02 5.000952258706092834e-02 -3.626884147524833679e-02 9.976466298103332520e-01
1.542992293834686279e-01 1.077032610774040222e-01 1.489733904600143433e-01 -2.521535381674766541e-02 4.570354893803596497e-02 -3.768350556492805481e-02 9.979255199432373047e-01
1.664402484893798828e-01 1.143663227558135986e-01 1.581708937883377075e-01 -2.591984532773494720e-02 4.864340648055076599e-02 -3.906657919287681580e-02 9.977153539657592773e-01
1.798422187566757202e-01 1.214284077286720276e-01 1.661166548728942871e-01 -2.611128799617290497e-02 5.080128088593482971e-02 -4.005504027009010315e-02 9.975636005401611328e-01
1.953345984220504761e-01 1.274199932813644409e-01 1.736064106225967407e-01 -2.653176523745059967e-02 5.213389173150062561e-02 -3.825602307915687561e-02 9.975543022155761719e-01
2.135573476552963257e-01 1.363997608423233032e-01 1.786904484033584595e-01 -2.415947616100311279e-02 5.121265724301338196e-02 -3.377585113048553467e-02 9.978240132331848145e-01
2.303572744131088257e-01 1.422636508941650391e-01 1.844998598098754883e-01 -2.318910509347915649e-02 5.151747167110443115e-02 -3.226093575358390808e-02 9.978815317153930664e-01
2.478154450654983521e-01 1.487510651350021362e-01 1.846426129341125488e-01 -2.124785631895065308e-02 5.123109742999076843e-02 -2.888188697397708893e-02 9.980430006980895996e-01
2.613869011402130127e-01 1.532697379589080811e-01 1.940941661596298218e-01 -2.034463733434677124e-02 5.243074893951416016e-02 -2.646413818001747131e-02 9.980665445327758789e-01
2.759021520614624023e-01 1.544651836156845093e-01 2.037787288427352905e-01 -1.998646557331085205e-02 5.233719944953918457e-02 -2.506445161998271942e-02 9.981148242950439453e-01
2.901459336280822754e-01 1.531436443328857422e-01 2.140946835279464722e-01 -2.019461989402770996e-02 5.073895677924156189e-02 -2.458266913890838623e-02 9.982051253318786621e-01
2.842520475387573242e-01 1.538709104061126709e-01 2.251378446817398071e-01 -2.010524272918701172e-02 5.281755328178405762e-02 -3.152151033282279968e-02 9.979040622711181641e-01
2.996566891670227051e-01 1.559191644191741943e-01 2.324662953615188599e-01 -1.943171583116054535e-02 5.303208157420158386e-02 -3.041989542543888092e-02 9.979402422904968262e-01
3.153041005134582520e-01 1.600424647331237793e-01 2.394355237483978271e-01 -1.911088638007640839e-02 5.327801406383514404e-02 -2.984493225812911987e-02 9.979506731033325195e-01
3.305877745151519775e-01 1.628488451242446899e-01 2.473490238189697266e-01 -1.931553706526756287e-02 5.303643643856048584e-02 -2.898784168064594269e-02 9.979848861694335938e-01
3.454960882663726807e-01 1.679634004831314087e-01 2.544121444225311279e-01 -1.835189387202262878e-02 5.376916006207466125e-02 -2.856769226491451263e-02 9.979759454727172852e-01
3.549166917800903320e-01 1.753692924976348877e-01 2.681205570697784424e-01 -1.832053251564502716e-02 5.439350381493568420e-02 -2.883546799421310425e-02 9.979349970817565918e-01
3.611697554588317871e-01 1.829804033041000366e-01 2.808187007904052734e-01 -1.958240009844303131e-02 5.396784469485282898e-02 -2.949641458690166473e-02 9.979148507118225098e-01
3.613229990005493164e-01 1.934304833412170410e-01 2.938221991062164307e-01 -1.920048519968986511e-02 5.457013100385665894e-02 -2.958101779222488403e-02 9.978870153427124023e-01
3.635487258434295654e-01 2.030502259731292725e-01 3.070445656776428223e-01 -1.963512413203716278e-02 5.354038625955581665e-02 -3.079776465892791748e-02 9.978975057601928711e-01
3.524271845817565918e-01 2.128926664590835571e-01 3.238065242767333984e-01 -1.892533525824546814e-02 5.321816354990005493e-02 -3.095793165266513824e-02 9.979234933853149414e-01
3.545871376991271973e-01 2.228729426860809326e-01 3.357523679733276367e-01 -1.908721588551998138e-02 5.250921100378036499e-02 -3.145703300833702087e-02 9.979423284530639648e-01
3.544112443923950195e-01 2.338548004627227783e-01 3.497294783592224121e-01 -1.952098868787288666e-02 5.235487595200538635e-02 -3.179857879877090454e-02 9.979312419891357422e-01
3.543581664562225342e-01 2.459987401962280273e-01 3.639629185199737549e-01 -1.925583183765411377e-02 5.233312398195266724e-02 -3.220850601792335510e-02 9.979244470596313477e-01
3.548590838909149170e-01 2.573228180408477783e-01 3.746824562549591064e-01 -1.910338178277015686e-02 5.283462256193161011e-02 -3.225753083825111389e-02 9.978993535041809082e-01
3.565688133239746094e-01 2.700600028038024902e-01 3.873760402202606201e-01 -1.921942085027694702e-02 5.276499316096305847e-02 -3.191685676574707031e-02 9.979117512702941895e-01
3.571502268314361572e-01 2.854385077953338623e-01 4.055988490581512451e-01 -1.978000439703464508e-02 5.218663066625595093e-02 -3.271106258034706116e-02 9.979054927825927734e-01
3.596536815166473389e-01 2.843726575374603271e-01 4.112931489944458008e-01 -2.232542261481285095e-02 4.898039251565933228e-02 -3.597578406333923340e-02 9.979019165039062500e-01
3.613266348838806152e-01 2.965837419033050537e-01 4.235756099224090576e-01 -2.269807457923889160e-02 4.877306893467903137e-02 -3.618787601590156555e-02 9.978960156440734863e-01
3.623278141021728516e-01 3.095142841339111328e-01 4.368925690650939941e-01 -2.206871844828128815e-02 4.885413125157356262e-02 -3.651303052902221680e-02 9.978943467140197754e-01
3.634145855903625488e-01 3.226661682128906250e-01 4.496972858905792236e-01 -2.185339294373989105e-02 4.964017122983932495e-02 -3.578886389732360840e-02 9.978864789009094238e-01
3.643289208412170410e-01 3.336102962493896484e-01 4.597173035144805908e-01 -2.162886597216129303e-02 5.025256052613258362e-02 -3.497928753495216370e-02 9.978894591331481934e-01
3.665310740470886230e-01 3.386023640632629395e-01 4.694557487964630127e-01 -2.368408069014549255e-02 4.653573781251907349e-02 -3.989761322736740112e-02 9.978385567665100098e-01
3.679665625095367432e-01 3.476895391941070557e-01 4.769214391708374023e-01 -2.353925630450248718e-02 4.742958024144172668e-02 -3.890551626682281494e-02 9.978390336036682129e-01
3.674299418926239014e-01 3.462800383567810059e-01 4.796723127365112305e-01 -2.514003217220306396e-02 4.519572481513023376e-02 -3.940415009856224060e-02 9.978840947151184082e-01
3.676441013813018799e-01 3.542990684509277344e-01 4.897955358028411865e-01 -2.564244158565998077e-02 4.546150565147399902e-02 -3.946401178836822510e-02 9.978569149971008301e-01
3.674952983856201172e-01 3.621607720851898193e-01 4.992834925651550293e-01 -2.528197877109050751e-02 4.540802910923957825e-02 -3.911987692117691040e-02 9.978820681571960449e-01
3.672018349170684814e-01 3.685256242752075195e-01 5.081028938293457031e-01 -2.568108588457107544e-02 4.540145397186279297e-02 -4.004161804914474487e-02 9.978355765342712402e-01
3.662925064563751221e-01 3.757641017436981201e-01 5.186755657196044922e-01 -2.594570070505142212e-02 4.504218697547912598e-02 -4.083807021379470825e-02 9.978128075599670410e-01
3.653145730495452881e-01 3.814734518527984619e-01 5.280277132987976074e-01 -2.655976451933383942e-02 4.418528825044631958e-02 -4.032351076602935791e-02 9.978559017181396484e-01
3.637879490852355957e-01 3.874588608741760254e-01 5.388127565383911133e-01 -2.662959322333335876e-02 4.373997822403907776e-02 -4.140658676624298096e-02 9.978292584419250488e-01
3.626614809036254883e-01 3.903225064277648926e-01 5.476030707359313965e-01 -2.803204581141471863e-02 4.265090450644493103e-02 -4.409421607851982117e-02 9.977228045463562012e-01
3.614045977592468262e-01 3.909409642219543457e-01 5.412131547927856445e-01 -2.138134092092514038e-02 4.800594598054885864e-02 -3.437701612710952759e-02 9.980263710021972656e-01
3.584846854209899902e-01 3.948425650596618652e-01 5.483862757682800293e-01 -1.923773624002933502e-02 4.967369139194488525e-02 -3.139644861221313477e-02 9.980865716934204102e-01
3.548455834388732910e-01 3.986354172229766846e-01 5.547879338264465332e-01 -1.656613685190677643e-02 5.208744481205940247e-02 -2.862928807735443115e-02 9.980946779251098633e-01
3.522479236125946045e-01 3.997868895530700684e-01 5.607514977455139160e-01 -1.913363486528396606e-02 4.963428527116775513e-02 -3.057295829057693481e-02 9.981160759925842285e-01
3.490337133407592773e-01 4.014705419540405273e-01 5.632160305976867676e-01 -1.905160024762153625e-02 4.945432394742965698e-02 -3.136124834418296814e-02 9.981021285057067871e-01
3.461337983608245850e-01 4.016097187995910645e-01 5.666759610176086426e-01 -2.129975333809852600e-02 4.803553968667984009e-02 -3.421992436051368713e-02 9.980320930480957031e-01
3.438386619091033936e-01 4.026981592178344727e-01 5.711699724197387695e-01 -2.352221310138702393e-02 4.562592133879661560e-02 -3.841131553053855896e-02 9.979426860809326172e-01
3.415063917636871338e-01 4.068698585033416748e-01 5.738440155982971191e-01 -2.212490886449813843e-02 4.809505119919776917e-02 -3.548231348395347595e-02 9.979671239852905273e-01
3.399099409580230713e-01 4.096576571464538574e-01 5.813399553298950195e-01 -2.298199944198131561e-02 4.615521058440208435e-02 -3.689160197973251343e-02 9.979882836341857910e-01
3.385489583015441895e-01 4.111343622207641602e-01 5.810295939445495605e-01 -2.243660576641559601e-02 4.723507910966873169e-02 -3.592613711953163147e-02 9.979853630065917969e-01
3.380522727966308594e-01 4.121620953083038330e-01 5.814409852027893066e-01 -2.122448757290840149e-02 4.879019409418106079e-02 -3.376186639070510864e-02 9.980126023292541504e-01
3.331218957901000977e-01 4.170343577861785889e-01 5.859937667846679688e-01 -2.111014723777770996e-02 4.930956289172172546e-02 -3.417835012078285217e-02 9.979753494262695312e-01
3.329508006572723389e-01 4.197671413421630859e-01 5.904703140258789062e-01 -2.204464189708232880e-02 4.920498281717300415e-02 -3.451675549149513245e-02 9.979487061500549316e-01
3.338492214679718018e-01 4.302076995372772217e-01 6.060973405838012695e-01 -2.245966158807277679e-02 4.811831563711166382e-02 -3.731977939605712891e-02 9.978914856910705566e-01
3.331722915172576904e-01 4.359308481216430664e-01 6.119273304939270020e-01 -2.128202281892299652e-02 4.908736422657966614e-02 -3.361624851822853088e-02 9.980017542839050293e-01
3.316012322902679443e-01 4.404694736003875732e-01 6.125956773757934570e-01 -2.100129984319210052e-02 4.897858574986457825e-02 -3.359980508685112000e-02 9.980136156082153320e-01
3.623535037040710449e-01 4.790101051330566406e-01 6.438772082328796387e-01 2.438274212181568146e-02 -6.511335819959640503e-02 1.393182277679443359e-01 9.878037571907043457e-01
3.618462979793548584e-01 4.835618138313293457e-01 6.505694985389709473e-01 2.426439709961414337e-02 -6.536009162664413452e-02 1.397126168012619019e-01 9.877346158027648926e-01
3.589037656784057617e-01 4.885802865028381348e-01 6.616508960723876953e-01 2.377975545823574066e-02 -6.597667187452316284e-02 1.398005336523056030e-01 9.876930117607116699e-01
3.606669604778289795e-01 4.953250885009765625e-01 6.697430014610290527e-01 2.399270236492156982e-02 -7.076878845691680908e-02 1.413788497447967529e-01 9.871312975883483887e-01
3.555003106594085693e-01 5.065809488296508789e-01 6.939246654510498047e-01 2.396709099411964417e-02 -7.440558075904846191e-02 1.360051631927490234e-01 9.876194000244140625e-01
3.626494407653808594e-01 5.104467272758483887e-01 6.820076704025268555e-01 3.094398602843284607e-02 -8.938921242952346802e-02 1.624050736427307129e-01 9.821795821189880371e-01
3.641963899135589600e-01 5.193598866462707520e-01 6.917144656181335449e-01 1.582081243395805359e-02 -9.601736068725585938e-02 1.594267040491104126e-01 9.824019074440002441e-01
3.621771037578582764e-01 5.238687992095947266e-01 6.989543437957763672e-01 -8.265476208180189133e-04 -1.023500114679336548e-01 1.560765951871871948e-01 9.824275374412536621e-01
3.596983253955841064e-01 5.316973924636840820e-01 7.112327218055725098e-01 -2.077684737741947174e-02 -1.075260192155838013e-01 1.488918960094451904e-01 9.827704429626464844e-01
3.604297637939453125e-01 5.397827029228210449e-01 7.223855257034301758e-01 -4.217716306447982788e-02 -1.136687174439430237e-01 1.414295732975006104e-01 9.824959635734558105e-01
3.693924844264984131e-01 5.442112684249877930e-01 7.217190265655517578e-01 -6.469921767711639404e-02 -1.213300675153732300e-01 1.342036426067352295e-01 9.813676476478576660e-01
3.688650727272033691e-01 5.528163313865661621e-01 7.335500717163085938e-01 -8.959028124809265137e-02 -1.265078186988830566e-01 1.232943162322044373e-01 9.801876544952392578e-01
3.665022253990173340e-01 5.602593421936035156e-01 7.463815808296203613e-01 -1.152423247694969177e-01 -1.314547806978225708e-01 1.120422482490539551e-01 9.782052040100097656e-01
3.638288378715515137e-01 5.669075250625610352e-01 7.583751678466796875e-01 -1.419189721345901489e-01 -1.367624104022979736e-01 1.000966504216194153e-01 9.752619266510009766e-01
3.648355901241302490e-01 5.694133043289184570e-01 7.614913582801818848e-01 -1.687347441911697388e-01 -1.428073942661285400e-01 8.717904984951019287e-02 9.713570475578308105e-01
3.614760637283325195e-01 5.762984156608581543e-01 7.723481059074401855e-01 -1.956959962844848633e-01 -1.474001854658126831e-01 7.431510835886001587e-02 9.666714072227478027e-01
3.597665131092071533e-01 5.832324624061584473e-01 7.824995517730712891e-01 -2.223130315542221069e-01 -1.525148451328277588e-01 6.224633753299713135e-02 9.609587192535400391e-01
3.560433983802795410e-01 5.896283984184265137e-01 7.929713726043701172e-01 -2.489105165004730225e-01 -1.570177078247070312e-01 5.068008601665496826e-02 9.543691873550415039e-01
3.538094460964202881e-01 5.933449864387512207e-01 8.017932176589965820e-01 -2.754540741443634033e-01 -1.624786257743835449e-01 3.892526403069496155e-02 9.466840028762817383e-01
3.498283326625823975e-01 5.992196798324584961e-01 8.128761053085327148e-01 -3.006735146045684814e-01 -1.673842370510101318e-01 2.823961526155471802e-02 9.384990930557250977e-01
3.453071713447570801e-01 6.048814654350280762e-01 8.236991763114929199e-01 -3.248750269412994385e-01 -1.724067032337188721e-01 1.855638623237609863e-02 9.297246336936950684e-01
3.406941294670104980e-01 6.102561950683593750e-01 8.348046541213989258e-01 -3.477214574813842773e-01 -1.775561422109603882e-01 9.979709982872009277e-03 9.205781221389770508e-01
3.371019661426544189e-01 6.146138310432434082e-01 8.436381816864013672e-01 -3.690908551216125488e-01 -1.831399649381637573e-01 3.002022393047809601e-03 9.111655950546264648e-01
3.324573934078216553e-01 6.202591657638549805e-01 8.547285795211791992e-01 -3.885057866573333740e-01 -1.889949589967727661e-01 -1.979185733944177628e-03 9.018537998199462891e-01
3.280147910118103027e-01 6.259676218032836914e-01 8.654150962829589844e-01 -4.058449864387512207e-01 -1.950435489416122437e-01 -4.244288895279169083e-03 8.928773403167724609e-01
3.231836557388305664e-01 6.316125392913818359e-01 8.768595457077026367e-01 -4.212616682052612305e-01 -2.019004970788955688e-01 -5.245821550488471985e-03 8.841647505760192871e-01
3.188807964324951172e-01 6.372587680816650391e-01 8.880308866500854492e-01 -4.342861473560333252e-01 -2.095211595296859741e-01 -2.562207868322730064e-03 8.760650753974914551e-01
3.141968250274658203e-01 6.426102519035339355e-01 8.993114233016967773e-01 -4.447509944438934326e-01 -2.182054966688156128e-01 1.682716538198292255e-03 8.686656951904296875e-01
3.090338110923767090e-01 6.479648351669311523e-01 9.105608463287353516e-01 -4.531959891319274902e-01 -2.267443835735321045e-01 8.337064646184444427e-03 8.620504140853881836e-01
3.040130138397216797e-01 6.534570455551147461e-01 9.218255281448364258e-01 -4.595158994197845459e-01 -2.357772588729858398e-01 1.722939498722553253e-02 8.561293482780456543e-01
2.985945343971252441e-01 6.589617729187011719e-01 9.334830641746520996e-01 -4.640871584415435791e-01 -2.454988658428192139e-01 2.791184186935424805e-02 8.506317734718322754e-01
2.930825948715209961e-01 6.645569801330566406e-01 9.456262588500976562e-01 -4.664755463600158691e-01 -2.556511759757995605e-01 4.067943617701530457e-02 8.458063006401062012e-01
2.870746254920959473e-01 6.698017716407775879e-01 9.573711752891540527e-01 -4.671502709388732910e-01 -2.658879756927490234e-01 5.480109155178070068e-02 8.414695858955383301e-01
2.804246842861175537e-01 6.747161149978637695e-01 9.696767330169677734e-01 -4.664249420166015625e-01 -2.765383124351501465e-01 7.019442319869995117e-02 8.372855782508850098e-01
2.733114957809448242e-01 6.798682808876037598e-01 9.812921285629272461e-01 -4.636727869510650635e-01 -2.869961559772491455e-01 8.681610226631164551e-02 8.337288498878479004e-01
2.654248178005218506e-01 6.844909191131591797e-01 9.930255413055419922e-01 -4.593474268913269043e-01 -2.979517877101898193e-01 1.045455038547515869e-01 8.302379250526428223e-01
2.562995553016662598e-01 6.887176036834716797e-01 1.004407644271850586e+00 -4.533478021621704102e-01 -3.085612058639526367e-01 1.231577247381210327e-01 8.271021842956542969e-01
2.465939521789550781e-01 6.927421092987060547e-01 1.015007853507995605e+00 -4.456391036510467529e-01 -3.195701539516448975e-01 1.428361237049102783e-01 8.239409327507019043e-01
2.357001304626464844e-01 6.959500908851623535e-01 1.025163531303405762e+00 -4.366994500160217285e-01 -3.304864764213562012e-01 1.630528867244720459e-01 8.206619620323181152e-01
2.238326668739318848e-01 6.992367506027221680e-01 1.034346461296081543e+00 -4.261406064033508301e-01 -3.416708111763000488e-01 1.836267858743667603e-01 8.172798752784729004e-01
2.118037343025207520e-01 7.035223245620727539e-01 1.041751027107238770e+00 -4.139302968978881836e-01 -3.520093560218811035e-01 2.044213265180587769e-01 8.142254948616027832e-01
2.010218501091003418e-01 7.109462022781372070e-01 1.050165534019470215e+00 -4.005458354949951172e-01 -3.624492585659027100e-01 2.251835018396377563e-01 8.108550310134887695e-01
1.898283958435058594e-01 7.152152657508850098e-01 1.059425830841064453e+00 -3.864504694938659668e-01 -3.725910782814025879e-01 2.456685900688171387e-01 8.071424961090087891e-01
1.786648631095886230e-01 7.181771993637084961e-01 1.068276286125183105e+00 -3.714699447154998779e-01 -3.822520077228546143e-01 2.662133872509002686e-01 8.031339049339294434e-01
1.675170063972473145e-01 7.211111187934875488e-01 1.076318740844726562e+00 -3.550935387611389160e-01 -3.916488587856292725e-01 2.860275506973266602e-01 7.991920709609985352e-01
1.566306948661804199e-01 7.237521409988403320e-01 1.084469199180603027e+00 -3.387643694877624512e-01 -4.006722271442413330e-01 3.055909872055053711e-01 7.945531606674194336e-01
1.458709836006164551e-01 7.254012823104858398e-01 1.091564536094665527e+00 -3.214305639266967773e-01 -4.087219536304473877e-01 3.236170411109924316e-01 7.905066013336181641e-01
1.353735327720642090e-01 7.276571989059448242e-01 1.098723769187927246e+00 -3.035782873630523682e-01 -4.168908298015594482e-01 3.410224020481109619e-01 7.859681844711303711e-01
1.251721382141113281e-01 7.302569150924682617e-01 1.105244398117065430e+00 -2.846704125404357910e-01 -4.246082305908203125e-01 3.578498959541320801e-01 7.814180254936218262e-01
1.151136159896850586e-01 7.330970764160156250e-01 1.111716747283935547e+00 -2.658130228519439697e-01 -4.320842921733856201e-01 3.741381466388702393e-01 7.763164639472961426e-01
1.054468750953674316e-01 7.356301546096801758e-01 1.117417097091674805e+00 -2.453154772520065308e-01 -4.394767880439758301e-01 3.874630928039550781e-01 7.723683714866638184e-01
9.610664844512939453e-02 7.379344105720520020e-01 1.122994422912597656e+00 -2.243117392063140869e-01 -4.467899799346923828e-01 3.993717133998870850e-01 7.684825062751770020e-01
8.687698841094970703e-02 7.401496171951293945e-01 1.127906441688537598e+00 -2.035195976495742798e-01 -4.530962407588958740e-01 4.112110435962677002e-01 7.643226385116577148e-01
7.801353931427001953e-02 7.424871921539306641e-01 1.133022189140319824e+00 -1.836881339550018311e-01 -4.588159620761871338e-01 4.231009781360626221e-01 7.594287395477294922e-01
6.986260414123535156e-02 7.441852092742919922e-01 1.137663006782531738e+00 -1.640847176313400269e-01 -4.638034999370574951e-01 4.347401857376098633e-01 7.542966604232788086e-01
6.179022789001464844e-02 7.461461424827575684e-01 1.141937732696533203e+00 -1.447409093379974365e-01 -4.684776365756988525e-01 4.462400972843170166e-01 7.486312389373779297e-01
5.382120609283447266e-02 7.478625774383544922e-01 1.145638465881347656e+00 -1.263098418712615967e-01 -4.729039371013641357e-01 4.574362039566040039e-01 7.424014210700988770e-01
4.649186134338378906e-02 7.490881085395812988e-01 1.147935390472412109e+00 -1.085027605295181274e-01 -4.767758548259735107e-01 4.680469930171966553e-01 7.361004948616027832e-01
3.761422634124755859e-02 7.519747614860534668e-01 1.150449275970458984e+00 -9.068663418292999268e-02 -4.806530177593231201e-01 4.798617660999298096e-01 7.283415794372558594e-01
3.081953525543212891e-02 7.525294423103332520e-01 1.152457475662231445e+00 -7.472051680088043213e-02 -4.839520752429962158e-01 4.899468421936035156e-01 7.212207317352294922e-01
2.406954765319824219e-02 7.532677650451660156e-01 1.153972506523132324e+00 -5.891869217157363892e-02 -4.870732426643371582e-01 4.996717572212219238e-01 7.138742208480834961e-01
1.800715923309326172e-02 7.545269727706909180e-01 1.155981898307800293e+00 -4.413972049951553345e-02 -4.904378652572631836e-01 5.094444155693054199e-01 7.056832313537597656e-01
1.180815696716308594e-02 7.545552849769592285e-01 1.157475590705871582e+00 -2.917138859629631042e-02 -4.933304488658905029e-01 5.163868665695190430e-01 6.993702650070190430e-01
6.023883819580078125e-03 7.568438649177551270e-01 1.159579873085021973e+00 -1.387886423617601395e-02 -4.967058002948760986e-01 5.230786204338073730e-01 6.924446821212768555e-01
-4.649162292480468750e-04 7.574711441993713379e-01 1.160937428474426270e+00 -2.792365266941487789e-04 -4.992344975471496582e-01 5.295206904411315918e-01 6.858372688293457031e-01
-5.343914031982421875e-03 7.594645619392395020e-01 1.161987900733947754e+00 1.204396411776542664e-02 -5.017356872558593750e-01 5.364947319030761719e-01 6.784465909004211426e-01
-9.982466697692871094e-03 7.604193687438964844e-01 1.163348197937011719e+00 1.382236089557409286e-02 -5.081389546394348145e-01 5.361207723617553711e-01 6.739275455474853516e-01
-1.385343074798583984e-02 7.608848810195922852e-01 1.164519667625427246e+00 1.516774576157331467e-02 -5.141922831535339355e-01 5.358175635337829590e-01 6.695340275764465332e-01
-1.714861392974853516e-02 7.614070773124694824e-01 1.165823221206665039e+00 1.638446003198623657e-02 -5.201047062873840332e-01 5.355164408683776855e-01 6.651652455329895020e-01
-2.046000957489013672e-02 7.620592117309570312e-01 1.167242765426635742e+00 1.768678985536098480e-02 -5.257673859596252441e-01 5.354749560356140137e-01 6.606984734535217285e-01
-2.300453186035156250e-02 7.623319029808044434e-01 1.167903065681457520e+00 1.892392151057720184e-02 -5.305680632591247559e-01 5.354288816452026367e-01 6.568526625633239746e-01
-2.567934989929199219e-02 7.630050778388977051e-01 1.169905781745910645e+00 1.991767250001430511e-02 -5.356737971305847168e-01 5.353065133094787598e-01 6.527662873268127441e-01
-2.855396270751953125e-02 7.627560496330261230e-01 1.170578241348266602e+00 2.082443237304687500e-02 -5.395115017890930176e-01 5.351561903953552246e-01 6.496934294700622559e-01
-3.011095523834228516e-02 7.627524733543395996e-01 1.170485019683837891e+00 2.181755565106868744e-02 -5.427159667015075684e-01 5.349509119987487793e-01 6.471561193466186523e-01
-3.200936317443847656e-02 7.628452777862548828e-01 1.171728134155273438e+00 2.217062748968601227e-02 -5.453934669494628906e-01 5.355146527290344238e-01 6.444210410118103027e-01
-3.424632549285888672e-02 7.634798288345336914e-01 1.173364639282226562e+00 2.256085351109504700e-02 -5.477632880210876465e-01 5.360396504402160645e-01 6.419563889503479004e-01
-3.507471084594726562e-02 7.635976076126098633e-01 1.174365043640136719e+00 2.252007648348808289e-02 -5.493726730346679688e-01 5.364417433738708496e-01 6.402444243431091309e-01
-3.631699085235595703e-02 7.639896869659423828e-01 1.174456119537353516e+00 2.241641469299793243e-02 -5.496734380722045898e-01 5.373417735099792480e-01 6.392343044281005859e-01
-3.648281097412109375e-02 7.636314630508422852e-01 1.174802064895629883e+00 2.178246900439262390e-02 -5.494320392608642578e-01 5.378403067588806152e-01 6.390444040298461914e-01
-3.676915168762207031e-02 7.635395526885986328e-01 1.175163984298706055e+00 2.112719044089317322e-02 -5.484164357185363770e-01 5.382859706878662109e-01 6.395634412765502930e-01
-3.740477561950683594e-02 7.641499638557434082e-01 1.175886392593383789e+00 2.000947296619415283e-02 -5.465661287307739258e-01 5.392998456954956055e-01 6.403287053108215332e-01
-3.812897205352783203e-02 7.645472884178161621e-01 1.175367355346679688e+00 1.969027705490589142e-02 -5.436917543411254883e-01 5.395258069038391113e-01 6.425912380218505859e-01
-3.848767280578613281e-02 7.649973630905151367e-01 1.176296472549438477e+00 1.913202181458473206e-02 -5.405396223068237305e-01 5.394880175590515137e-01 6.452933549880981445e-01
-3.850877285003662109e-02 7.653915286064147949e-01 1.176678299903869629e+00 1.814869605004787445e-02 -5.362543463706970215e-01 5.396562218666076660e-01 6.487473845481872559e-01
-3.973579406738281250e-02 7.649348378181457520e-01 1.176575541496276855e+00 1.681322045624256134e-02 -5.299894213676452637e-01 5.397139191627502441e-01 6.538635492324829102e-01
-4.190266132354736328e-02 7.649005055427551270e-01 1.178068399429321289e+00 1.598451472818851471e-02 -5.238236188888549805e-01 5.388242602348327637e-01 6.595618128776550293e-01
-4.173731803894042969e-02 7.649031877517700195e-01 1.178437590599060059e+00 2.414930379018187523e-03 -5.216478109359741211e-01 5.293028354644775391e-01 6.691160202026367188e-01
-4.499149322509765625e-02 7.651136517524719238e-01 1.179915428161621094e+00 -1.206790376454591751e-02 -5.180281996726989746e-01 5.191858410835266113e-01 6.796669960021972656e-01
-4.579818248748779297e-02 7.638692855834960938e-01 1.180776953697204590e+00 -2.906015329062938690e-02 -5.141762495040893555e-01 5.066193938255310059e-01 6.914587616920471191e-01
-4.808676242828369141e-02 7.635136246681213379e-01 1.181911587715148926e+00 -4.605814814567565918e-02 -5.094869136810302734e-01 4.937945604324340820e-01 7.031846642494201660e-01
-4.987442493438720703e-02 7.633917331695556641e-01 1.183392286300659180e+00 -6.397151201963424683e-02 -5.038949251174926758e-01 4.798669815063476562e-01 7.153497934341430664e-01
-5.213499069213867188e-02 7.626005411148071289e-01 1.185090899467468262e+00 -8.291846513748168945e-02 -4.978612065315246582e-01 4.643694758415222168e-01 7.277498245239257812e-01
-5.510056018829345703e-02 7.620261907577514648e-01 1.186691284179687500e+00 -1.022068262100219727e-01 -4.907918274402618408e-01 4.486284852027893066e-01 7.398713827133178711e-01
-5.754697322845458984e-02 7.624509334564208984e-01 1.189086079597473145e+00 -1.214949637651443481e-01 -4.839950799942016602e-01 4.322032928466796875e-01 7.511245012283325195e-01
-6.051445007324218750e-02 7.618051171302795410e-01 1.191190600395202637e+00 -1.411090344190597534e-01 -4.762475192546844482e-01 4.141865670680999756e-01 7.627096772193908691e-01
-6.362211704254150391e-02 7.616479396820068359e-01 1.193416953086853027e+00 -1.605251282453536987e-01 -4.680091738700866699e-01 3.963864445686340332e-01 7.733543515205383301e-01
-6.615227460861206055e-02 7.607370615005493164e-01 1.195152521133422852e+00 -1.799533665180206299e-01 -4.592592418193817139e-01 3.775254487991333008e-01 7.836914658546447754e-01
-6.937187910079956055e-02 7.604098320007324219e-01 1.197180628776550293e+00 -1.992295086383819580e-01 -4.502320289611816406e-01 3.589504957199096680e-01 7.929396629333496094e-01
-7.174700498580932617e-02 7.599511742591857910e-01 1.198748111724853516e+00 -2.175473123788833618e-01 -4.414200186729431152e-01 3.399750590324401855e-01 8.013978004455566406e-01
-7.392323017120361328e-02 7.595305442810058594e-01 1.200458884239196777e+00 -2.355184704065322876e-01 -4.325431883335113525e-01 3.209103941917419434e-01 8.089832663536071777e-01
-7.601374387741088867e-02 7.588497996330261230e-01 1.201450109481811523e+00 -2.526096999645233154e-01 -4.233056306838989258e-01 3.022075295448303223e-01 8.158868551254272461e-01
-7.785981893539428711e-02 7.585328817367553711e-01 1.202063560485839844e+00 -2.685470283031463623e-01 -4.144394397735595703e-01 2.840065062046051025e-01 8.218654394149780273e-01
-7.905262708663940430e-02 7.587805390357971191e-01 1.202893137931823730e+00 -2.836852967739105225e-01 -4.061938226222991943e-01 2.666701376438140869e-01 8.266898989677429199e-01
-8.019196987152099609e-02 7.587201595306396484e-01 1.203576803207397461e+00 -2.976452708244323730e-01 -3.984991014003753662e-01 2.500497698783874512e-01 8.307110667228698730e-01
-8.111685514450073242e-02 7.586237788200378418e-01 1.204040169715881348e+00 -3.103069365024566650e-01 -3.913845121860504150e-01 2.344702035188674927e-01 8.339973092079162598e-01
-8.175206184387207031e-02 7.585370540618896484e-01 1.204278349876403809e+00 -3.215828835964202881e-01 -3.849927783012390137e-01 2.201873660087585449e-01 8.365898132324218750e-01
-8.204305171966552734e-02 7.585376501083374023e-01 1.204479217529296875e+00 -3.314732015132904053e-01 -3.798636794090270996e-01 2.069754302501678467e-01 8.384451866149902344e-01
-8.255648612976074219e-02 7.586209177970886230e-01 1.204680681228637695e+00 -3.398724496364593506e-01 -3.755985498428344727e-01 1.952127665281295776e-01 8.398240208625793457e-01
-8.305859565734863281e-02 7.585269212722778320e-01 1.204909801483154297e+00 -3.471361100673675537e-01 -3.720539212226867676e-01 1.846742331981658936e-01 8.408138155937194824e-01
-8.350214362144470215e-02 7.583207488059997559e-01 1.205029249191284180e+00 -3.532953858375549316e-01 -3.693830966949462891e-01 1.752660274505615234e-01 8.414394855499267578e-01
-8.406051993370056152e-02 7.582272291183471680e-01 1.205387115478515625e+00 -3.586115837097167969e-01 -3.671312034130096436e-01 1.671506613492965698e-01 8.418272137641906738e-01
-8.484849333763122559e-02 7.581311464309692383e-01 1.205807924270629883e+00 -3.628658354282379150e-01 -3.656066358089447021e-01 1.598580479621887207e-01 8.420841097831726074e-01
-8.554485440254211426e-02 7.581472396850585938e-01 1.206070542335510254e+00 -3.661272227764129639e-01 -3.641519248485565186e-01 1.537393927574157715e-01 8.424419164657592773e-01
-8.646920323371887207e-02 7.578922510147094727e-01 1.206531882286071777e+00 -3.692093193531036377e-01 -3.628387749195098877e-01 1.479566693305969238e-01 8.426989316940307617e-01
-8.759793639183044434e-02 7.576602697372436523e-01 1.206995487213134766e+00 -3.716051578521728516e-01 -3.612882196903228760e-01 1.428610980510711670e-01 8.431910276412963867e-01
-8.873069286346435547e-02 7.572728395462036133e-01 1.207551240921020508e+00 -3.738008737564086914e-01 -3.598020076751708984e-01 1.382082253694534302e-01 8.436313867568969727e-01
-9.008005261421203613e-02 7.569947242736816406e-01 1.208184957504272461e+00 -3.757217526435852051e-01 -3.580018877983093262e-01 1.341458708047866821e-01 8.441994786262512207e-01
-9.147575497627258301e-02 7.565680742263793945e-01 1.208800792694091797e+00 -3.773260712623596191e-01 -3.556095361709594727e-01 1.302986145019531250e-01 8.450971245765686035e-01
-9.304851293563842773e-02 7.561650872230529785e-01 1.209388017654418945e+00 -3.788414001464843750e-01 -3.525072634220123291e-01 1.266234368085861206e-01 8.462767601013183594e-01
-9.470924735069274902e-02 7.556278705596923828e-01 1.210155844688415527e+00 -3.804856538772583008e-01 -3.489931523799896240e-01 1.228723526000976562e-01 8.475475907325744629e-01
-9.665915369987487793e-02 7.552100419998168945e-01 1.210804224014282227e+00 -3.820821940898895264e-01 -3.442368507385253906e-01 1.193720549345016479e-01 8.492729663848876953e-01
-9.873202443122863770e-02 7.547168731689453125e-01 1.211663484573364258e+00 -3.838992416858673096e-01 -3.387985527515411377e-01 1.155176609754562378e-01 8.511713147163391113e-01
-1.006023883819580078e-01 7.538840174674987793e-01 1.212421774864196777e+00 -3.860949277877807617e-01 -3.317316174507141113e-01 1.112513318657875061e-01 8.535268306732177734e-01
-1.027011275291442871e-01 7.532578706741333008e-01 1.213152170181274414e+00 -3.885470926761627197e-01 -3.233200013637542725e-01 1.068386211991310120e-01 8.562014698982238770e-01
-1.049382686614990234e-01 7.524763345718383789e-01 1.214002490043640137e+00 -3.916417658329010010e-01 -3.131509721279144287e-01 1.018922179937362671e-01 8.591689467430114746e-01
-1.074672043323516846e-01 7.515130043029785156e-01 1.214840531349182129e+00 -3.952691853046417236e-01 -3.011347055435180664e-01 9.607286006212234497e-02 8.624675273895263672e-01
-1.100014597177505493e-01 7.508770227432250977e-01 1.215575933456420898e+00 -3.992574810981750488e-01 -2.874691486358642578e-01 8.979284018278121948e-02 8.659631013870239258e-01
-1.127306073904037476e-01 7.499524354934692383e-01 1.216420054435729980e+00 -4.039739966392517090e-01 -2.718501687049865723e-01 8.292796462774276733e-02 8.694972395896911621e-01
-1.154223531484603882e-01 7.489222288131713867e-01 1.217270612716674805e+00 -4.088741540908813477e-01 -2.548569440841674805e-01 7.577195018529891968e-02 8.729997277259826660e-01
-1.182829588651657104e-01 7.478434443473815918e-01 1.218069434165954590e+00 -4.136723875999450684e-01 -2.366157323122024536e-01 6.779853254556655884e-02 8.765224218368530273e-01
-1.214103251695632935e-01 7.466769814491271973e-01 1.218701958656311035e+00 -4.187041521072387695e-01 -2.168177366256713867e-01 5.947016924619674683e-02 8.798524141311645508e-01
-1.244974285364151001e-01 7.453278899192810059e-01 1.219540476799011230e+00 -4.239215254783630371e-01 -1.966302841901779175e-01 5.091549083590507507e-02 8.826294541358947754e-01
-1.277481615543365479e-01 7.443044781684875488e-01 1.220115065574645996e+00 -4.285574555397033691e-01 -1.756953597068786621e-01 4.232147708535194397e-02 8.852562308311462402e-01
-1.311193555593490601e-01 7.429695129394531250e-01 1.220816493034362793e+00 -4.330789744853973389e-01 -1.544902473688125610e-01 3.387446701526641846e-02 8.873713016510009766e-01
-1.345212459564208984e-01 7.415055632591247559e-01 1.221388936042785645e+00 -4.369920194149017334e-01 -1.332522183656692505e-01 2.570128254592418671e-02 8.891688585281372070e-01
-1.380390226840972900e-01 7.400295734405517578e-01 1.221946716308593750e+00 -4.404152631759643555e-01 -1.121272593736648560e-01 1.786506548523902893e-02 8.905856609344482422e-01
-1.417176276445388794e-01 7.382560372352600098e-01 1.222452163696289062e+00 -4.435431063175201416e-01 -9.161738306283950806e-02 1.015919726341962814e-02 8.915001749992370605e-01
-1.457019746303558350e-01 7.375324368476867676e-01 1.222785234451293945e+00 -4.453809559345245361e-01 -7.153757661581039429e-02 2.440282842144370079e-03 8.924753665924072266e-01
-1.495503187179565430e-01 7.357918024063110352e-01 1.223207950592041016e+00 -4.472148120403289795e-01 -5.274998396635055542e-02 -3.882597899064421654e-03 8.928613662719726562e-01
-1.535344570875167847e-01 7.341815233230590820e-01 1.223524689674377441e+00 -4.481913447380065918e-01 -3.521485999226570129e-02 -9.280159138143062592e-03 8.931955695152282715e-01
-1.575971096754074097e-01 7.322434782981872559e-01 1.223978757858276367e+00 -4.487822055816650391e-01 -1.860256865620613098e-02 -1.297356653958559036e-02 8.933533430099487305e-01
-1.618553698062896729e-01 7.306329607963562012e-01 1.224296092987060547e+00 -4.481788575649261475e-01 -3.345546312630176544e-03 -1.475712470710277557e-02 8.938158750534057617e-01
-1.663030534982681274e-01 7.289617061614990234e-01 1.224512696266174316e+00 -4.466917812824249268e-01 9.444176219403743744e-03 -1.656831987202167511e-02 8.944846987724304199e-01
-1.708559989929199219e-01 7.273138165473937988e-01 1.224600076675415039e+00 -4.444485008716583252e-01 1.931822672486305237e-02 -1.820403710007667542e-02 8.954110741615295410e-01
-1.753467768430709839e-01 7.253374457359313965e-01 1.224874734878540039e+00 -4.418980479240417480e-01 2.583078294992446899e-02 -1.963138952851295471e-02 8.964783549308776855e-01
-1.802399456501007080e-01 7.235056757926940918e-01 1.224916458129882812e+00 -4.382636547088623047e-01 2.938363328576087952e-02 -2.065994963049888611e-02 8.981285095214843750e-01
-1.850071698427200317e-01 7.212125062942504883e-01 1.225195646286010742e+00 -4.340495467185974121e-01 3.090137057006359100e-02 -1.723802275955677032e-02 9.001939296722412109e-01
-1.900414377450942993e-01 7.193732261657714844e-01 1.225346326828002930e+00 -4.284932911396026611e-01 2.969341166317462921e-02 -1.270317751914262772e-02 9.029676318168640137e-01
-1.955595910549163818e-01 7.173786759376525879e-01 1.225629091262817383e+00 -4.222764372825622559e-01 2.594016306102275848e-02 -7.031096145510673523e-03 9.060686826705932617e-01
-2.000272274017333984e-01 7.159435749053955078e-01 1.225771188735961914e+00 -4.150083959102630615e-01 1.914051920175552368e-02 8.011856698431074619e-04 9.096159338951110840e-01
-2.051128000020980835e-01 7.137189507484436035e-01 1.225909709930419922e+00 -4.069144427776336670e-01 1.038289349526166916e-02 9.854096919298171997e-03 9.133541584014892578e-01
-2.105106413364410400e-01 7.116472721099853516e-01 1.226167201995849609e+00 -3.980183899402618408e-01 -2.297934042871929705e-05 1.975994557142257690e-02 9.171646237373352051e-01
-2.158970236778259277e-01 7.090014815330505371e-01 1.226662158966064453e+00 -3.886592686176300049e-01 -1.226841472089290619e-02 3.092887997627258301e-02 9.207806587219238281e-01
-2.213855087757110596e-01 7.066317796707153320e-01 1.227258682250976562e+00 -3.786588907241821289e-01 -2.545538730919361115e-02 4.292188584804534912e-02 9.241900444030761719e-01
-2.269387543201446533e-01 7.042400240898132324e-01 1.227626204490661621e+00 -3.670088350772857666e-01 -4.010473191738128662e-02 5.625943839550018311e-02 9.276481270790100098e-01
-2.327634692192077637e-01 7.015353441238403320e-01 1.228243112564086914e+00 -3.550403714179992676e-01 -5.569083988666534424e-02 6.972272694110870361e-02 9.305824637413024902e-01
-2.382211983203887939e-01 6.981329917907714844e-01 1.229221820831298828e+00 -3.430757820606231689e-01 -7.196722179651260376e-02 8.477738499641418457e-02 9.327017664909362793e-01
-2.449720501899719238e-01 6.957456469535827637e-01 1.230723023414611816e+00 -3.301493227481842041e-01 -8.769410848617553711e-02 9.922529011964797974e-02 9.345938563346862793e-01
-2.509624063968658447e-01 6.926171183586120605e-01 1.232060432434082031e+00 -3.166863024234771729e-01 -1.043221428990364075e-01 1.148622483015060425e-01 9.357528686523437500e-01
-2.568690776824951172e-01 6.894502639770507812e-01 1.233455419540405273e+00 -3.024120926856994629e-01 -1.208199188113212585e-01 1.310715228319168091e-01 9.363598823547363281e-01
-2.631356120109558105e-01 6.867940425872802734e-01 1.235003948211669922e+00 -2.873910963535308838e-01 -1.369543373584747314e-01 1.471598893404006958e-01 9.364795684814453125e-01
-2.689788043498992920e-01 6.834710836410522461e-01 1.236896514892578125e+00 -2.723740041255950928e-01 -1.527998447418212891e-01 1.640851646661758423e-01 9.357033371925354004e-01
-2.751924991607666016e-01 6.800782680511474609e-01 1.238950729370117188e+00 -2.569724023342132568e-01 -1.676475703716278076e-01 1.810238510370254517e-01 9.343928694725036621e-01
-2.817673981189727783e-01 6.768448948860168457e-01 1.241176605224609375e+00 -2.411536872386932373e-01 -1.814334690570831299e-01 1.978100240230560303e-01 9.326296448707580566e-01
-2.871950268745422363e-01 6.737123727798461914e-01 1.243301391601562500e+00 -2.255526185035705566e-01 -1.939988881349563599e-01 2.152010947465896606e-01 9.301499724388122559e-01
-2.921948730945587158e-01 6.705712676048278809e-01 1.245174884796142578e+00 -2.099410891532897949e-01 -2.050454020500183105e-01 2.319521158933639526e-01 9.274046421051025391e-01
-2.971268296241760254e-01 6.674836277961730957e-01 1.246940493583679199e+00 -1.943607330322265625e-01 -2.143498659133911133e-01 2.482059895992279053e-01 9.244846701622009277e-01
-3.018211722373962402e-01 6.650533676147460938e-01 1.248648881912231445e+00 -1.786577850580215454e-01 -2.220146358013153076e-01 2.640037238597869873e-01 9.214623570442199707e-01
-3.051165640354156494e-01 6.624397039413452148e-01 1.250176787376403809e+00 -1.637151092290878296e-01 -2.283290624618530273e-01 2.803689837455749512e-01 9.178543090820312500e-01
-3.086456954479217529e-01 6.603583097457885742e-01 1.251687049865722656e+00 -1.489270478487014771e-01 -2.332269996404647827e-01 2.960958182811737061e-01 9.141954183578491211e-01
-3.123405277729034424e-01 6.589132547378540039e-01 1.252936005592346191e+00 -1.340369880199432373e-01 -2.367344945669174194e-01 3.116587996482849121e-01 9.104173779487609863e-01
-3.150000274181365967e-01 6.567823290824890137e-01 1.253803253173828125e+00 -1.201999261975288391e-01 -2.390839606523513794e-01 3.262327909469604492e-01 9.066218137741088867e-01
-3.168286979198455811e-01 6.547371149063110352e-01 1.254919648170471191e+00 -1.069926470518112183e-01 -2.405452132225036621e-01 3.403845131397247314e-01 9.026788473129272461e-01
-3.187282383441925049e-01 6.550793647766113281e-01 1.255882024765014648e+00 -9.273485094308853149e-02 -2.421606928110122681e-01 3.540390133857727051e-01 8.985627293586730957e-01
-3.200219869613647461e-01 6.536045074462890625e-01 1.256384372711181641e+00 -8.042798191308975220e-02 -2.420554459095001221e-01 3.668620884418487549e-01 8.946243524551391602e-01
-3.212024271488189697e-01 6.524727344512939453e-01 1.256953001022338867e+00 -6.851446628570556641e-02 -2.412957251071929932e-01 3.785694539546966553e-01 8.909361958503723145e-01
-3.210750818252563477e-01 6.518952250480651855e-01 1.257640600204467773e+00 -5.741484463214874268e-02 -2.404107749462127686e-01 3.895927369594573975e-01 8.871999382972717285e-01
-3.214851021766662598e-01 6.501221060752868652e-01 1.257241010665893555e+00 -4.735663160681724548e-02 -2.385711967945098877e-01 4.000477790832519531e-01 8.836305737495422363e-01
-3.215621113777160645e-01 6.497803926467895508e-01 1.258379220962524414e+00 -3.787827864289283752e-02 -2.371504753828048706e-01 4.096921384334564209e-01 8.800439238548278809e-01
-3.225792646408081055e-01 6.483843326568603516e-01 1.257540941238403320e+00 -2.881587110459804535e-02 -2.348532825708389282e-01 4.179776310920715332e-01 8.771021962165832520e-01
-3.236748278141021729e-01 6.471849679946899414e-01 1.258213281631469727e+00 -2.083127759397029877e-02 -2.325810641050338745e-01 4.250765144824981689e-01 8.745182156562805176e-01
-3.245829939842224121e-01 6.461773514747619629e-01 1.259132504463195801e+00 -1.380126923322677612e-02 -2.307842820882797241e-01 4.316362738609313965e-01 8.719164729118347168e-01
-3.285128772258758545e-01 6.437825560569763184e-01 1.260639071464538574e+00 -8.026384748518466949e-03 -2.282600104808807373e-01 4.364742934703826904e-01 8.702432513236999512e-01
-3.308455049991607666e-01 6.421736478805541992e-01 1.262060165405273438e+00 -3.084326628595590591e-03 -2.267657220363616943e-01 4.405823945999145508e-01 8.685936927795410156e-01
-3.331236243247985840e-01 6.405740976333618164e-01 1.262929916381835938e+00 7.513679447583854198e-04 -2.254981994628906250e-01 4.438881576061248779e-01 8.672446608543395996e-01
-3.351180553436279297e-01 6.392790079116821289e-01 1.263754248619079590e+00 3.966432996094226837e-03 -2.252011150121688843e-01 4.454848468303680420e-01 8.664941191673278809e-01
-3.397616147994995117e-01 6.419348716735839844e-01 1.265323638916015625e+00 6.550650112330913544e-03 -2.262430191040039062e-01 4.466241896152496338e-01 8.656200766563415527e-01
-3.431496322154998779e-01 6.389827132225036621e-01 1.266237378120422363e+00 6.333683617413043976e-03 -2.267654836177825928e-01 4.455493390560150146e-01 8.660387396812438965e-01
-3.457406163215637207e-01 6.363555192947387695e-01 1.268169999122619629e+00 6.159140728414058685e-03 -2.284140139818191528e-01 4.438115358352661133e-01 8.664990067481994629e-01
-3.500549197196960449e-01 6.323254704475402832e-01 1.268835663795471191e+00 5.686741787940263748e-03 -2.298568785190582275e-01 4.408281743526458740e-01 8.676428198814392090e-01
-3.553952276706695557e-01 6.283382177352905273e-01 1.270114183425903320e+00 3.211752045899629593e-03 -2.320662140846252441e-01 4.368103742599487305e-01 8.690982460975646973e-01
-3.605775237083435059e-01 6.266117095947265625e-01 1.270094871520996094e+00 1.258017495274543762e-03 -2.349307388067245483e-01 4.326823353767395020e-01 8.703976273536682129e-01
-3.661453127861022949e-01 6.242725849151611328e-01 1.268301725387573242e+00 -1.360839465633034706e-03 -2.378174662590026855e-01 4.274626970291137695e-01 8.721907138824462891e-01
-3.723134994506835938e-01 6.201202869415283203e-01 1.267076849937438965e+00 -5.878060590475797653e-03 -2.410783171653747559e-01 4.213886857032775879e-01 8.742301464080810547e-01
-3.779743909835815430e-01 6.167949438095092773e-01 1.264535784721374512e+00 -1.011738181114196777e-02 -2.446939647197723389e-01 4.144221246242523193e-01 8.765140771865844727e-01
-3.848140239715576172e-01 6.112276911735534668e-01 1.262667655944824219e+00 -1.611001789569854736e-02 -2.480205446481704712e-01 4.064841270446777344e-01 8.792024850845336914e-01
-3.925016820430755615e-01 6.070844531059265137e-01 1.259604454040527344e+00 -2.144335024058818817e-02 -2.510820627212524414e-01 3.990567922592163086e-01 8.816188573837280273e-01
-3.983845114707946777e-01 5.995565652847290039e-01 1.257350444793701172e+00 -2.987542189657688141e-02 -2.550833225250244141e-01 3.898183405399322510e-01 8.843538165092468262e-01
-4.059129357337951660e-01 5.935598611831665039e-01 1.254354953765869141e+00 -3.691990301012992859e-02 -2.588423490524291992e-01 3.807979226112365723e-01 8.869219422340393066e-01
-4.139215648174285889e-01 5.896482467651367188e-01 1.251393556594848633e+00 -4.310681670904159546e-02 -2.629319727420806885e-01 3.719933032989501953e-01 8.891735672950744629e-01
-4.223307967185974121e-01 5.854691863059997559e-01 1.248938798904418945e+00 -5.006099864840507507e-02 -2.671130597591400146e-01 3.629624247550964355e-01 8.912927508354187012e-01
-4.314492046833038330e-01 5.821034312248229980e-01 1.245665550231933594e+00 -5.675258859992027283e-02 -2.712963223457336426e-01 3.539686501026153564e-01 8.932433128356933594e-01
-4.411627054214477539e-01 5.781605243682861328e-01 1.242443084716796875e+00 -6.401976943016052246e-02 -2.750898003578186035e-01 3.445433080196380615e-01 8.952748179435729980e-01
-4.487634301185607910e-01 5.725377798080444336e-01 1.239144802093505859e+00 -7.282762229442596436e-02 -2.794039547443389893e-01 3.350291252136230469e-01 8.968752622604370117e-01
-4.593787193298339844e-01 5.699819326400756836e-01 1.234037280082702637e+00 -7.863172888755798340e-02 -2.826809883117675781e-01 3.266485333442687988e-01 8.984482288360595703e-01
-4.685385823249816895e-01 5.655501484870910645e-01 1.229674696922302246e+00 -8.586899936199188232e-02 -2.864787578582763672e-01 3.177281320095062256e-01 8.997806906700134277e-01
-4.793809056282043457e-01 5.613344907760620117e-01 1.224320530891418457e+00 -9.220164269208908081e-02 -2.893205583095550537e-01 3.096553683280944824e-01 9.010583162307739258e-01
-4.901515245437622070e-01 5.581155419349670410e-01 1.218513727188110352e+00 -9.757341444492340088e-02 -2.922123372554779053e-01 3.027540147304534912e-01 9.019043445587158203e-01
-5.011035799980163574e-01 5.526087284088134766e-01 1.212230086326599121e+00 -1.038024798035621643e-01 -2.946332991123199463e-01 2.952718734741210938e-01 9.029013514518737793e-01
-5.096704959869384766e-01 5.455580949783325195e-01 1.206765770912170410e+00 -1.112393215298652649e-01 -2.978340685367584229e-01 2.871290147304534912e-01 9.035915732383728027e-01
-5.205734968185424805e-01 5.405414104461669922e-01 1.200343370437622070e+00 -1.167083531618118286e-01 -3.000910878181457520e-01 2.805719077587127686e-01 9.042145609855651855e-01
-5.323874950408935547e-01 5.353759527206420898e-01 1.193559646606445312e+00 -1.219187155365943909e-01 -3.017551600933074951e-01 2.743313014507293701e-01 9.048878550529479980e-01
-5.436961054801940918e-01 5.299496650695800781e-01 1.186646580696105957e+00 -1.271580010652542114e-01 -3.037587106227874756e-01 2.679970860481262207e-01 9.053944349288940430e-01
-5.544751286506652832e-01 5.229743719100952148e-01 1.180213093757629395e+00 -1.330060958862304688e-01 -3.061439394950866699e-01 2.614265382289886475e-01 9.056718945503234863e-01
-5.665519237518310547e-01 5.158383250236511230e-01 1.172953605651855469e+00 -1.386035978794097900e-01 -3.074343502521514893e-01 2.553846240043640137e-01 9.061191082000732422e-01
-5.750433206558227539e-01 5.076509118080139160e-01 1.165406346321105957e+00 -1.447995156049728394e-01 -3.099106252193450928e-01 2.490772157907485962e-01 9.060624241828918457e-01
-5.834264755249023438e-01 4.990483522415161133e-01 1.155003190040588379e+00 -1.502262800931930542e-01 -3.110101222991943359e-01 2.430818825960159302e-01 9.064304232597351074e-01
-5.891191959381103516e-01 4.902577996253967285e-01 1.143369078636169434e+00 -1.556638181209564209e-01 -3.125205934047698975e-01 2.369959056377410889e-01 9.066050648689270020e-01
-5.938323736190795898e-01 4.820181727409362793e-01 1.131138563156127930e+00 -1.610462218523025513e-01 -3.133588135242462158e-01 2.312633991241455078e-01 9.068559408187866211e-01
-5.983392000198364258e-01 4.736849665641784668e-01 1.119261026382446289e+00 -1.665333211421966553e-01 -3.142886459827423096e-01 2.254641801118850708e-01 9.070034027099609375e-01
-6.015536785125732422e-01 4.647785425186157227e-01 1.108003973960876465e+00 -1.724935322999954224e-01 -3.158731460571289062e-01 2.191396504640579224e-01 9.068891406059265137e-01
-6.041330099105834961e-01 4.568200707435607910e-01 1.096635580062866211e+00 -1.781063079833984375e-01 -3.170583248138427734e-01 2.135637402534484863e-01 9.067208766937255859e-01
-6.073848605155944824e-01 4.474851489067077637e-01 1.085470318794250488e+00 -1.838453263044357300e-01 -3.177250027656555176e-01 2.069498002529144287e-01 9.068757295608520508e-01
-6.103756427764892578e-01 4.380736351013183594e-01 1.074619889259338379e+00 -1.898548156023025513e-01 -3.182126283645629883e-01 2.003688961267471313e-01 9.069444537162780762e-01
-6.128629446029663086e-01 4.284124672412872314e-01 1.063980817794799805e+00 -1.958231925964355469e-01 -3.188582658767700195e-01 1.938209384679794312e-01 9.068716168403625488e-01
-6.151965856552124023e-01 4.182238280773162842e-01 1.053538322448730469e+00 -2.020984441041946411e-01 -3.195514976978302002e-01 1.868277937173843384e-01 9.067184925079345703e-01
-6.184588074684143066e-01 4.072546958923339844e-01 1.042385578155517578e+00 -2.084032446146011353e-01 -3.193787038326263428e-01 1.793134808540344238e-01 9.068694114685058594e-01
-6.204129457473754883e-01 3.960255682468414307e-01 1.032067775726318359e+00 -2.147453725337982178e-01 -3.196087479591369629e-01 1.714057177305221558e-01 9.068378210067749023e-01
-6.233731508255004883e-01 3.863362669944763184e-01 1.021141886711120605e+00 -2.202933579683303833e-01 -3.192236423492431641e-01 1.643745452165603638e-01 9.069444537162780762e-01
-6.253260970115661621e-01 3.753133118152618408e-01 1.011437535285949707e+00 -2.267811745405197144e-01 -3.191418945789337158e-01 1.563919335603713989e-01 9.067857861518859863e-01
-6.268805861473083496e-01 3.636513650417327881e-01 1.002020597457885742e+00 -2.337338179349899292e-01 -3.192436695098876953e-01 1.475673615932464600e-01 9.064633846282958984e-01
-6.284161806106567383e-01 3.521387279033660889e-01 9.928979873657226562e-01 -2.405233830213546753e-01 -3.191178143024444580e-01 1.390195786952972412e-01 9.060828089714050293e-01
-6.303083896636962891e-01 3.405544161796569824e-01 9.836252927780151367e-01 -2.475019097328186035e-01 -3.184700310230255127e-01 1.297287046909332275e-01 9.058091640472412109e-01
-6.318838596343994141e-01 3.286342918872833252e-01 9.747735857963562012e-01 -2.546479105949401855e-01 -3.179528117179870605e-01 1.207680627703666687e-01 9.052489399909973145e-01
-6.333751082420349121e-01 3.167228698730468750e-01 9.659391641616821289e-01 -2.619041204452514648e-01 -3.173098266124725342e-01 1.112642809748649597e-01 9.046220779418945312e-01
-6.349238753318786621e-01 3.061076104640960693e-01 9.564219713211059570e-01 -2.680690288543701172e-01 -3.165489733219146729e-01 1.020289510488510132e-01 9.041714072227478027e-01
-6.364178061485290527e-01 2.945655882358551025e-01 9.476958513259887695e-01 -2.750321924686431885e-01 -3.157374858856201172e-01 9.256360679864883423e-02 9.033820629119873047e-01
-6.374704837799072266e-01 2.831813097000122070e-01 9.393634200096130371e-01 -2.819957137107849121e-01 -3.152348399162292480e-01 8.308546245098114014e-02 9.023315906524658203e-01
-6.384808421134948730e-01 2.714570760726928711e-01 9.312224984169006348e-01 -2.892219722270965576e-01 -3.144969046115875244e-01 7.356265932321548462e-02 9.011275768280029297e-01
-6.397527456283569336e-01 2.595752775669097900e-01 9.229001402854919434e-01 -2.962962985038757324e-01 -3.135733008384704590e-01 6.381921470165252686e-02 8.998930454254150391e-01
-6.409381628036499023e-01 2.475420534610748291e-01 9.143915176391601562e-01 -3.034307360649108887e-01 -3.126113712787628174e-01 5.424075573682785034e-02 8.984775543212890625e-01
-6.420909166336059570e-01 2.362935543060302734e-01 9.061822891235351562e-01 -3.102594017982482910e-01 -3.117313683032989502e-01 4.460824280977249146e-02 8.969798088073730469e-01
-6.430790424346923828e-01 2.249503135681152344e-01 8.980629444122314453e-01 -3.169642686843872070e-01 -3.109454512596130371e-01 3.520517051219940186e-02 8.953251242637634277e-01
-6.438318490982055664e-01 2.143954634666442871e-01 8.905873298645019531e-01 -3.236996531486511230e-01 -3.100126981735229492e-01 2.593156509101390839e-02 8.935537338256835938e-01
