2.763388407288490356e+01
2.763388407288490356e+01
2.735951780256424470e+01
2.735951780256424470e+01
2.710463043939589056e+01
2.710463043939589056e+01
2.689323850900906265e+01
2.689323850900906265e+01
2.671589919965193971e+01
2.671589919965193971e+01
2.653253890988273511e+01
2.653253890988273511e+01
2.637595176627520388e+01
2.637595176627520388e+01
2.622596129215706284e+01
2.617360499942346053e+01
2.609272368219414062e+01
2.604030910893108341e+01
2.593919208776279461e+01
2.592195270113307615e+01
2.592356420506460069e+01
2.593111068916381967e+01
2.596760714150694582e+01
2.603060536891592491e+01
2.612636448047261695e+01
2.609012173083331732e+01
2.600244151247029833e+01
2.603014414688256650e+01
2.606159537686700389e+01
2.604518024760339401e+01
2.608359133879259772e+01
2.613247288415255198e+01
2.605081052323359359e+01
2.587913672834926970e+01
2.563019257810910645e+01
2.541187211859675443e+01
2.520510480463636682e+01
2.499418041324301853e+01
2.477450076584453953e+01
2.458082466885986861e+01
2.432876911915588636e+01
2.414280197688805174e+01
2.396918573141120135e+01
2.383485524870765815e+01
2.364577437975989582e+01
2.343467427523181357e+01
2.324385774882788169e+01
2.309032663916982386e+01
2.287960048507370558e+01
2.268044255579656721e+01
2.251163225181300831e+01
2.234956723376808441e+01
2.216468421100057995e+01
2.197625455313674792e+01
2.181216451593008188e+01
2.165688242865042312e+01
2.150748228475520918e+01
2.134635706841699943e+01
2.135152004876805165e+01
2.119532843152804702e+01
2.103487890743497601e+01
2.090436167252693522e+01
2.083410545940515490e+01
2.084249105084091980e+01
2.071689978768114671e+01
2.053642130557231127e+01
2.035899719210921077e+01
2.025711167747430963e+01
2.013258185534299471e+01
1.998850549333268845e+01
1.985516093744898214e+01
1.971967451151551032e+01
1.961163246720857600e+01
1.951891165830106090e+01
1.937450580565363012e+01
1.923702421971003318e+01
1.910095005967968973e+01
1.890404287668033234e+01
1.875312388554505105e+01
1.860117446723035073e+01
1.841254885324920565e+01
1.825849456452698050e+01
1.808811136962880894e+01
1.793494042051307957e+01
1.773720255813591251e+01
1.755771782421214056e+01
1.737692154727224647e+01
1.717241234653819859e+01
1.697523244758980354e+01
1.675399272715542409e+01
1.656959636004469871e+01
1.633387006995265267e+01
1.609499538226753401e+01
1.590776121569404999e+01
1.567630906609575803e+01
1.544747118188608503e+01
1.521919791766408458e+01
1.500288294467680927e+01
1.476526112647140643e+01
1.453130368831313390e+01
1.428804055795769834e+01
1.404728478942968017e+01
1.380399592273776221e+01
1.355685699275240097e+01
1.328887623968714315e+01
1.303592809035372646e+01
1.277723149564792848e+01
1.249581558402432435e+01
1.222771936214415156e+01
1.195729985531356476e+01
1.167437652318346508e+01
1.139728590778784145e+01
1.112331731160862169e+01
1.084710396842724656e+01
1.057990203376797389e+01
1.030422213282498234e+01
1.003468761581054913e+01
9.773119635041098263e+00
9.518856482392122231e+00
9.282980983832333166e+00
9.045688206734274317e+00
8.819593533796128426e+00
8.604644461671584921e+00
8.396947971969177971e+00
8.195912764729712308e+00
8.011155715987170467e+00
7.834692106274726342e+00
7.661654922293500647e+00
7.496982973857637234e+00
7.326809262509266674e+00
7.177757899464562996e+00
7.059761292446008696e+00
6.940079804742143921e+00
6.838126875224240564e+00
6.734682842071336495e+00
6.623723915613858537e+00
6.538994893068419856e+00
6.456630703316680098e+00
6.369538198676536922e+00
6.272656615594335960e+00
6.211087049140747496e+00
6.174326986486342150e+00
6.093107334468413683e+00
6.040229100573835552e+00
5.991381702729626113e+00
5.939272832164537164e+00
5.906429700998920396e+00
5.876181052802124327e+00
5.829781356368801681e+00
5.802041101555488467e+00
5.760446180994790666e+00
5.759260160385270666e+00
5.746155050616000182e+00
5.738817337680384156e+00
5.729617929261461740e+00
5.722306341049844036e+00
5.694791175126201921e+00
5.694398980265127364e+00
5.689654141321913272e+00
5.638678099078532568e+00
5.629838493051632753e+00
5.583521794878159028e+00
5.553747428943037079e+00
5.509360242952038078e+00
5.474449585431877097e+00
5.417317413152716199e+00
5.369865124091464992e+00
5.312340225269707616e+00
5.249922280481214898e+00
5.180567795342543747e+00
5.129273467329273473e+00
5.076693915167275861e+00
5.031885563969485275e+00
4.983274592397812341e+00
4.944917163857237341e+00
4.912777156886523500e+00
4.886377738657969871e+00
4.864762877598831636e+00
4.847765895381872525e+00
4.836000832564540275e+00
4.829683606288202924e+00
4.823641434391575444e+00
4.815722261702514828e+00
4.806596502249011138e+00
4.796176066264855820e+00
4.783457257919771166e+00
4.769395445375401721e+00
4.754312826224428079e+00
4.735810816921699029e+00
4.718350523562467203e+00
4.698022913265493372e+00
4.674666388794353367e+00
4.648684072658820554e+00
4.623123745274220653e+00
4.594990327541029984e+00
4.565539097482510300e+00
4.534709803136852457e+00
4.508436422085438267e+00
4.474494117487395783e+00
4.441365020216757387e+00
4.407080579374216711e+00
4.372384583837476413e+00
4.335564626649297537e+00
4.297409015999264170e+00
4.260558487017576113e+00
4.222889405635548599e+00
4.185922276605111847e+00
4.146376467715537473e+00
4.108696511137999607e+00
4.070550230527619107e+00
4.031510602067466920e+00
3.992066881238706344e+00
3.953310857602044592e+00
3.915301315668887838e+00
3.873784045774588236e+00
3.834393790189064788e+00
3.790367905054292663e+00
3.750150199279961072e+00
3.708377170707326087e+00
3.667170409950273324e+00
3.622193443657089063e+00
3.578842406565293288e+00
3.533387643450975446e+00
3.485001670066072421e+00
3.440277507303857618e+00
3.390301231944910398e+00
3.333860016002709870e+00
3.282380504007889499e+00
3.224449186304081394e+00
3.163709890903735555e+00
3.107316025622861133e+00
3.038233784632986101e+00
2.967000163243181277e+00
2.898258095680112945e+00
2.823580948035470328e+00
2.749945754393031905e+00
2.669279372761341307e+00
2.579927219631318991e+00
2.507922124220069549e+00
2.433317811624359450e+00
2.368856591909018761e+00
2.307233011880512663e+00
2.255074148566418302e+00
2.208348467268589133e+00
2.163616119815458205e+00
2.133252422367185375e+00
2.097379503793160183e+00
2.066722725101836744e+00
2.053345181765660499e+00
2.038468174463691440e+00
2.028529341161718236e+00
2.045312340023986764e+00
2.038363168772200140e+00
2.030398500002728923e+00
2.010627667441092115e+00
1.986350596758509113e+00
1.955550904395568779e+00
1.913645450676135340e+00
1.874462033757996693e+00
1.831086255644663652e+00
1.773838758188524878e+00
1.735125057044434982e+00
1.682578432093723819e+00
1.637761175166861705e+00
1.597674454198099170e+00
1.565048273196786965e+00
1.545571012741685735e+00
1.511250391868653509e+00
1.509399207511304297e+00
1.499975450968491941e+00
1.489224163532455236e+00
1.465509942656762377e+00
1.480340680143992671e+00
1.467203417277904265e+00
1.435745257630607341e+00
1.401049020978661019e+00
1.371572514074969718e+00
1.354550563553541309e+00
1.340556842946302396e+00
1.327292474107249376e+00
1.326114873034970998e+00
1.325009244531955233e+00
1.334121795197045657e+00
1.344687318873411641e+00
1.358392428350565950e+00
1.364459673321878341e+00
1.381546655884665853e+00
1.397173048837590414e+00
1.403904894035928663e+00
1.463129282993200775e+00
1.569216501712649148e+00
1.721395151589451444e+00
1.889216702600595710e+00
2.053996273702328068e+00
2.232612389295344002e+00
2.408619734586384453e+00
2.602678713630133700e+00
2.780648777657994231e+00
2.958673766942766292e+00
3.142131234713108512e+00
3.323365748457074886e+00
3.499430348953271874e+00
3.674017952179109869e+00
3.876168936036496149e+00
4.056264224343863134e+00
4.234364882938422170e+00
4.409559889465800353e+00
4.584517891976656045e+00
4.755521023401637848e+00
4.938569984584230355e+00
5.110561603110308937e+00
5.278786206243783141e+00
5.452722823269631647e+00
5.619927102850763134e+00
5.791877199264536813e+00
5.956365002782792573e+00
6.118793319267965103e+00
6.269085341962533420e+00
