2.787893579129336885e+01
2.787893579129336885e+01
2.756037816292470666e+01
2.756037816292470666e+01
2.725510907529096727e+01
2.725510907529096727e+01
2.702164004378098738e+01
2.702164004378098738e+01
2.683918288272842290e+01
2.683918288272842290e+01
2.663000535985720774e+01
2.663000535985720774e+01
2.644797574230444326e+01
2.636980553129037830e+01
2.627305503290673983e+01
2.619566425265465170e+01
2.612598642953866701e+01
2.607195176126669622e+01
2.602149840652721124e+01
2.595317822684001641e+01
2.589522101276202903e+01
2.596225227133214020e+01
2.600112573906194768e+01
2.606425330856901468e+01
2.613810533405237280e+01
2.613893230199295914e+01
2.619089497220031859e+01
2.600791036783327215e+01
2.603663998789358658e+01
2.605713944291787598e+01
2.610336840777763356e+01
2.613002605285825197e+01
2.603998930722240601e+01
2.585509159502702303e+01
2.566026457477128986e+01
2.544248533341757934e+01
2.518826312149582236e+01
2.500274726850459572e+01
2.480543929983785389e+01
2.450322363093481215e+01
2.425855780992701227e+01
2.404015297813892005e+01
2.372660354572992958e+01
2.370349601423054153e+01
2.349499334989872423e+01
2.327790827323193668e+01
2.306921074251227566e+01
2.287670594724111339e+01
2.269770938008845462e+01
2.243831764291395814e+01
2.237515276861120483e+01
2.231609966708808201e+01
2.215195402304254557e+01
2.197965368413068532e+01
2.179821512415178830e+01
2.164208455408694221e+01
2.149486876025920523e+01
2.132242138008476218e+01
2.115832230347771059e+01
2.105164203581286131e+01
2.102470598068819996e+01
2.088305360309013992e+01
2.074601947178267736e+01
2.053555871684320522e+01
2.056382972271040188e+01
2.044076400049767273e+01
2.035960643439023698e+01
2.017112701018728416e+01
2.016895545206436324e+01
2.005501358778490584e+01
1.992944271254008015e+01
1.979922229866136263e+01
1.965909818785565122e+01
1.953726375816116700e+01
1.940400109277685914e+01
1.924359382463137180e+01
1.910139479631638437e+01
1.894578482870658220e+01
1.880056815121539415e+01
1.862929711456089166e+01
1.846992699218035483e+01
1.831564627375883703e+01
1.811128526269273209e+01
1.793052181492606323e+01
1.775301804672988482e+01
1.757754047080753779e+01
1.728144647342814011e+01
1.710312509940739290e+01
1.691500191355109095e+01
1.669442328870424674e+01
1.648218016108480555e+01
1.625559756327790950e+01
1.606169397945660648e+01
1.582135180927344820e+01
1.561943103251429577e+01
1.539609703405001007e+01
1.516988537069575749e+01
1.493573095083655033e+01
1.470171509510360686e+01
1.446902518609925359e+01
1.422908043909164633e+01
1.397588267663130246e+01
1.372993446646481885e+01
1.348357118042660652e+01
1.322419870976899503e+01
1.297600613177045226e+01
1.271252543917253242e+01
1.244829895211620219e+01
1.217178720695705252e+01
1.189594172755256452e+01
1.161938736102903214e+01
1.133532206150249877e+01
1.105702801022925108e+01
1.079426280713490627e+01
1.052600376351376710e+01
1.025769519734169322e+01
9.986263307788863841e+00
9.723803645969319120e+00
9.479267832403456495e+00
9.244993198918413313e+00
9.011666824276113985e+00
8.786110908585014201e+00
8.571831140636239965e+00
8.362593900098323374e+00
8.154942362989498150e+00
7.974674476322146432e+00
7.794068910745911793e+00
7.625717024266561950e+00
7.457209017747798541e+00
7.297469684659764866e+00
7.154867178417497087e+00
7.024390574012258526e+00
6.908330204661201179e+00
6.800476707944284271e+00
6.704628849691744108e+00
6.605771934821870417e+00
6.520167976772018648e+00
6.426869749212482219e+00
6.343387420369499097e+00
6.267235767833660987e+00
6.209521997219198397e+00
6.134923979994944432e+00
6.065723607444134302e+00
6.016823302706946208e+00
5.985629856871035770e+00
5.924947289932052996e+00
5.888635835993419221e+00
5.851734760339127206e+00
5.819251014655566934e+00
5.795599695916536120e+00
5.781797276596140733e+00
5.753281038694382232e+00
5.744884219022100780e+00
5.725636696796080116e+00
5.709675255290562745e+00
5.703282036432732127e+00
5.678148997280317190e+00
5.684398703214618820e+00
5.654504137206828318e+00
5.623624351772107843e+00
5.610731931385149807e+00
5.590502891712180400e+00
5.554413488366407137e+00
5.511028148871542243e+00
5.446315341180330449e+00
5.403435600986956189e+00
5.356118726717415512e+00
5.292560072604345578e+00
5.230048333658999127e+00
5.169850142906334156e+00
5.114861787162126916e+00
5.060989230091561097e+00
5.017605171988066104e+00
4.974135351829598761e+00
4.938990681459703325e+00
4.904413349431642644e+00
4.878798747494595744e+00
4.864148697223967588e+00
4.848897997343431854e+00
4.839569990752085715e+00
4.831762291033538048e+00
4.823760172556518455e+00
4.819278532353060029e+00
4.809971231639124767e+00
4.801238572112950465e+00
4.787710454897194268e+00
4.772383856899914178e+00
4.755825867079046532e+00
4.737587002282985793e+00
4.721347343398083041e+00
4.697779957785080285e+00
4.676634026981869141e+00
4.652139099024815039e+00
4.628149713893751738e+00
4.601060833462202737e+00
4.573629336236347598e+00
4.543381162083569791e+00
4.513355172906109658e+00
4.480161009193498245e+00
4.446743958183496659e+00
4.412166971225936152e+00
4.378383765127502159e+00
4.342265763792546807e+00
4.305011240231937819e+00
4.266760283125620390e+00
4.229864509962109054e+00
4.190705316819883564e+00
4.153401408300975817e+00
4.115897623522307924e+00
4.076900116683891184e+00
4.037341778989510743e+00
4.000351744036347412e+00
3.961382584447523669e+00
3.922203349134495198e+00
3.882639057880016509e+00
3.842322721669376051e+00
3.802527018309685758e+00
3.763838619738908875e+00
3.724204083239563090e+00
3.686978203839494483e+00
3.647115014365642338e+00
3.598002071747757213e+00
3.552289140860047212e+00
3.501540656045339261e+00
3.457354432032090585e+00
3.410900135325348970e+00
3.349289529862716108e+00
3.289763621332991050e+00
3.235404018393584380e+00
3.181836142504479881e+00
3.118967239573493089e+00
3.055645406333731273e+00
2.987116693699288561e+00
2.919954640835154436e+00
2.846531349229529440e+00
2.766527740194305807e+00
2.690431045128246268e+00
2.610523815417007398e+00
2.533234895655006369e+00
2.466166401357934745e+00
2.395685744816937301e+00
2.335269445611373840e+00
2.281998819590995708e+00
2.244641217404584665e+00
2.201496509294198489e+00
2.172412209330605748e+00
2.140060198762213872e+00
2.121688766536948378e+00
2.107609982195199905e+00
2.095606362385641575e+00
2.092864838121712978e+00
2.093944559840771547e+00
2.092791329901025676e+00
2.083077118500206382e+00
2.068325531061031342e+00
2.041361025116277261e+00
2.006671796401924723e+00
1.938103092471703093e+00
1.901038782739220778e+00
1.868911610216098751e+00
1.832826585306715828e+00
1.809332517500557458e+00
1.759961602495398125e+00
1.731774099085534147e+00
1.669407200101097999e+00
1.638849601749324592e+00
1.598780596559137734e+00
1.587632779785479897e+00
1.568239489119214625e+00
1.554817415928805957e+00
1.547607780352290519e+00
1.528660723441625180e+00
1.516449428292578006e+00
1.513289631340224872e+00
1.487932172466031489e+00
1.453708004480802174e+00
1.435950062738321265e+00
1.411336420242516709e+00
1.391576771375856225e+00
1.374999857717259744e+00
1.373738709205220232e+00
1.373410746222138101e+00
1.382009896013453698e+00
1.394927896737943485e+00
1.404607205856198249e+00
1.406957433075508135e+00
1.422521605043680637e+00
1.438880080670987383e+00
1.452069121006456243e+00
1.496805861970205598e+00
1.600997054583064738e+00
1.751758546744639489e+00
1.912998557864511895e+00
2.088184230727527790e+00
2.258597025676401415e+00
2.440495703530558558e+00
2.613056160904854153e+00
2.783146107372019173e+00
2.967360308261593360e+00
3.149540148894068636e+00
3.332810314665763940e+00
3.513289446334756150e+00
3.692910316563565942e+00
3.870574475455207164e+00
4.048762627198239983e+00
4.221908839368932576e+00
4.403608967872617797e+00
4.575900791320943739e+00
4.739864380966849922e+00
4.911386172523247495e+00
5.082330966018126617e+00
5.249720085210483944e+00
5.412483355305010235e+00
5.579887692232549767e+00
5.742523784284518484e+00
5.914240680427162999e+00
6.077728736101576601e+00
6.227297361892667027e+00
