2.747370328318938704e+01
2.747370328318938704e+01
2.720790509098356935e+01
2.720790509098356935e+01
2.695856206103217545e+01
2.695856206103217545e+01
2.676097445316166556e+01
2.676097448134587964e+01
2.658923574802917145e+01
2.658923574802917145e+01
2.638522427088456368e+01
2.638522427088456368e+01
2.618772683511306809e+01
2.618772683511306809e+01
2.600663387106212809e+01
2.591965473355291039e+01
2.584039046177998600e+01
2.576852325112265163e+01
2.599474730879627415e+01
2.590866485201913605e+01
2.588523009178962653e+01
2.587569320615843083e+01
2.590387952724341858e+01
2.592773283078591007e+01
2.600153535546731831e+01
2.601375095392702619e+01
2.604958783658456056e+01
2.607126294143876422e+01
2.610901579584563947e+01
2.611990504757336851e+01
2.609607266093215827e+01
2.610665528975858152e+01
2.595002747304364377e+01
2.571320615376586005e+01
2.547417079065225565e+01
2.548783338399033482e+01
2.528243563364858204e+01
2.506235338370395027e+01
2.484511024229130527e+01
2.459703358474718371e+01
2.446201095884688215e+01
2.422315990459976476e+01
2.407823287882276020e+01
2.388514763293681753e+01
2.373175997621613220e+01
2.354889352878505093e+01
2.333043441459357581e+01
2.315119000435447560e+01
2.299298149545664671e+01
2.280496333850323154e+01
2.264603446637916306e+01
2.249225558718923779e+01
2.233142160200141291e+01
2.218247930512646704e+01
2.205586289526422306e+01
2.191321184667701871e+01
2.171371041212284325e+01
2.151582994487356615e+01
2.148714692343937571e+01
2.135087005448174224e+01
2.115917710021110310e+01
2.103417231597345349e+01
2.117928595919445200e+01
2.098129330409213367e+01
2.084225131049503688e+01
2.081023218212234838e+01
2.062609474736031245e+01
2.042966490525058632e+01
2.032551691978483532e+01
2.020891158972237989e+01
2.009202349604609239e+01
1.996841700436002043e+01
1.982167531713108488e+01
1.964474633344928733e+01
1.951034848794317611e+01
1.936035358967990305e+01
1.919605710545980415e+01
1.903606231536271665e+01
1.887136632091931432e+01
1.869127003843231094e+01
1.848499776856124655e+01
1.831342815107478472e+01
1.812121643730959875e+01
1.795926999979514349e+01
1.777573543492270858e+01
1.755890733708999818e+01
1.735018959535146976e+01
1.713624251640355567e+01
1.694952064536952108e+01
1.674044889150702176e+01
1.653533395131920969e+01
1.630601475107513920e+01
1.607610714989234424e+01
1.588121834873746785e+01
1.564379303415319100e+01
1.541612710836848521e+01
1.518927034032570944e+01
1.496246224783157253e+01
1.473240309178251195e+01
1.449287252389647485e+01
1.424413768263709912e+01
1.399042328710319794e+01
1.375057912049794062e+01
1.349292026245873544e+01
1.323217894454402455e+01
1.298320614614043578e+01
1.271979906869164623e+01
1.245566366594001195e+01
1.218407410723536621e+01
1.190668349572234419e+01
1.162730097440210741e+01
1.134910734410986954e+01
1.107149057471592002e+01
1.080262721086644007e+01
1.053077424343783797e+01
1.025746043459498402e+01
9.982734969280707915e+00
9.718686313541050836e+00
9.466308839070801895e+00
9.224249783393929647e+00
8.989385147512649610e+00
8.757571782656247805e+00
8.541159591388749917e+00
8.326477695987074767e+00
8.122064867051472348e+00
7.934654013215679313e+00
7.752439965303350888e+00
7.578559166838296335e+00
7.412213234250060623e+00
7.250586568847531055e+00
7.112234282668236318e+00
6.999342923454545229e+00
6.851843143840881112e+00
6.742966081334042627e+00
6.641191363097703970e+00
6.564174223664519303e+00
6.474687816278215990e+00
6.383930994685741211e+00
6.308564373771286427e+00
6.187451719191656707e+00
6.123401874739766271e+00
6.050793815848017232e+00
5.991029154248177946e+00
5.930901777156083909e+00
5.896968782609651072e+00
5.835725798453417212e+00
5.788803327503760698e+00
5.749932683711964643e+00
5.716728660379406080e+00
5.685534152561938726e+00
5.658356552367010295e+00
5.644945761988299893e+00
5.635369551360252416e+00
5.619312572763487168e+00
5.602728394302040726e+00
5.602104028120553636e+00
5.592137204418520469e+00
5.572816647468162188e+00
5.554548340022623876e+00
5.531760401109888647e+00
5.544654936359947328e+00
5.512252592779905314e+00
5.448519749224296049e+00
5.416261099814242641e+00
5.375189923598096442e+00
5.331484829210619836e+00
5.281948404690808729e+00
5.226850999415859178e+00
5.166577514162394635e+00
5.104170266532147338e+00
5.052539647787863686e+00
4.998340004753242027e+00
4.952764518006311789e+00
4.911622312273628665e+00
4.876556773676181678e+00
4.849192096285175779e+00
4.829354866244315758e+00
4.810143459540480393e+00
4.793234773819420980e+00
4.783951674742251470e+00
4.777716177739634418e+00
4.773432138183213880e+00
4.762296393672613704e+00
4.753616213927912781e+00
4.747255690479288859e+00
4.734929503976282206e+00
4.719455506787639365e+00
4.704461323823853292e+00
4.688059293215204093e+00
4.670210895912688898e+00
4.650763907914566175e+00
4.628282692081103988e+00
4.604666178625770101e+00
4.579608753730596504e+00
4.553942498792203253e+00
4.524425122745235228e+00
4.497170031019084746e+00
4.464425213601405318e+00
4.432757903756854745e+00
4.399389716808759232e+00
4.369249948309068543e+00
4.335276042853429601e+00
4.300635553001615818e+00
4.264129499620732844e+00
4.229377575124043886e+00
4.192852551837912500e+00
4.156016279631192134e+00
4.119620092899470620e+00
4.083186381566456191e+00
4.047488535640436425e+00
4.010240570164967266e+00
3.974500377173061594e+00
3.934729516945306926e+00
3.898456964890755216e+00
3.862224464364565790e+00
3.825037045903620481e+00
3.784836368766445247e+00
3.746268789341833383e+00
3.707504251167261344e+00
3.670425211723099324e+00
3.631545488440224290e+00
3.590737073963737203e+00
3.546083995513210851e+00
3.498590346752045832e+00
3.437937495481683925e+00
3.390900194483659646e+00
3.338672927494080511e+00
3.293507955999043446e+00
3.241269644047335419e+00
3.184769694079385260e+00
3.125060019110176057e+00
3.062294034569351453e+00
2.985533570006587922e+00
2.915773441835028734e+00
2.845540831313101648e+00
2.769548807935830581e+00
2.690502822364134516e+00
2.612425097521779094e+00
2.521165369368272735e+00
2.450005892079968106e+00
2.391848159836047927e+00
2.336726340042908134e+00
2.291164493706553174e+00
2.233781184801614472e+00
2.198170882973325746e+00
2.165457855147927546e+00
2.141925124906730815e+00
2.107112117473430857e+00
2.089096256238313742e+00
2.071653775663438779e+00
2.067169257492960099e+00
2.092334548212594569e+00
2.074799410176321857e+00
2.074487817373380949e+00
2.056974683729684727e+00
2.046767484949342020e+00
2.011934852509195792e+00
1.973459317536988777e+00
1.919404548413385925e+00
1.879164720273845290e+00
1.839587387570638555e+00
1.796852184133879149e+00
1.747017850534945183e+00
1.703124425799476427e+00
1.659485707570642177e+00
1.638926014939830367e+00
1.628015074876433488e+00
1.611789857239479318e+00
1.575412382145554346e+00
1.560538391699687111e+00
1.548117054578575846e+00
1.533644534011294525e+00
1.528028815623450498e+00
1.504609047720244064e+00
1.490787601549545371e+00
1.468018783857882426e+00
1.442148102626095607e+00
1.408686270642185434e+00
1.396087204751964350e+00
1.374567096537887778e+00
1.374467070067623808e+00
1.374664412116601397e+00
1.387866489455806374e+00
1.397589093827804163e+00
1.409664090238628376e+00
1.421676361260839627e+00
1.429414054785926425e+00
1.445795929186086681e+00
1.484157052884185646e+00
1.524521608002324058e+00
1.633672952702891479e+00
1.782994152324139492e+00
1.955553960644170530e+00
2.141102130427466221e+00
2.316314125531768298e+00
2.493806649458925051e+00
2.669879792878337099e+00
2.846444458447308534e+00
3.025291682243054225e+00
3.207051393656890070e+00
3.395379449898769053e+00
3.577882566293176581e+00
3.763169784615790547e+00
3.940356612491751065e+00
4.124165928600316278e+00
4.300481479245050309e+00
4.477134190693575988e+00
4.657787442143380474e+00
4.843168061134498714e+00
5.018868659262189169e+00
5.187315985418948117e+00
5.359516263007218839e+00
5.523026481610127547e+00
5.689008634563098354e+00
5.859296740371824797e+00
6.024962236267512594e+00
6.189944325056337959e+00
6.342416017779346049e+00
