2.808758760062618620e+01
2.808758760062618620e+01
2.781511918415518281e+01
2.781511918415518281e+01
2.753510246706219178e+01
2.753510246706219178e+01
2.729662613027750950e+01
2.729662613027750950e+01
2.708729960585950636e+01
2.708729960585950636e+01
2.682245632500093535e+01
2.682245632500093535e+01
2.660380258508777018e+01
2.660380258508777018e+01
2.636118946674767827e+01
2.623574839982275009e+01
2.615949973885233959e+01
2.612569257399332656e+01
2.594737084513013059e+01
2.615134129119129369e+01
2.605660086177276824e+01
2.596350153563905394e+01
2.588887694090518465e+01
2.584582151522849713e+01
2.575523982008412816e+01
2.591601635540141757e+01
2.612553088049403982e+01
2.614274871031834380e+01
2.618730261423714012e+01
2.620905912258284332e+01
2.622336122661160474e+01
2.622148210439385352e+01
2.617467845911891899e+01
2.595599044517934573e+01
2.573663315856286715e+01
2.553170516938700274e+01
2.526313663093674222e+01
2.509025899742492527e+01
2.481733187193917800e+01
2.458807902631366460e+01
2.433442353640415945e+01
2.404747300072518712e+01
2.393185829689476662e+01
2.357025815981067041e+01
2.356302673205032150e+01
2.335233919029240823e+01
2.316735598918689476e+01
2.291801219444857196e+01
2.275227057077822934e+01
2.254983679019206022e+01
2.235234753098113814e+01
2.228178886214683274e+01
2.209910374437042790e+01
2.191457334485274089e+01
2.172701877989256758e+01
2.155576836199502466e+01
2.138207476203232815e+01
2.119686624853026302e+01
2.105800480206912795e+01
2.093827317029576207e+01
2.097371692978570223e+01
2.082401151417907315e+01
2.070413927827394573e+01
2.060321095138970549e+01
2.052704258720945774e+01
2.046794935042868246e+01
2.028712480332385226e+01
2.021224205480621094e+01
2.007578920282898594e+01
1.990349891260044757e+01
1.976878439512720576e+01
1.963356174693726075e+01
1.948933770466993209e+01
1.934390533935708589e+01
1.918401865656199590e+01
1.899384637627776229e+01
1.883593565198948028e+01
1.867247612120820577e+01
1.850931240628126417e+01
1.838722934233788564e+01
1.822675303039684991e+01
1.808827227428139039e+01
1.787872263330001488e+01
1.771456938135463943e+01
1.759627752481261709e+01
1.737660392407226340e+01
1.712284446017289241e+01
1.695733415592597737e+01
1.679242142979526164e+01
1.650867185075608390e+01
1.632407769428883171e+01
1.611441674126904644e+01
1.589895046022106051e+01
1.568239853962679220e+01
1.546513712526901863e+01
1.524477870007750546e+01
1.503310825073736368e+01
1.481787970424713308e+01
1.454302063380957755e+01
1.431156463215014796e+01
1.408565133424181859e+01
1.384487296452644500e+01
1.360622681653970290e+01
1.333545743217767843e+01
1.308971456797763899e+01
1.284076962961432855e+01
1.257749057284245175e+01
1.231363368049502149e+01
1.205145673135582918e+01
1.177799301015326350e+01
1.150552430067262755e+01
1.122998151858826787e+01
1.095906539909608668e+01
1.069697219985941672e+01
1.043086223733766005e+01
1.016541041878738305e+01
9.898020038898263095e+00
9.642871731259635482e+00
9.391796794537091486e+00
9.153968519483040467e+00
8.926857971568962213e+00
8.715116994185564181e+00
8.500887306898667006e+00
8.295011131768832868e+00
8.099860088707577788e+00
7.907995078047912685e+00
7.735222493922147891e+00
7.565197723188589407e+00
7.399793086605050974e+00
7.242314850197644205e+00
7.091985314549891228e+00
6.978504722210438160e+00
6.863172817148630145e+00
6.758288846229358882e+00
6.671747895763257219e+00
6.569709324976663822e+00
6.454522818048271660e+00
6.375519531237568316e+00
6.287746426057406524e+00
6.223887467034931120e+00
6.143223409192696494e+00
6.076853736381472970e+00
6.005195646330978576e+00
5.956576385901879434e+00
5.900651269879105598e+00
5.861837195670879908e+00
5.827279854749260579e+00
5.791862372999936781e+00
5.761156617808982361e+00
5.737428791066918166e+00
5.704981674559846283e+00
5.688747148085774086e+00
5.678132686752711322e+00
5.665831184807892384e+00
5.639744082640479661e+00
5.642822046112573986e+00
5.626993504221580622e+00
5.602764320890429417e+00
5.593215120276088470e+00
5.568761693781183908e+00
5.549618956112016832e+00
5.533813815324837293e+00
5.496917415950520081e+00
5.461256903918023653e+00
5.426556129256887573e+00
5.386730320135441730e+00
5.332973973733992068e+00
5.282380302561318075e+00
5.203685008896208330e+00
5.143201258527700048e+00
5.094621827958015103e+00
5.040809002554002660e+00
4.995274252098248269e+00
4.953928004173814514e+00
4.915042561738527382e+00
4.883495183908561188e+00
4.861684665745301004e+00
4.841530329969497615e+00
4.827686238328606549e+00
4.815727631849263446e+00
4.810033053669460656e+00
4.804114176525501989e+00
4.797692719617892010e+00
4.787343610722427201e+00
4.779346651836931414e+00
4.767491115600442697e+00
4.753813673308062704e+00
4.738172220390744371e+00
4.718556645017979889e+00
4.701834675575966571e+00
4.681878702428665662e+00
4.660719838571097284e+00
4.637441810807803932e+00
4.611761439711045796e+00
4.586824722664495368e+00
4.559663514351218083e+00
4.529876895635212009e+00
4.501141053071645359e+00
4.469434235323845428e+00
4.436467382600149278e+00
4.402821639389895125e+00
4.366817322674677371e+00
4.331710254062869581e+00
4.296231905833170828e+00
4.260439873026413693e+00
4.223342768818096005e+00
4.188021609945636214e+00
4.149220573684079483e+00
4.111730296354366487e+00
4.074406615172328827e+00
4.037406946923070450e+00
3.997934319502487455e+00
3.960715347096499528e+00
3.921156716023169508e+00
3.884995314122303256e+00
3.845892303809659296e+00
3.805884444509612052e+00
3.768597993790095302e+00
3.729893817850058468e+00
3.690094446047528010e+00
3.647189634927002544e+00
3.604192068428332618e+00
3.565115082448780726e+00
3.520394889902977553e+00
3.468707822265759688e+00
3.419513007937478477e+00
3.369639488562942375e+00
3.317265909697834303e+00
3.260723842728577182e+00
3.205311505356430501e+00
3.146960818919822600e+00
3.086177935361188673e+00
3.016796877597712978e+00
2.951468574665593536e+00
2.886010837184382893e+00
2.807338768117645600e+00
2.731037606246644600e+00
2.652717184740897238e+00
2.580778049818313491e+00
2.512322650444684058e+00
2.448837461720909658e+00
2.379070329594274114e+00
2.334010008821994830e+00
2.287444692440491423e+00
2.252202481640754428e+00
2.221207675370582280e+00
2.204969490462339365e+00
2.153942058919582792e+00
2.136755499789163792e+00
2.122801310404017983e+00
2.117625598253141561e+00
2.129907602045733483e+00
2.136437397977914543e+00
2.133127709850803910e+00
2.103099589582047457e+00
2.089953032916131548e+00
2.060280145910954985e+00
2.018167145739045765e+00
1.986459360729089241e+00
1.951476510297943889e+00
1.883881399782374899e+00
1.859917805329622809e+00
1.816422461611615802e+00
1.785706521701431626e+00
1.720598579353698199e+00
1.680015778924012437e+00
1.666955158277819038e+00
1.648280683843996286e+00
1.629033737965279727e+00
1.627847712488215137e+00
1.620822442911322270e+00
1.614471566605647723e+00
1.614734504736809129e+00
1.596521632096251864e+00
1.565557957107717613e+00
1.542322206933143036e+00
1.517974894088535365e+00
1.479787576761303569e+00
1.475424351457757410e+00
1.466538808108673209e+00
1.461973539903308250e+00
1.467986310479979295e+00
1.470258823779463597e+00
1.474423835377876912e+00
1.502728756315082848e+00
1.519228976173966572e+00
1.531214948316865332e+00
1.556377995103620293e+00
1.580972305606717754e+00
1.623274594911460866e+00
1.736824046613335781e+00
1.889853930178681196e+00
2.058899450917927254e+00
2.229258738429706455e+00
2.401011931252540421e+00
2.559190151909099598e+00
2.744304517414473565e+00
2.916155318924872120e+00
3.089617146842574158e+00
3.267910813015738825e+00
3.455545739372286818e+00
3.631879578159267652e+00
3.828075131099904382e+00
4.006103363464497136e+00
4.181679489760213642e+00
4.354669673475221714e+00
4.524891376879903504e+00
4.697540828385534439e+00
4.873862886972400332e+00
5.047745201951556737e+00
5.218475760440583144e+00
5.384167410545245502e+00
5.546940206491406400e+00
5.708417629923744130e+00
5.874871943910278560e+00
6.053246345678704898e+00
6.217273975794181951e+00
6.368834011210612545e+00
