2.809493756316132007e+01
2.809493756316132007e+01
2.779033815591864709e+01
2.779033815591864709e+01
2.751506472067707776e+01
2.751506472067707776e+01
2.729540493072516583e+01
2.729540493072516583e+01
2.707099197287731940e+01
2.707099197287731940e+01
2.687172155099805337e+01
2.687172155099805337e+01
2.668858662582654162e+01
2.668858662582654162e+01
2.655933136853988685e+01
2.644884959670659086e+01
2.634676727312840683e+01
2.629443489923854571e+01
2.629318003421733962e+01
2.623369189570098925e+01
2.622492533269323189e+01
2.620156568463526980e+01
2.623229868778042828e+01
2.627061357320936708e+01
2.627566403923682614e+01
2.626661658494228391e+01
2.629699202375002187e+01
2.620059413541925863e+01
2.618547760443285455e+01
2.617343981860199875e+01
2.619100147950564761e+01
2.615555931431084602e+01
2.605682471212888984e+01
2.584582066206796469e+01
2.558800056367466880e+01
2.534221720425192359e+01
2.506975334220860674e+01
2.501363998856701087e+01
2.483393944181568358e+01
2.461103176376510149e+01
2.439714698398506698e+01
2.413978601034451543e+01
2.394063654238145844e+01
2.374132433766332184e+01
2.351853904294627284e+01
2.332111972911481956e+01
2.310718110451339768e+01
2.293674997571136132e+01
2.274508896211262865e+01
2.257664955340315771e+01
2.245409610581797466e+01
2.218594093326091610e+01
2.202672905193992392e+01
2.185930722834545747e+01
2.169297266628321097e+01
2.154261380438723705e+01
2.139082848944530468e+01
2.125061946027229709e+01
2.114304351282209637e+01
2.100771811271071243e+01
2.087530737605872844e+01
2.074680999403718218e+01
2.063182824619971711e+01
2.044421377559301689e+01
2.041594385724711103e+01
2.037550687465278543e+01
2.029468747964435238e+01
2.031197536099272583e+01
2.024804413506529954e+01
2.013525136967913198e+01
1.995495561183185984e+01
1.975558607560137858e+01
1.967490401055634663e+01
1.946433509455283328e+01
1.938570823954744782e+01
1.927679012269026515e+01
1.914613076640608114e+01
1.895808156313999504e+01
1.881932396724686996e+01
1.866393402223932085e+01
1.851120225815949993e+01
1.837776198527257421e+01
1.820572825232842717e+01
1.802134599117874103e+01
1.785469459271607917e+01
1.770213970787609270e+01
1.757660758554391123e+01
1.728965793180288557e+01
1.711020312288426481e+01
1.690773667084459930e+01
1.674127423939115999e+01
1.646390272565155399e+01
1.626469722109366245e+01
1.605282627918641225e+01
1.583567234070700636e+01
1.560089009844406682e+01
1.536719079646672448e+01
1.513841549950032395e+01
1.490499246810869138e+01
1.467282153993446414e+01
1.444271261939656981e+01
1.422210865287672910e+01
1.398644139682180132e+01
1.369455260867895596e+01
1.345128942151777807e+01
1.320059617551059716e+01
1.293323011871601835e+01
1.267110996030452519e+01
1.239697167298480984e+01
1.212205564325905627e+01
1.184428452441336432e+01
1.156839521214980770e+01
1.129029917747749678e+01
1.101260783764595885e+01
1.073982471746390388e+01
1.046996007735220324e+01
1.019351292096156669e+01
9.928991785031113793e+00
9.679078721931183793e+00
9.431333582274644911e+00
9.193304663838651081e+00
8.961387230905655699e+00
8.734068228261065769e+00
8.526437964768584621e+00
8.327186920053971875e+00
8.127715181517809029e+00
7.938649068677479548e+00
7.768103818426054019e+00
7.597709697404861018e+00
7.427839131199958089e+00
7.276950083912335998e+00
7.152467334251259246e+00
7.038564484380824382e+00
6.926076321136532599e+00
6.828611519035796107e+00
6.735402519456791026e+00
6.651519653834977674e+00
6.536856236376934248e+00
6.447478591411684334e+00
6.366245770973907980e+00
6.288423591705321058e+00
6.230051542112935437e+00
6.168760516280443085e+00
6.102859367367575061e+00
6.048872798989304300e+00
6.011411845102617946e+00
5.984820509850276693e+00
5.928888530784394817e+00
5.883653786935806096e+00
5.871614983447212666e+00
5.839557812376604318e+00
5.815983216044664061e+00
5.800161394250750391e+00
5.793118692745551357e+00
5.786558309489905128e+00
5.768932254568593265e+00
5.766852475383547727e+00
5.745694326077146030e+00
5.709370603695678170e+00
5.713687732888018900e+00
5.656741858382268617e+00
5.644053937613925598e+00
5.613343297323631020e+00
5.570554717570676218e+00
5.524704668978721145e+00
5.482861226695941781e+00
5.429156348697212309e+00
5.363002937143139803e+00
5.301283560656905536e+00
5.238383911284085315e+00
5.182544394037861935e+00
5.134345999170744079e+00
5.086569579737687974e+00
5.042386979828730631e+00
5.008623239097442337e+00
4.974459209758467892e+00
4.953515828331887860e+00
4.933694355077133054e+00
4.917594533817283065e+00
4.906415137945405291e+00
4.901204750673826993e+00
4.895360865637645276e+00
4.885556522885323716e+00
4.874732909423279636e+00
4.862769500487701180e+00
4.851808744866293210e+00
4.841056004930116785e+00
4.824636223034218574e+00
4.807181312941118279e+00
4.787590693811392129e+00
4.766004558077924003e+00
4.743732288940410768e+00
4.719004727077415140e+00
4.692580965745854371e+00
4.665198445477663824e+00
4.635472375359245945e+00
4.603985975793008834e+00
4.573736865537252783e+00
4.541620309402581768e+00
4.506667164220488075e+00
4.467692394940936396e+00
4.430043474787961344e+00
4.392610316243779067e+00
4.354236782445795484e+00
4.315073959055865771e+00
4.273329152834364209e+00
4.232040476643621929e+00
4.191549941306522697e+00
4.151399134748253061e+00
4.110337893125095121e+00
4.069369839112148668e+00
4.029366052760611439e+00
3.984689711052507022e+00
3.943156488459329978e+00
3.902335863415018480e+00
3.859299102202065512e+00
3.816426334040837531e+00
3.775796728345547137e+00
3.733300718824509090e+00
3.691393764302507208e+00
3.645521926024784420e+00
3.598931170442650540e+00
3.550935666147339020e+00
3.501718079395157446e+00
3.434597346620691383e+00
3.379940167042867927e+00
3.323350004388387902e+00
3.269941490115368055e+00
3.208425235369677608e+00
3.143316908212334226e+00
3.080313293585348333e+00
3.006312808832241501e+00
2.933393273017539826e+00
2.856986670812283080e+00
2.791846416453310553e+00
2.708042409168090359e+00
2.628462780584648328e+00
2.546356372627435860e+00
2.468411458432900218e+00
2.397959989096531075e+00
2.332033465310232145e+00
2.262725258309476573e+00
2.208389366409107879e+00
2.156292890016022312e+00
2.118180775995675447e+00
2.083991177035272813e+00
2.065078134770512719e+00
2.014680523029060311e+00
1.998457812559529145e+00
1.977960774941223576e+00
1.973306111024843545e+00
1.975197890417661029e+00
1.957116603733179971e+00
1.950635804324605260e+00
1.937170904587297571e+00
1.915817427201897516e+00
1.894883490518317615e+00
1.852821185274219573e+00
1.817075422069979851e+00
1.780240393838777635e+00
1.725123720461958499e+00
1.679209480405447152e+00
1.619290703588784908e+00
1.574878743976789508e+00
1.541604666519955202e+00
1.503707489589338309e+00
1.479224629541995739e+00
1.448690279016364713e+00
1.418930044560028136e+00
1.383395002930701168e+00
1.375890788416317179e+00
1.366449480343103318e+00
1.343079661545392156e+00
1.318737735892316465e+00
1.293395982750705997e+00
1.258840369434683026e+00
1.217310949900003436e+00
1.186285411553402724e+00
1.163959002959561673e+00
1.138240260997381625e+00
1.126306534280697491e+00
1.114113739909591061e+00
1.110413381063068528e+00
1.106463841445378904e+00
1.102272391423117170e+00
1.106045200557183250e+00
1.108214618196257106e+00
1.112251000850871918e+00
1.119556179313153876e+00
1.144695826658267634e+00
1.238379752245744925e+00
1.377319533519830941e+00
1.535324597316648720e+00
1.699422340262501052e+00
1.863693422437808778e+00
2.030211078482597742e+00
2.190783419049214586e+00
2.355292485795057900e+00
2.532245032404986773e+00
2.706045917795730560e+00
2.883821467726118470e+00
3.057940559558748106e+00
3.230432753323988493e+00
3.405039196096044662e+00
3.580597308969480252e+00
3.749875164354318002e+00
3.920705513410144505e+00
4.087058528373880506e+00
4.253358251039060178e+00
4.418249178279129552e+00
4.586117506684470158e+00
4.748101005390338969e+00
4.907645423611459279e+00
5.064233033211895219e+00
5.229169854823595642e+00
5.386986518331912777e+00
5.547023817393260003e+00
5.695981010144762990e+00
