9.214403812970267893e+00
9.214403812970267893e+00
8.801107426305811998e+00
8.801107426305811998e+00
8.425544833573946235e+00
8.425544833573946235e+00
8.096196940445114620e+00
8.096196940445114620e+00
7.780168711760214073e+00
7.780168711760214073e+00
7.476554131184808050e+00
7.476554131184808050e+00
7.206055466740036053e+00
7.206055466740036053e+00
6.970287886642409170e+00
6.811929776171515627e+00
6.622547687804854810e+00
6.480436677966711301e+00
6.456000620260122780e+00
6.274834287636704033e+00
6.055228562103345702e+00
5.829872226289690929e+00
5.613514641772106906e+00
5.312236715621668992e+00
5.073192178365417249e+00
4.826058569449227065e+00
4.578772067962844972e+00
4.207839312938153498e+00
3.939111317965307002e+00
3.660048470943483956e+00
3.369838129738958798e+00
3.086292470714402825e+00
2.811646327896130337e+00
2.618221193085998877e+00
2.394972323567324146e+00
2.279599463496159828e+00
2.318302673028579619e+00
2.144546729684652320e+00
1.977033923795310066e+00
1.812020908730585411e+00
1.603033656941226681e+00
1.420646821739595111e+00
1.211091404413942918e+00
1.122542293903329380e+00
9.304903776087378731e-01
7.605708209100701112e-01
5.764944103119793439e-01
4.341996448119225249e-01
2.702438497189305622e-01
1.493554297647738949e-01
9.838236739058281444e-02
-2.616498203882322571e-02
-1.521839341584678706e-01
-2.717668347504060833e-01
-3.672405557715121560e-01
-4.708353259585074113e-01
-5.593337745414066475e-01
-6.199729748676592322e-01
-6.667586808973666734e-01
-7.194185925136444837e-01
-7.463474834331762509e-01
-7.549624889859352095e-01
-7.410886238237539558e-01
-7.294215922078270964e-01
-7.520931582961916106e-01
-7.398162410057311789e-01
-7.544131228449240112e-01
-6.915513688437435746e-01
-6.891023767399051536e-01
-9.109121570697480408e-01
-1.593173439142326231e+00
-1.625591280625367396e+00
-1.670946657857330209e+00
-1.712461682036342303e+00
-1.854000989684901235e+00
-2.075679205354545864e+00
-2.186367765083230275e+00
-2.284327973876325579e+00
-2.410556959451325199e+00
-2.515131550738422206e+00
-2.617110923123060040e+00
-2.736603104974998146e+00
-2.834163583098275652e+00
-2.949448958165315382e+00
-3.063582894205190144e+00
-3.167090060972107324e+00
-3.271625505068024076e+00
-3.337595683642464728e+00
-3.436220911065888117e+00
-3.524911371834630991e+00
-3.611962462976713084e+00
-3.688591176837208607e+00
-3.767058145920750611e+00
-3.837475482884435074e+00
-3.909282467875192957e+00
-3.977642878761485257e+00
-4.022882079236652864e+00
-4.087744176428733667e+00
-4.157902910527798035e+00
-4.218788245027572437e+00
-4.282416400832577352e+00
-4.351569838892942244e+00
-4.410621022013055281e+00
-4.473342924264814613e+00
-4.522703268111741615e+00
-4.579075056113293130e+00
-4.626967790808014236e+00
-4.664500131542872019e+00
-4.693289383008155902e+00
-4.706376535282637441e+00
-4.687470770654397434e+00
-4.657417998877828147e+00
-4.606084341096759793e+00
-4.518708345167491203e+00
-4.441074327644316533e+00
-4.410427801183816499e+00
-4.353112216674585255e+00
-4.279514896305681937e+00
-4.195017290562546464e+00
-4.118724658023972474e+00
-4.041511966648627663e+00
-3.962439127129667504e+00
-3.884152732818768605e+00
-3.804672755691997921e+00
-3.725536319360214677e+00
-3.646734669977592880e+00
-3.567064642367702376e+00
-3.498222726186917875e+00
-3.424727564120700229e+00
-3.353363966814661978e+00
-3.286152760424698727e+00
-3.202103668883213849e+00
-3.133103860681859310e+00
-3.048707814307656250e+00
-2.982639212772216553e+00
-2.895121709416729416e+00
-2.836074055882015443e+00
-2.794302303518199082e+00
-2.735875971280933072e+00
-2.675472586768867345e+00
-2.623019146834903559e+00
-2.557634948729924140e+00
-2.535522669450824829e+00
-2.488554562268132209e+00
-2.460853399799129981e+00
-2.422422375055257149e+00
-2.406540357375969386e+00
-2.379821722991874111e+00
-2.342504086199709512e+00
-2.362482324885247564e+00
-2.329516261214200412e+00
-2.309555125724278568e+00
-2.309976036268243327e+00
-2.306539419337006791e+00
-2.330698891261734573e+00
-2.334175055533601828e+00
-2.355074004656024123e+00
-2.345812579268824472e+00
-2.325692777434699821e+00
-2.312391464307462563e+00
-2.295660949276284057e+00
-2.272931882290519567e+00
-2.262075807629833513e+00
-2.199631985885256213e+00
-2.175216533231355776e+00
-2.153677151797829481e+00
-2.115163611763898110e+00
-2.096696424314124840e+00
-2.068337748998348324e+00
-2.035215071109046647e+00
-1.991523985273074615e+00
-1.965710260880200622e+00
-1.935747768548669256e+00
-1.910616179650342694e+00
-1.883163780287314459e+00
-1.868037507894123372e+00
-1.849411314429888264e+00
-1.834798494651333378e+00
-1.823436011261933665e+00
-1.818354564999306255e+00
-1.816241634195248089e+00
-1.810743224563821308e+00
-1.806575286648661738e+00
-1.799035976300672246e+00
-1.791665817416686401e+00
-1.780986240818270616e+00
-1.770491285324305331e+00
-1.756618107270520923e+00
-1.742155338183826174e+00
-1.725263712821910822e+00
-1.709140559266261405e+00
-1.689380762875712705e+00
-1.666205509331785350e+00
-1.641462938106923453e+00
-1.618203754672622452e+00
-1.589739935206885058e+00
-1.558066591082665653e+00
-1.522137376552985089e+00
-1.489303318076085070e+00
-1.444732300297052241e+00
-1.404417329555043281e+00
-1.362366632724636872e+00
-1.317381800848624884e+00
-1.268979442871835950e+00
-1.219115210663721527e+00
-1.166746816934025155e+00
-1.110163913925997115e+00
-1.052390609927625675e+00
-9.904088033405074043e-01
-9.269144334362326987e-01
-8.634732501986759345e-01
-7.961079988642554284e-01
-7.256959258052444461e-01
-6.543800320442216822e-01
-5.801394894905689270e-01
-5.069450826545400801e-01
-4.296008217566988918e-01
-3.498369423518328247e-01
-2.628549121643204423e-01
-1.744677416951891935e-01
-8.382635222584022827e-02
4.972689572131816504e-03
1.001808381743649612e-01
1.918387305123081532e-01
2.896154131221608807e-01
3.909055632752953535e-01
4.943602739270147595e-01
5.979771665172237682e-01
7.043411112735027402e-01
8.073891090751819100e-01
9.110172226011985508e-01
1.024654332187837191e+00
1.141650463686501027e+00
1.240586752805960202e+00
1.350550048353032828e+00
1.465972971567528038e+00
1.572291625130140869e+00
1.686890563209122895e+00
1.788382624128913134e+00
1.903304791254699868e+00
1.988953978785643173e+00
2.075446423004524199e+00
2.151961873770144251e+00
2.211721255373353401e+00
2.247885906349740281e+00
2.299999809794835759e+00
2.347265446133005362e+00
2.376460288705213308e+00
2.389256982766761794e+00
2.406067634999999427e+00
2.419646080814322087e+00
2.420485394812515345e+00
2.430712717205458340e+00
2.477629704458860882e+00
2.502124817341378371e+00
2.542553932658000448e+00
2.587975173436303677e+00
2.642516408705612108e+00
2.695398968335168011e+00
2.750542213957064330e+00
2.807553991940193505e+00
2.827018233469789088e+00
2.913262111070155758e+00
3.012342488605413315e+00
3.102639986614385670e+00
3.193130420226364397e+00
3.336620260860468701e+00
3.442050886803215359e+00
3.590271000043239180e+00
3.766122159173808548e+00
3.934925620787791178e+00
4.056662523011890009e+00
4.263405978396276552e+00
4.435139759986034491e+00
4.599268673412931996e+00
4.803275712560955313e+00
4.967022007649568138e+00
5.187250600934950384e+00
5.406123008993914070e+00
5.618276665977093742e+00
5.842985123753435595e+00
6.080936345550581379e+00
6.329574517909723141e+00
6.579714810670051151e+00
6.845926298275381683e+00
7.113884029395663333e+00
7.383832275388718891e+00
7.655388607991815419e+00
7.930396344257292007e+00
8.234108133660386741e+00
8.505353268546272716e+00
8.766608724482932047e+00
8.997620419890282051e+00
9.246524421101401714e+00
9.480703963602199025e+00
9.692191815949389166e+00
9.922644259127489264e+00
1.009922918701659356e+01
1.032899633813164186e+01
1.053941463307856097e+01
1.076274753682623242e+01
1.097936120493013945e+01
1.119206897230026776e+01
1.139930741445010121e+01
1.160409426535193944e+01
1.180989152477131654e+01
1.201304719192373938e+01
1.221688651710844198e+01
1.241258213612147543e+01
1.261248249632237517e+01
1.279947145169314027e+01
1.299109037239772135e+01
1.318776205798923584e+01
1.337876877963299549e+01
1.356436688292543380e+01
1.373813148903250969e+01
1.392313002248602416e+01
1.409031354961896376e+01
