9.033275057109017681e+00
9.033275057109017681e+00
8.693143094192320675e+00
8.505777386282177943e+00
8.505777386282177943e+00
8.189108356382856613e+00
8.189108356382856613e+00
7.850324816545106721e+00
7.850324816545106721e+00
7.521351772615203934e+00
7.521351772615203934e+00
7.219547098569596422e+00
7.219547098569596422e+00
6.946135484309881925e+00
6.796243288194132148e+00
6.653904035130279837e+00
6.484854307577623267e+00
6.306377644522838111e+00
6.088453395454404671e+00
5.898968776111173540e+00
5.722732919202258906e+00
5.484438998314570490e+00
5.247855506569249151e+00
4.959826455343573137e+00
4.653288060971409124e+00
4.418120045732305989e+00
4.109259499777245139e+00
3.864876384140364607e+00
3.606945444249960886e+00
3.343362114807280960e+00
3.081930493136225913e+00
2.805164126676133129e+00
2.563006561790698079e+00
2.400906448176241881e+00
2.261454541156512121e+00
2.171285818237658205e+00
2.033162295058226654e+00
1.879976258690996715e+00
1.720862881259066945e+00
1.554955411940577292e+00
1.377695794873515567e+00
1.200063899597783035e+00
1.033760060221029953e+00
9.302762315582562280e-01
7.732041056026544013e-01
6.065722146362784173e-01
4.557649353883794774e-01
3.009236969760902269e-01
1.537147249958055184e-01
9.555354890433509496e-02
-3.299405371797625719e-02
-1.380538964748918573e-01
-2.400125080191450877e-01
-3.279640010432025576e-01
-4.082498240972807224e-01
-4.897856266752222965e-01
-5.486212442628186636e-01
-5.993177782700751521e-01
-6.386776390104067502e-01
-6.696600637273926182e-01
-6.985758799156585042e-01
-7.185295858426687943e-01
-7.126015784725341362e-01
-7.217054779944982457e-01
-7.368826803718384610e-01
-7.274515443358673394e-01
-7.503851446095826105e-01
-7.499057498124415133e-01
-8.119145402771223985e-01
-1.344554564197752100e+00
-1.373601873006669472e+00
-1.440368473082332734e+00
-1.481046572177812770e+00
-1.535379804430172967e+00
-1.597708601012099550e+00
-1.772623322819097957e+00
-2.022890901519352802e+00
-2.118116798834882353e+00
-2.210617906338630867e+00
-2.342352594636804675e+00
-2.439081855689567924e+00
-2.528738855490902715e+00
-2.622780586397161606e+00
-2.741232872973903945e+00
-2.854690393099501122e+00
-2.962078170154166301e+00
-3.087016695001212341e+00
-3.184893237353170647e+00
-3.263889159700140929e+00
-3.374049467311043493e+00
-3.462015571011712645e+00
-3.538307598981124791e+00
-3.595741336565227542e+00
-3.678613384308306422e+00
-3.754862182909233681e+00
-3.820393783950452260e+00
-3.870058939429852352e+00
-3.936199608006772266e+00
-4.006674052410795106e+00
-4.073692361826051211e+00
-4.136986851508256180e+00
-4.197482367594415287e+00
-4.260624800447405214e+00
-4.323364812950381442e+00
-4.379410113384106573e+00
-4.437671506370252317e+00
-4.484211983248489020e+00
-4.524640634408982898e+00
-4.554553539817333352e+00
-4.571693377300042549e+00
-4.557933044862037875e+00
-4.536532213036361227e+00
-4.495693510467048348e+00
-4.408085575799804978e+00
-4.332723844513666656e+00
-4.311522178767451585e+00
-4.258300630065065207e+00
-4.187971436913350054e+00
-4.111021491835396446e+00
-4.032882656980278924e+00
-3.950635412334970731e+00
-3.877528560322729412e+00
-3.793146923643344159e+00
-3.718361700052779106e+00
-3.645919362380015016e+00
-3.574114591150844511e+00
-3.491851660458597628e+00
-3.413656339177358667e+00
-3.352198210986573557e+00
-3.284374064718432962e+00
-3.214081804002002940e+00
-3.139726519489654422e+00
-3.057951748709078821e+00
-2.988826890839288986e+00
-2.892446601947733065e+00
-2.811876706354035527e+00
-2.740423658043943611e+00
-2.698896918021503666e+00
-2.628873065016976263e+00
-2.586903364229351077e+00
-2.522949392000328750e+00
-2.486802440553397275e+00
-2.452851745776754910e+00
-2.428845352140904801e+00
-2.395430486921279467e+00
-2.366456854710467184e+00
-2.336743325691904793e+00
-2.315275971455397652e+00
-2.295560160993177945e+00
-2.289877132944029725e+00
-2.285443497215394970e+00
-2.277093859776858409e+00
-2.260222534918004733e+00
-2.242715837491974007e+00
-2.247971661759436302e+00
-2.257916462870969809e+00
-2.262894823222265650e+00
-2.259627464014419829e+00
-2.227869066290519839e+00
-2.211756857106176533e+00
-2.208398153971966593e+00
-2.187006931235334406e+00
-2.156505013356186495e+00
-2.166549803502064719e+00
-2.131982261903937470e+00
-2.098978709851039071e+00
-2.060920288647622556e+00
-2.026239212922572364e+00
-2.015907071746281254e+00
-1.992110846823803350e+00
-1.958091739735064785e+00
-1.932186300533155432e+00
-1.899287559997029362e+00
-1.873928266026571698e+00
-1.851606900190971849e+00
-1.829731816013124401e+00
-1.810389857538380554e+00
-1.801126633476005878e+00
-1.789981715980890620e+00
-1.780698085897312488e+00
-1.775502185472393357e+00
-1.773100071798094035e+00
-1.769340796820691786e+00
-1.763258705652535951e+00
-1.753682279017915846e+00
-1.746298172042898500e+00
-1.736089637659714136e+00
-1.722479940534840992e+00
-1.707075012106950673e+00
-1.688474578644128421e+00
-1.674656651566987620e+00
-1.655179266638247881e+00
-1.634935799748332919e+00
-1.609449362281511142e+00
-1.584300083313085139e+00
-1.555306126707236558e+00
-1.524831701872277456e+00
-1.493423490478296145e+00
-1.459699238065439886e+00
-1.420204312401846636e+00
-1.380694220885969159e+00
-1.340897226543253495e+00
-1.296910694430206235e+00
-1.250842688029763394e+00
-1.199610855062243076e+00
-1.148150996812822733e+00
-1.093244869670635833e+00
-1.039475798407437424e+00
-9.794314171552738202e-01
-9.173910715059863108e-01
-8.516902458508042173e-01
-7.863480234306621242e-01
-7.170681799907492326e-01
-6.451930857697338872e-01
-5.719189972243978737e-01
-4.972782970964657601e-01
-4.184570098329167820e-01
-3.366975197444155299e-01
-2.567097762038761388e-01
-1.679026425525442789e-01
-8.136140455607687727e-02
6.613408524610786543e-03
1.049923294611443403e-01
2.037003092459555020e-01
3.099273983482970785e-01
4.084029779819777772e-01
5.113214750078873827e-01
6.155782134743308376e-01
7.205639427975811806e-01
8.275878061071195724e-01
9.322271763073470829e-01
1.044676507412380051e+00
1.158166917493042014e+00
1.261019070633045303e+00
1.360547992154946817e+00
1.468243057687981246e+00
1.582426953002240344e+00
1.694326479773984762e+00
1.796616137809664115e+00
1.893347884756696464e+00
1.975558016782296367e+00
2.038392328965185740e+00
2.109481202091906482e+00
2.167919241180645606e+00
2.216696633707111452e+00
2.260386148669221384e+00
2.324598270851886639e+00
2.350017969586589484e+00
2.375504270641070281e+00
2.391049813948935565e+00
2.406612756553991872e+00
2.412678243002240208e+00
2.420973539081078485e+00
2.437237860110074372e+00
2.448692088367698361e+00
2.488996220205779153e+00
2.526621569865177719e+00
2.553482227181947728e+00
2.573901694331271806e+00
2.605355404896833260e+00
2.680013021322764200e+00
2.751909495223527902e+00
2.843211171479775423e+00
2.940982061091573119e+00
3.048174245568699092e+00
3.140476438732299869e+00
3.279988688057485557e+00
3.467865791728781399e+00
3.594601820768236422e+00
3.739092624359324990e+00
3.895676177077137758e+00
4.020670861435859500e+00
4.207368133544944655e+00
4.389318042955847154e+00
4.573097998021862232e+00
4.789404367692123188e+00
4.957763607033133901e+00
5.184001961882857223e+00
5.408124216252371497e+00
5.631564794064784607e+00
5.865789454808703063e+00
6.092519103027046690e+00
6.336824938791011164e+00
6.571493312509110396e+00
6.822652662114817801e+00
7.084467820089939138e+00
7.352433990350262683e+00
7.637348958539211807e+00
7.907820535799958250e+00
8.211838257133919683e+00
8.487116564188472267e+00
8.740008332014308934e+00
8.978251826737473351e+00
9.194786336173834229e+00
9.419307383136974465e+00
9.639866618335888759e+00
9.883818006674914614e+00
1.010205959101513962e+01
1.032175929973193007e+01
1.053945685988171022e+01
1.076344646054441156e+01
1.096967777910025887e+01
1.119002099676220041e+01
1.139863817514920896e+01
1.160142515462660739e+01
1.181442010847138491e+01
1.202629018809699701e+01
1.222961938200049303e+01
1.243580990260874053e+01
1.262947588537385002e+01
1.283044748771019883e+01
1.302447439675798790e+01
1.321301855242217371e+01
1.340322572404632595e+01
1.359031545455877144e+01
1.377512705130701676e+01
1.396516899212323359e+01
1.413802644746133730e+01
