8.605767187467730395e+00
8.605767187467730395e+00
8.259750726901291529e+00
8.259750726901291529e+00
7.951630060642956188e+00
7.951630060642956188e+00
7.638406351035494701e+00
7.638406351035494701e+00
7.322584424647691215e+00
7.322584424647691215e+00
7.047224413358819106e+00
7.047224413358819106e+00
6.786872731728657904e+00
6.786872731728657904e+00
6.507318600977331613e+00
6.375580079201516703e+00
6.210755494073092464e+00
6.052756146895633016e+00
5.805756192850715536e+00
5.585645591792123277e+00
5.376467664358973941e+00
5.144301370071715951e+00
4.920411401901448656e+00
4.651287297787867203e+00
4.411728281361311232e+00
4.124052016037088819e+00
3.882267803400262007e+00
3.680494832845477404e+00
3.429055379776421830e+00
3.170871133231394801e+00
2.891504960869868412e+00
2.625667789273430586e+00
2.413286353889235514e+00
2.197199090393245235e+00
2.059278604452273065e+00
1.935966202335148267e+00
1.800517524278450132e+00
1.745628795958447554e+00
1.616029008942415857e+00
1.473362776370194638e+00
1.319737567341506157e+00
1.160275318159673219e+00
9.924049663529421750e-01
8.265144236617016915e-01
7.203492318940805106e-01
5.712939395592782077e-01
4.297768814533986514e-01
3.051075636959943438e-01
1.658356236170748232e-01
5.240416946432713274e-02
-4.612144962719799679e-02
-1.340403542789694313e-01
-2.297556765078807572e-01
-3.188201674238797523e-01
-3.912370455266760416e-01
-4.634640373603273744e-01
-5.168716741143528637e-01
-5.562426204414308017e-01
-5.929272235521043655e-01
-6.160481573100167196e-01
-6.323331223060764117e-01
-6.304840299506730972e-01
-6.284433877521067302e-01
-6.321331838239485634e-01
-5.872440295829486345e-01
-6.174939327916941778e-01
-6.329959826916962129e-01
-6.399864481283366047e-01
-6.806182278200250124e-01
-6.967440693557866993e-01
-7.306235596029253543e-01
-7.587852187247809965e-01
-8.026483719065833355e-01
-1.356843139358966610e+00
-1.442787364825438345e+00
-1.556406971597041000e+00
-1.720123659495289559e+00
-1.756833412889657886e+00
-1.853090817540623547e+00
-1.937131594112619482e+00
-2.049619106156558956e+00
-2.143515516958627742e+00
-2.227153175900131288e+00
-2.340497176324607409e+00
-2.459840365764939918e+00
-2.611197525821500776e+00
-2.780919429956324684e+00
-2.798368796390652946e+00
-2.893689702371839978e+00
-2.979640574068035619e+00
-3.056297571847795602e+00
-3.135438096659871832e+00
-3.211514438596866583e+00
-3.277594134640835932e+00
-3.353431336541561336e+00
-3.417779472512011196e+00
-3.492061341405669594e+00
-3.564830657343679654e+00
-3.637464464818197740e+00
-3.709711469107086046e+00
-3.779379980833727615e+00
-3.842848526003976417e+00
-3.909176525406023117e+00
-3.982814636423884558e+00
-4.047675947058452905e+00
-4.112115329635614103e+00
-4.170678886284268749e+00
-4.221091764265215041e+00
-4.262119772453025313e+00
-4.281765512776896543e+00
-4.290138807794625642e+00
-4.273312967948942998e+00
-4.230967340411590172e+00
-4.147664266378984443e+00
-4.080670219411907773e+00
-4.064600751810333534e+00
-4.018036375742155997e+00
-3.960784515416205132e+00
-3.892735565315057045e+00
-3.822871971466698326e+00
-3.744101169410821939e+00
-3.672998354887566208e+00
-3.607931187561215225e+00
-3.536441521890173689e+00
-3.462134126113631361e+00
-3.397483708873632935e+00
-3.322480331386215013e+00
-3.260686079591754272e+00
-3.193253080538554833e+00
-3.124538691895391906e+00
-3.053193888228872055e+00
-2.960811122858864941e+00
-2.916339513640001435e+00
-2.831337509587986467e+00
-2.771412157830520862e+00
-2.697107712040152983e+00
-2.641571926707759310e+00
-2.604960449781684950e+00
-2.550297070656950105e+00
-2.494226654324133818e+00
-2.419337812844909230e+00
-2.383199817905222950e+00
-2.354903564594045484e+00
-2.323292487714492260e+00
-2.289381325595589267e+00
-2.273441566800086910e+00
-2.243288356739578937e+00
-2.231838563140189358e+00
-2.214783545448556268e+00
-2.207492705021337542e+00
-2.194818340851098171e+00
-2.153665081258032465e+00
-2.152255311194600118e+00
-2.167134896537020516e+00
-2.200409839194430894e+00
-2.170793119100679291e+00
-2.167939380607684541e+00
-2.153587148080149838e+00
-2.136619714407660631e+00
-2.118109657175032190e+00
-2.101951095304608330e+00
-2.103578986607564261e+00
-2.095998231187421901e+00
-2.053840695480959155e+00
-2.039589428409572136e+00
-2.011005086299462619e+00
-1.986294745143622364e+00
-1.958837603172349340e+00
-1.928929274023208684e+00
-1.892800423126875131e+00
-1.856851788548433468e+00
-1.839003293417103890e+00
-1.817403983836779702e+00
-1.789297256785091328e+00
-1.761690687091273411e+00
-1.741849144974935371e+00
-1.732397268341583363e+00
-1.719726637356789212e+00
-1.708952102678161111e+00
-1.703126871525714847e+00
-1.701406424499574577e+00
-1.697288847550360025e+00
-1.690256594927463496e+00
-1.684822278783837390e+00
-1.677255313165055384e+00
-1.666879452802570327e+00
-1.660739784429830834e+00
-1.648542892570461937e+00
-1.634776137563144438e+00
-1.619397341928204170e+00
-1.600921916273250645e+00
-1.584279745249826732e+00
-1.562551237800123616e+00
-1.539429252729986430e+00
-1.514173046737174566e+00
-1.488540547076987686e+00
-1.458324838884711205e+00
-1.429340148969415303e+00
-1.397230173913111884e+00
-1.365180109568946420e+00
-1.318019299779675357e+00
-1.277513167638615776e+00
-1.234370455971462999e+00
-1.189905256657271870e+00
-1.141971569856368607e+00
-1.090842388528917795e+00
-1.037601251900697630e+00
-9.827263615131780483e-01
-9.254795398202486645e-01
-8.661041190874509965e-01
-8.034141811969015556e-01
-7.404590799314028082e-01
-6.712734290354096522e-01
-6.025093596455670664e-01
-5.322192093436415306e-01
-4.596084782655771583e-01
-3.854994170728729408e-01
-3.096830821657903243e-01
-2.284205185278302963e-01
-1.414584961963822884e-01
-5.530884313222772519e-02
3.060309996587307069e-02
1.196170485835366115e-01
2.172191625743202792e-01
2.965538102024103395e-01
3.978468757135669165e-01
4.937247445758403686e-01
5.892225490941394028e-01
6.824470751372224697e-01
7.854747499382828124e-01
8.883604624112133585e-01
9.900900281788524993e-01
1.089326013479051891e+00
1.199013616713579866e+00
1.288597482336386602e+00
1.395383650932697561e+00
1.501108631182520137e+00
1.585614411353649666e+00
1.679868377297874860e+00
1.763464025197845952e+00
1.847014056321723885e+00
1.921285691457523148e+00
1.987353285166610917e+00
2.043205563546692360e+00
2.094758435329899804e+00
2.135859558881437081e+00
2.174552943793486737e+00
2.161602629866330894e+00
2.189762997418063684e+00
2.214661025114379456e+00
2.224080554378712549e+00
2.242096309369393747e+00
2.263721329151186623e+00
2.271140897325105712e+00
2.299744187036348197e+00
2.334711757655933084e+00
2.364132836086676459e+00
2.392999634014848720e+00
2.410063404528238085e+00
2.459681048838573858e+00
2.587328203967282469e+00
2.662540131107933306e+00
2.735775442387189393e+00
2.815857961018419342e+00
2.894933775467793513e+00
2.975900322394283926e+00
3.101673270319261544e+00
3.256048640982593501e+00
3.368700050812158509e+00
3.518640418621748811e+00
3.684664744296623162e+00
3.847861525838443875e+00
4.017076553511897075e+00
4.193307829372623807e+00
4.384154815542165906e+00
4.568401795559605461e+00
4.752870451978684407e+00
4.957201782045975946e+00
5.193468192006768014e+00
5.403297619260784224e+00
5.610364370937150902e+00
5.837236165431725965e+00
6.085056971632885947e+00
6.309351784715483191e+00
6.586120562568109627e+00
6.846073322753676749e+00
7.121123128316033224e+00
7.390177075473998158e+00
7.662328363092915318e+00
7.961092876681451713e+00
8.256045080397788283e+00
8.499348910367604759e+00
8.741970495371106153e+00
8.975602114802278209e+00
9.192994295015314066e+00
9.420097544361906827e+00
9.641591349360151497e+00
9.864752727972017965e+00
1.006316913354359777e+01
1.028893831531689251e+01
1.051442071674087586e+01
1.073165758945052772e+01
1.094698199905682401e+01
1.116114389246141769e+01
1.135587944236682389e+01
1.156522533377432538e+01
1.177457487203227515e+01
1.198334573919032664e+01
1.217748017850636089e+01
1.238234393436616010e+01
1.258350439538337717e+01
1.277841910949197413e+01
1.297257278406615910e+01
1.316934437767840649e+01
1.336539786134569852e+01
1.355923043428216701e+01
1.374812623456301530e+01
1.391825477330884375e+01
