9.291601586906800492e+00
9.291601586906800492e+00
8.884101451945655370e+00
8.884101451945655370e+00
8.539919547476594985e+00
8.539919547476594985e+00
8.217785351563716034e+00
8.217785302727023122e+00
7.932454739021651768e+00
7.932454739021651768e+00
7.636070250697946094e+00
7.636070250697946094e+00
7.375774537628141836e+00
7.375774537628141836e+00
7.124573211779350324e+00
6.967901588980290661e+00
6.842250056122464841e+00
6.668795128667404981e+00
6.408225820888192814e+00
6.248413088100699397e+00
6.032759605803217795e+00
5.802642744354000293e+00
5.551608281108736165e+00
5.307362447871877720e+00
5.013337371526042752e+00
4.807828300575174296e+00
4.470182294930202360e+00
4.230584120061122277e+00
3.989299433364686287e+00
3.695076399402322131e+00
3.411741330150280582e+00
3.157686604101690442e+00
2.938000563232809448e+00
2.734473163586970124e+00
2.551646295454706781e+00
2.476779480219579277e+00
2.340599234888453672e+00
2.183515471214032111e+00
2.030372614967465239e+00
1.827455037906447366e+00
1.712192940738860969e+00
1.494673531154042223e+00
1.350262370699865322e+00
1.176058171774593930e+00
1.020793757263030344e+00
8.576770541008578164e-01
6.827986447888862998e-01
5.152885504785915671e-01
4.021847039522770118e-01
2.357689306301482546e-01
1.105524763380065778e-01
-1.320948106885300177e-02
-1.180756588878999480e-01
-2.177202106047610997e-01
-2.892441838413351007e-01
-3.646080857325246782e-01
-4.613971459078909376e-01
-5.538474644186299756e-01
-5.805431233440936367e-01
-6.165512305719849095e-01
-7.105763140042116177e-01
-8.718420791913601420e-01
-9.136843405438535015e-01
-8.933358614780031459e-01
-9.863543397754437336e-01
-1.087073429172159322e+00
-1.193243327746112747e+00
-1.340005777864396563e+00
-1.400655954195420883e+00
-1.482308269578713755e+00
-1.570079165781606001e+00
-1.650651739407627439e+00
-1.750294529064161608e+00
-1.894045718790209776e+00
-1.994882573586396646e+00
-2.101499939705862907e+00
-2.210696573722998437e+00
-2.323152103041949523e+00
-2.442954723982891707e+00
-2.557822853215549586e+00
-2.644774024480222252e+00
-2.756208038540233218e+00
-2.836010361037115679e+00
-2.953294690828823121e+00
-3.051858587164299585e+00
-3.170279707921480394e+00
-3.273385127655824789e+00
-3.352992614270824845e+00
-3.445484593016509223e+00
-3.503801239073212948e+00
-3.593801493421904247e+00
-3.666865939827965271e+00
-3.727762699945200708e+00
-3.797711257565490328e+00
-3.863233525527194345e+00
-3.928117033936473490e+00
-3.986438879269054603e+00
-4.051248326925206200e+00
-4.110078003575204697e+00
-4.170865082661082468e+00
-4.238144742437955692e+00
-4.294772107083181467e+00
-4.344802670371761266e+00
-4.404521026750917834e+00
-4.458003791480114941e+00
-4.507671314623745928e+00
-4.549049041003288885e+00
-4.586768449211303000e+00
-4.615316865678178893e+00
-4.622736668594540355e+00
-4.610290657016579807e+00
-4.586846023469886902e+00
-4.533406081944888477e+00
-4.443257182191223897e+00
-4.364087205996582952e+00
-4.332844351254715676e+00
-4.281881421727162795e+00
-4.198353669762584950e+00
-4.120271824122462512e+00
-4.047367531028210230e+00
-3.947173330303004768e+00
-3.869995988087439720e+00
-3.792759942234670056e+00
-3.713740943947452244e+00
-3.634074025052629331e+00
-3.555002070981530871e+00
-3.473236750866896649e+00
-3.405170144834419155e+00
-3.326062314984209678e+00
-3.254188645790705436e+00
-3.191921811471544856e+00
-3.103373775908368160e+00
-3.045619561617791682e+00
-2.964955709387736782e+00
-2.894133062032212322e+00
-2.818409170130871999e+00
-2.752612612216045918e+00
-2.681548207921948368e+00
-2.606944659569935929e+00
-2.552799855788491890e+00
-2.500623358149279163e+00
-2.436506247249869972e+00
-2.401555172932592797e+00
-2.370876506647617177e+00
-2.354203713419260602e+00
-2.309476820568331590e+00
-2.280127124291366769e+00
-2.252569009679564971e+00
-2.253847606858971453e+00
-2.264694300103755609e+00
-2.261895203177866520e+00
-2.244590609232878009e+00
-2.226042131130665958e+00
-2.228375259927001473e+00
-2.231597714139721411e+00
-2.233859878718760683e+00
-2.225259155026133584e+00
-2.225219393280526425e+00
-2.189732403477035128e+00
-2.186274466013514939e+00
-2.176239953602510546e+00
-2.198762904425670683e+00
-2.160826916235784267e+00
-2.125911496491154296e+00
-2.098767152569804395e+00
-2.066276082005244596e+00
-2.034465413348553575e+00
-2.000711386945753567e+00
-1.964717390479876258e+00
-1.938819705771324564e+00
-1.905269411513910605e+00
-1.875833438677719123e+00
-1.842118655656347137e+00
-1.818105446033201567e+00
-1.791953255591453242e+00
-1.774852385280803801e+00
-1.765126495121164041e+00
-1.752215041663150785e+00
-1.744619430352373435e+00
-1.735989112096085307e+00
-1.731448299434996230e+00
-1.727053289288936533e+00
-1.721643999369319999e+00
-1.714961736232851308e+00
-1.706625090648794973e+00
-1.699196751315242615e+00
-1.686311549351281691e+00
-1.673617305498248164e+00
-1.659563573234010825e+00
-1.642530434707569320e+00
-1.625392541838979632e+00
-1.606911094907906623e+00
-1.585688342623478242e+00
-1.559581624816640755e+00
-1.533954866562731389e+00
-1.505619175447651337e+00
-1.476045517143120378e+00
-1.442658211210927632e+00
-1.408419069133906909e+00
-1.372584743387022854e+00
-1.337399590357309265e+00
-1.296957121923885126e+00
-1.252093905660805362e+00
-1.206734907024038961e+00
-1.158370586284490855e+00
-1.106935482439697083e+00
-1.056870992125214848e+00
-1.001738433980128740e+00
-9.460497411723123307e-01
-8.875867586202312864e-01
-8.231272955319082207e-01
-7.564313233086705779e-01
-6.906963417035427710e-01
-6.213532331992066560e-01
-5.489220399593515154e-01
-4.755773917812726737e-01
-3.966635745152062853e-01
-3.176164774629643972e-01
-2.390162098222323728e-01
-1.520787605629592143e-01
-6.611399432454323488e-02
1.539135166701566249e-02
1.008872261965727546e-01
1.992253326260118307e-01
2.937605804751246552e-01
3.907888109786306075e-01
4.923771203686317932e-01
5.883151126841692502e-01
6.946937388662854929e-01
7.965013594737215818e-01
8.994417101708314100e-01
1.007331878418150417e+00
1.120079376226187584e+00
1.224189268754234838e+00
1.333765599642316779e+00
1.438702881926336552e+00
1.550371842461788496e+00
1.659360837316844250e+00
1.768276729725806629e+00
1.862527567745161150e+00
1.940391577979967863e+00
2.006998084830558859e+00
2.074545315641061372e+00
2.146953536276211771e+00
2.199370820850033326e+00
2.245576208121205397e+00
2.303921705190667524e+00
2.336422810967244246e+00
2.369824485380992662e+00
2.393120635414512254e+00
2.356911319922471826e+00
2.376994417257378700e+00
2.384925603281290218e+00
2.383733734428162165e+00
2.409353672949339220e+00
2.433779572614918951e+00
2.461483110898528004e+00
2.496832040419221244e+00
2.537147462379944152e+00
2.590493429577984230e+00
2.635801702824418946e+00
2.716187196678052640e+00
2.779420691800264187e+00
2.900944049574728734e+00
3.006402858715230941e+00
3.103357857360525163e+00
3.263523045472954465e+00
3.431812300953147599e+00
3.518020620048519564e+00
3.691599961468611912e+00
3.846104003729936327e+00
3.987726655697249711e+00
4.177642173957885063e+00
4.354406498129146819e+00
4.543232139236651257e+00
4.743871789143200068e+00
4.932119910056009360e+00
5.144550891911755741e+00
5.334796394297699251e+00
5.566831726975573602e+00
5.778644555755552581e+00
6.001088630592370521e+00
6.244095948646029015e+00
6.485669139177637099e+00
6.730717467181630553e+00
6.993194015767683069e+00
7.262452435140883900e+00
7.532390025185017990e+00
7.835010078788549492e+00
8.112879414373717069e+00
8.386515475236850037e+00
8.637321808667453027e+00
8.872074015211969922e+00
9.088723263500011029e+00
9.294574440287583172e+00
9.506605472760826459e+00
9.709754757822000926e+00
9.918820767461188126e+00
1.012417256868247861e+01
1.033759093115184591e+01
1.054600951004897880e+01
1.074386693901733736e+01
1.095694051789587320e+01
1.115775574774982104e+01
1.135475133603892317e+01
1.155294855518957320e+01
1.175530035696823816e+01
1.195334695026536487e+01
1.215161012587708811e+01
1.234000234172818367e+01
1.252822657557346986e+01
1.271197315748137768e+01
1.289689345520773855e+01
1.308600957909019513e+01
1.325492531252607620e+01
1.343516803205042365e+01
1.361435837063613796e+01
1.377608102431964632e+01
